0 0.598969 0.480626 0.0293878 0.0454049 0.697646
0 0.515411 0.594842 0.185459 0.0906085 0.557428
0 0.119093 0.0137472 0.0468229 0.0274944 0.510368
0 0.30794 0.728617 0.0157179 0.0232758 0.125987
0 0.548119 0.616359 0.219685 0.124529 0.117438
0 0.515756 0.597017 0.221146 0.144822 0.0973715
0 0.990654 0.126264 0.0110271 0.0176395 0.0945752
0 0.601574 0.447686 0.0175306 0.0164492 0.0829776
0 0.600497 0.452628 0.0183733 0.0312113 0.0810816
0 0.120249 0.0193521 0.053393 0.0387042 0.0603831
0 0.0933299 0.0578265 0.0132194 0.015952 0.0463492
0 0.357798 0.448913 0.0335 0.068135 0.0428278
0 0.280047 0.323672 0.0317834 0.0550805 0.0400901
0 0.478367 0.59119 0.111962 0.081673 0.0384306
0 0.558311 0.597196 0.232623 0.067848 0.0378188
0 0.480254 0.373446 0.116065 0.0400613 0.0372772
0 0.23428 0.251737 0.0195838 0.0355013 0.0312849
0 0.447632 0.371979 0.175329 0.0400052 0.0296411
0 0.206543 0.591416 0.0162125 0.0199344 0.0241143
0 0.598698 0.490031 0.0254277 0.0389765 0.0239196
0 0.592728 0.481001 0.0263803 0.0489708 0.0196344
0 0.422367 0.368308 0.22775 0.0602182 0.01951
0 0.231409 0.242406 0.0151855 0.0165402 0.0153344
0 0.492811 0.37513 0.0768761 0.0352139 0.0138649
0 0.507836 0.5934 0.0937571 0.0806573 0.0138144
0 0.192744 0.164464 0.0175478 0.0369503 0.0135565
0 0.599921 0.479492 0.0446454 0.0588766 0.0133128
0 0.237007 0.256294 0.0244843 0.04849 0.0120278
0 0.204687 0.590796 0.0210593 0.027023 0.0118903
0 0.559222 0.608376 0.169384 0.084796 0.0115622
0 0.536991 0.582436 0.247939 0.0936496 0.0113889
0 0.316175 0.357759 0.0398544 0.0368104 0.0112424
0 0.557178 0.648159 0.184842 0.137497 0.0111094
0 0.398784 0.539038 0.013588 0.0330016 0.0109948
0 0.989804 0.12354 0.0144966 0.0175794 0.0108952
0 0.288577 0.330071 0.0367576 0.0586276 0.010874
0 0.127002 0.0207905 0.0406819 0.0393954 0.010229
0 0.363786 0.454567 0.0294986 0.0620152 0.0100159
0 0.278104 0.308623 0.030011 0.035723 0.00937295
0 0.396555 0.53315 0.0163101 0.0465332 0.00879941
0 0.307227 0.728433 0.0205416 0.0304972 0.0085012
0 0.0861902 0.651023 0.0635102 0.042945 0.00822799
0 0.35908 0.461843 0.0238589 0.0418705 0.00784311
0 0.419803 0.389574 0.22884 0.110191 0.00783922
0 0.500902 0.377034 0.0686661 0.0249382 0.0076615
0 0.991168 0.512444 0.0100161 0.0358515 0.00764929
0 0.242848 0.265816 0.0271562 0.0550749 0.00738196
0 0.31362 0.357297 0.0261731 0.0311877 0.00698479
0 0.0954403 0.0577739 0.0180575 0.0195527 0.00697201
0 0.228292 0.254246 0.0207089 0.0329362 0.00694495
0 0.607953 0.479607 0.037946 0.0484947 0.0068952
0 0.119835 0.00786551 0.0400124 0.015731 0.00682863
0 0.990113 0.506412 0.00923386 0.0354302 0.00673285
0 0.990044 0.129685 0.0152479 0.0259792 0.00659295
0 0.993905 0.506824 0.00734539 0.0326643 0.00640334
0 0.247542 0.279345 0.0293959 0.0527502 0.00639859
0 0.309715 0.732732 0.0174789 0.0258893 0.00633429
0 0.310376 0.364362 0.0249317 0.0380881 0.00629976
0 0.431474 0.425078 0.204411 0.171664 0.00629716
0 0.390754 0.519048 0.0304461 0.0706958 0.00621328
0 0.994258 0.511917 0.00920372 0.0332087 0.00611368
0 0.351266 0.443518 0.0275605 0.0594517 0.00600196
0 0.113709 0.0319287 0.0738238 0.0638573 0.00588244
0 0.35595 0.443832 0.049641 0.0815376 0.00586155
0 0.311679 0.373994 0.0289812 0.0534573 0.0058457
0 0.234835 0.244219 0.0183471 0.0237806 0.00576462
0 0.302362 0.341839 0.0430267 0.056549 0.00571146
0 0.0844849 0.658861 0.0780643 0.0514722 0.00560874
0 0.275267 0.316614 0.0237359 0.0447248 0.00526099
0 0.592548 0.472919 0.0350348 0.0614032 0.00518815
0 0.364022 0.463488 0.0227663 0.0484107 0.00493096
0 0.187536 0.156969 0.0207389 0.0420189 0.00484047
0 0.108967 0.0121879 0.0409733 0.0243758 0.00482704
0 0.236605 0.25773 0.0324024 0.0648691 0.00460546
0 0.369706 0.461885 0.0309836 0.0654877 0.00446821
0 0.283826 0.337594 0.0265686 0.0442339 0.00441198
0 0.0130414 0.0741491 0.0135373 0.0106243 0.00433384
0 0.256701 0.288849 0.0225905 0.0337188 0.00418963
0 0.419281 0.364912 0.246459 0.0981296 0.00413442
0 0.252287 0.28732 0.0304371 0.053455 0.00403804
0 0.351333 0.455509 0.0242314 0.0462859 0.00402259
0 0.591047 0.486941 0.0388249 0.0543777 0.00401034
0 0.193384 0.164924 0.028491 0.0424352 0.00394492
0 0.459276 0.592427 0.0648181 0.0793886 0.00388018
0 0.291616 0.332874 0.0562517 0.072734 0.00371655
0 0.252206 0.283736 0.0220798 0.0412153 0.00364843
0 0.99258 0.514097 0.0144531 0.0505327 0.00360235
0 0.512156 0.380962 0.0656052 0.0325732 0.00357318
0 0.356016 0.430287 0.0409685 0.065696 0.00355979
0 0.0391048 0.535664 0.0468432 0.0878945 0.00352967
0 0.319407 0.358839 0.0415043 0.0559417 0.00344712
0 0.276189 0.329487 0.0229122 0.043188 0.00339546
0 0.984356 0.503984 0.0155542 0.0445942 0.00339082
0 0.989005 0.125087 0.0219898 0.0277236 0.00338432
0 0.300726 0.378297 0.0203571 0.030849 0.00337714
0 0.183502 0.464162 0.017692 0.0178332 0.0032901
0 0.127576 0.0290476 0.0474768 0.0580951 0.00328841
0 0.594436 0.604986 0.164414 0.0682169 0.00327418
0 0.395149 0.529483 0.0270687 0.0547519 0.00323722
0 0.205403 0.592023 0.0112044 0.0151174 0.0031773
0 0.99442 0.505258 0.0111592 0.0419128 0.00308666
0 0.401056 0.532234 0.0169784 0.0419472 0.00304945
0 0.306373 0.379091 0.0221564 0.0355675 0.0030158
0 0.125266 0.0112338 0.0487061 0.0224675 0.00299474
0 0.422095 0.366419 0.169823 0.0462922 0.00292791
0 0.196872 0.173334 0.0187455 0.0398699 0.0029198
0 0.397815 0.548192 0.0128993 0.0300683 0.00286531
0 0.348253 0.433178 0.0287857 0.0550786 0.00280231
0 0.600253 0.493735 0.0293014 0.0609572 0.00271915
0 0.385767 0.508704 0.0289335 0.0596635 0.00269528
0 0.413689 0.359411 0.265584 0.186555 0.00266158
0 0.22987 0.246473 0.0203129 0.0319353 0.00263395
0 0.0981319 0.0484561 0.0209794 0.0291169 0.00263267
0 0.99171 0.135533 0.0148901 0.0323347 0.00257974
0 0.98862 0.498481 0.0131308 0.0436987 0.00255734
0 0.136204 0.0153275 0.0230869 0.0266524 0.0025333
0 0.600073 0.486781 0.0694729 0.113559 0.0024938
0 0.247535 0.27737 0.0376077 0.0766974 0.00244193
0 0.182657 0.464916 0.027849 0.0255729 0.00243917
0 0.498762 0.380056 0.0855614 0.0517333 0.00240672
0 0.466392 0.607739 0.0737833 0.0859033 0.00237514
0 0.136988 0.00985831 0.0308048 0.0197166 0.00234989
0 0.351015 0.463777 0.0209816 0.0367426 0.00228385
0 0.210085 0.591767 0.0119187 0.0128134 0.00227855
0 0.478899 0.369754 0.0588981 0.0413546 0.00223044
0 0.989332 0.501829 0.0198748 0.0420204 0.0022027
0 0.205053 0.593972 0.0143776 0.0350252 0.00219333
0 0.133207 0.0421353 0.0318308 0.0448035 0.00213998
0 0.0953351 0.0542596 0.0145472 0.0186401 0.00207494
0 0.349187 0.431008 0.0594882 0.0836077 0.00206292
0 0.993175 0.499014 0.00693359 0.041637 0.00205056
0 0.0147883 0.0761334 0.0132698 0.00898899 0.00204757
0 0.137224 0.0518115 0.029469 0.0525031 0.00203988
0 0.987885 0.514063 0.024231 0.0710966 0.00200142
0 0.0993456 0.0746127 0.198691 0.149225 0.00198657
0 0.380404 0.439453 0.104459 0.144661 0.00195816
0 0.297049 0.354098 0.0317148 0.0547371 0.00195563
0 0.388587 0.527551 0.0212342 0.0427698 0.00194651
0 0.901148 0.0598749 0.0111973 0.0095363 0.00192428
0 0.264706 0.296364 0.0236255 0.0349135 0.00187511
0 0.209489 0.592824 0.021216 0.0305578 0.00184802
0 0.191197 0.159419 0.0297999 0.0684803 0.001827
0 0.521738 0.622049 0.141112 0.13919 0.00181032
0 0.324879 0.384682 0.0487351 0.0808705 0.00180187
0 0.368924 0.444106 0.0489014 0.0939973 0.00177944
0 0.357246 0.445793 0.0735256 0.150775 0.00175132
0 0.581763 0.483746 0.0457346 0.0558657 0.00172651
0 0.27983 0.302303 0.0247598 0.0373311 0.00171367
0 0.339698 0.420667 0.044814 0.0639189 0.00170854
0 0.0664321 0.654104 0.0754211 0.0571292 0.00166759
0 0.579491 0.593739 0.156303 0.0544801 0.00166173
0 0.284684 0.349932 0.0201908 0.0322668 0.00160227
0 0.276125 0.339738 0.020996 0.0325306 0.00158135
0 0.307262 0.732935 0.0283206 0.061276 0.00158082
0 0.40157 0.523091 0.0266803 0.0555305 0.00156202
0 0.382174 0.49143 0.0422968 0.0992969 0.00155261
0 0.360518 0.473525 0.0218764 0.0391559 0.00155135
0 0.314714 0.736127 0.0180702 0.0275384 0.00154828
0 0.22834 0.263418 0.0238975 0.0408813 0.00153199
0 0.325227 0.345948 0.0551331 0.0498403 0.00151687
0 0.44846 0.582679 0.0503805 0.0579976 0.00150175
0 0.984697 0.516036 0.0160088 0.0438068 0.0014995
0 0.0142032 0.075069 0.0198224 0.0152088 0.00149695
0 0.12907 0.0418251 0.0777107 0.0836503 0.00148298
0 0.597896 0.454327 0.0313066 0.0591119 0.00147962
0 0.128194 0.00663007 0.0370543 0.0132601 0.00147615
0 0.308138 0.386819 0.0204761 0.0300319 0.00146948
0 0.264053 0.00788895 0.010316 0.0130084 0.00145155
0 0.261864 0.00642242 0.0155839 0.0120791 0.00142687
0 0.987924 0.515114 0.012718 0.0300488 0.00141208
0 0.591739 0.457611 0.0301327 0.0485989 0.00140487
0 0.299366 0.367392 0.0221425 0.0353234 0.00140128
0 0.984674 0.971443 0.0306521 0.0544077 0.0014
0 0.184421 0.14602 0.022528 0.0391647 0.00139486
0 0.461101 0.578158 0.0764637 0.0557828 0.00139481
0 0.102392 0.0151117 0.0209053 0.0296936 0.00139142
0 0.238584 0.274814 0.0267549 0.0405504 0.00138444
0 0.473675 0.371586 0.141476 0.0856248 0.00137729
0 0.186828 0.154642 0.0310288 0.0509458 0.00136636
0 0.363595 0.469451 0.0506154 0.0906984 0.00135071
0 0.413757 0.227262 0.0121614 0.0195198 0.00134398
0 0.0417716 0.516441 0.0438626 0.0961339 0.0013386
0 0.20693 0.191263 0.0181065 0.0357106 0.00132954
0 0.98933 0.524787 0.0108234 0.049879 0.00131057
0 0.102862 0.00996433 0.0242432 0.0199287 0.00130561
0 0.185333 0.468122 0.0194263 0.0194049 0.00130481
0 0.301137 0.387462 0.0218104 0.0296322 0.00130199
0 0.261417 0.301305 0.0197527 0.0350873 0.00130077
0 0.339182 0.437511 0.0236376 0.0355851 0.00129745
0 0.181646 0.158289 0.0287592 0.040075 0.00129444
0 0.484506 0.388741 0.135127 0.0888725 0.00127529
0 0.0984162 0.0465833 0.0315108 0.0333328 0.00127217
0 0.989976 0.130825 0.0200487 0.0424965 0.00125333
0 0.616679 0.470032 0.0496923 0.0652661 0.00124947
0 0.295738 0.340323 0.0850687 0.149926 0.00123809
0 0.328581 0.344655 0.0404568 0.0373254 0.00120436
0 0.0535882 0.534354 0.034637 0.0865109 0.00119295
0 0.397291 0.547271 0.0217333 0.0329667 0.00115828
0 0.324093 0.415366 0.0235621 0.0341057 0.00115777
0 0.608252 0.591324 0.12431 0.0475467 0.00115095
0 0.37884 0.466009 0.0313501 0.0646849 0.00115092
0 0.336578 0.42903 0.0240431 0.0380081 0.00114906
0 0.294491 0.352127 0.0246844 0.0398088 0.0011399
0 0.553925 0.670445 0.221891 0.21432 0.00113425
0 0.362586 0.471233 0.0322539 0.054255 0.00113167
0 0.139525 0.0543084 0.0388234 0.0682644 0.00111474
0 0.209917 0.201099 0.0218649 0.0353513 0.00111372
0 0.2253 0.231766 0.0189275 0.0326377 0.00110709
0 0.449455 0.602051 0.0498505 0.0651882 0.00110506
0 0.46182 0.566091 0.242275 0.203079 0.00108146
0 0.326831 0.427345 0.0221159 0.0321411 0.00107744
0 0.560604 0.582802 0.153736 0.058338 0.00105323
0 0.323002 0.412773 0.0307053 0.0470816 0.0010335
0 0.383663 0.491917 0.0358175 0.0570769 0.0010253
0 0.389814 0.497771 0.0645415 0.106085 0.00102385
0 0.0669577 0.759042 0.133142 0.127381 0.00101781
0 0.574273 0.505097 0.139067 0.163606 0.00100833
