0 0.492233 0.46132 0.0488398 0.149688 0.59758
0 0.515612 0.593122 0.0157076 0.0331794 0.128224
0 0.488707 0.5809 0.0664298 0.067658 0.0460709
0 0.508717 0.588878 0.0311728 0.0407112 0.0404965
0 0.0476183 0.445689 0.0645554 0.0696219 0.0377643
0 0.494866 0.437705 0.0638927 0.201828 0.0353043
0 0.437373 0.509089 0.0749491 0.0534441 0.0348432
0 0.485155 0.590835 0.0522353 0.0458573 0.0304234
0 0.453973 0.493905 0.0717553 0.0783984 0.0265374
0 0.242359 0.364894 0.0196214 0.0462465 0.0238196
0 0.494923 0.453 0.170678 0.248632 0.0207423
0 0.516016 0.593104 0.0254659 0.0375609 0.0192589
0 0.221088 0.0104625 0.0144353 0.0136071 0.0174144
0 0.422258 0.181123 0.0739164 0.142436 0.0173889
0 0.454263 0.516902 0.0730582 0.0575773 0.0144498
0 0.481526 0.480669 0.0514812 0.101125 0.0135628
0 0.490271 0.463919 0.0473994 0.0713644 0.0127838
0 0.509072 0.584407 0.0400595 0.0571866 0.0126096
0 0.361658 0.0585141 0.0743728 0.117028 0.0115837
0 0.201024 0.353213 0.0146294 0.0195384 0.0110361
0 0.486893 0.582911 0.0887102 0.0949115 0.0102234
0 0.485296 0.600906 0.0540681 0.028814 0.0102213
0 0.454242 0.61546 0.0282431 0.0170461 0.00981038
0 0.501053 0.574445 0.0528623 0.0770344 0.00960224
0 0.455384 0.488046 0.0966395 0.131055 0.0076492
0 0.488631 0.489038 0.0344625 0.097952 0.00632263
0 0.659163 0.240622 0.279428 0.191532 0.00630173
0 0.516407 0.660882 0.066574 0.0734279 0.00568392
0 0.514326 0.405361 0.1186 0.297366 0.00564346
0 0.486718 0.573507 0.0473095 0.0660899 0.00467984
0 0.291956 0.0602783 0.0315897 0.0327737 0.00462507
0 0.517657 0.594031 0.0302909 0.0538515 0.00444491
0 0.545563 0.667867 0.0188244 0.0523734 0.00433355
0 0.99027 0.582416 0.0146885 0.0399075 0.00432804
0 0.432795 0.509821 0.103522 0.104595 0.00405826
0 0.00865385 0.0392881 0.00992969 0.0237419 0.00398247
0 0.743433 0.176971 0.0699012 0.0423963 0.00393088
0 0.987108 0.581451 0.0165731 0.0500712 0.00392543
0 0.453785 0.618549 0.0384085 0.0177898 0.00370217
0 0.511501 0.643773 0.0716116 0.0662125 0.00358691
0 0.46194 0.613417 0.0462218 0.033405 0.00356758
0 0.481194 0.500512 0.0331147 0.0604221 0.00350923
0 0.047733 0.43932 0.0790636 0.0983659 0.00348411
0 0.486523 0.47852 0.0455682 0.0713928 0.00340075
0 0.00621887 0.0407864 0.0124377 0.0260977 0.00339711
0 0.648155 0.301836 0.410676 0.394165 0.00338146
0 0.496245 0.452731 0.0500077 0.0713767 0.00330453
0 0.53121 0.661489 0.0530589 0.0610642 0.00329357
0 0.484483 0.420211 0.107654 0.263808 0.00324112
0 0.0628208 0.131621 0.0284468 0.0506931 0.00318711
0 0.0426765 0.433657 0.0571051 0.0471358 0.00316877
0 0.380896 0.145919 0.176012 0.285553 0.00304179
0 0.459118 0.533598 0.0895556 0.120047 0.00294962
0 0.984053 0.590466 0.0201822 0.0562237 0.0028929
0 0.512219 0.597547 0.0207041 0.0423521 0.00288234
0 0.245709 0.535109 0.091436 0.103949 0.00261826
0 0.520426 0.595177 0.0181477 0.0266696 0.00261573
0 0.986024 0.569526 0.0198744 0.0625442 0.0025935
0 0.528102 0.401442 0.182998 0.338055 0.00256703
0 0.751619 0.170723 0.052913 0.0323817 0.00256347
0 0.494677 0.438773 0.0394776 0.125911 0.0024939
0 0.417057 0.187866 0.0889297 0.231438 0.00243991
0 0.403298 0.152809 0.115254 0.24193 0.00231927
0 0.450583 0.491037 0.204793 0.223833 0.00230778
0 0.49322 0.592894 0.208768 0.232344 0.0023046
0 0.690276 0.248272 0.37078 0.243262 0.00228678
0 0.0532035 0.432284 0.0505224 0.0402678 0.00220516
0 0.509546 0.459245 0.0650779 0.158186 0.00219528
0 0.617129 0.637578 0.0159705 0.0359214 0.00216987
0 0.479974 0.446598 0.0668759 0.146922 0.00214307
0 0.989362 0.573134 0.0148819 0.0450609 0.00212772
0 0.965511 0.974688 0.068978 0.0506231 0.00212766
0 0.00831776 0.0370118 0.0166355 0.0195179 0.00204422
0 0.992632 0.582239 0.0136175 0.0492416 0.00203486
0 0.246057 0.367585 0.0281849 0.0351831 0.00198464
0 0.170616 0.506117 0.239624 0.170078 0.00197397
0 0.222346 0.0136038 0.0157867 0.0139834 0.00196318
0 0.99005 0.588706 0.0186613 0.0548707 0.00196099
0 0.472989 0.604849 0.0513541 0.0301167 0.00195959
0 0.404852 0.238333 0.0656038 0.270915 0.0018729
0 0.856307 0.118677 0.0375162 0.0454397 0.00182995
0 0.501106 0.392426 0.083596 0.203657 0.00175731
0 0.576124 0.731854 0.0510232 0.0526163 0.00170442
0 0.581401 0.28134 0.0996099 0.0805732 0.00161919
0 0.347428 0.245334 0.47501 0.483668 0.00157589
0 0.98021 0.34129 0.0249723 0.056779 0.00155801
0 0.976394 0.802546 0.0227329 0.0565699 0.00153377
0 0.0740527 0.451631 0.148105 0.215682 0.00153101
0 0.0606733 0.435551 0.0702269 0.0531604 0.00150901
0 0.548155 0.668526 0.0212084 0.0390172 0.00150702
0 0.9799 0.343701 0.0344065 0.0736678 0.00150472
0 0.99068 0.574272 0.0186407 0.0682255 0.00150124
0 0.547889 0.661975 0.0297596 0.058989 0.00147769
0 0.243401 0.367521 0.033017 0.0585877 0.00146412
0 0.972116 0.915486 0.0557679 0.0779736 0.00144933
0 0.424687 0.505948 0.0455652 0.0448506 0.00144581
0 0.977966 0.813414 0.0196676 0.0452888 0.00140655
0 0.490293 0.397878 0.066643 0.159464 0.00140525
0 0.531482 0.651749 0.069504 0.0824876 0.00138315
0 0.980063 0.804535 0.0139925 0.0465839 0.00137116
0 0.480469 0.513497 0.0273085 0.0484326 0.00135296
0 0.54729 0.673377 0.0148716 0.0321787 0.00130807
0 0.47751 0.459996 0.0445428 0.113492 0.00130561
0 0.979969 0.0933915 0.0395985 0.0430622 0.00128382
0 0.403629 0.502797 0.306982 0.274221 0.0012741
0 0.503645 0.260812 0.521194 0.521625 0.00126723
0 0.495179 0.561233 0.0476397 0.072182 0.00125976
0 0.0904806 0.31758 0.0298481 0.0244725 0.00123628
0 0.524142 0.446297 0.0949411 0.189046 0.00123251
0 0.463078 0.41186 0.25288 0.31491 0.00120598
0 0.247022 0.241704 0.412404 0.452349 0.00119542
0 0.62413 0.696547 0.0123176 0.0201931 0.00118444
0 0.513003 0.474855 0.0877305 0.198654 0.00118416
0 0.508502 0.642028 0.108712 0.123363 0.00115442
0 0.0719781 0.444641 0.093349 0.0736601 0.0011433
0 0.393308 0.18307 0.0283616 0.0983886 0.00109049
0 0.981748 0.814317 0.0131287 0.0370985 0.00107459
0 0.974354 0.963606 0.0512917 0.0727876 0.00106959
0 0.0165447 0.0625793 0.0136821 0.0218453 0.00105931
0 0.397084 0.19487 0.219433 0.358396 0.00105772
0 0.309726 0.152054 0.5315 0.304108 0.00105392
0 0.991801 0.571828 0.00929813 0.0388894 0.00103659
0 0.981315 0.815901 0.0373694 0.0714321 0.00102471
0 0.984924 0.803527 0.0223459 0.0487425 0.00101991
