0 0.520646 0.53554 0.12987 0.0815563 0.701106
0 0.363635 0.0460133 0.0437915 0.0920267 0.672838
0 0.510393 0.444867 0.0635537 0.0479424 0.652109
0 0.803418 0.0749427 0.0263073 0.0425648 0.326351
0 0.353323 0.040325 0.0425047 0.08065 0.317235
0 0.537279 0.171311 0.0245249 0.057987 0.177834
0 0.697184 0.0200765 0.0359849 0.0318409 0.159917
0 0.357382 0.033376 0.0297016 0.0667521 0.154759
0 0.360674 0.0516898 0.0661623 0.10338 0.123201
0 0.456908 0.259619 0.0382461 0.173205 0.118007
0 0.446263 0.253843 0.0595425 0.192568 0.101662
0 0.508739 0.452967 0.0841543 0.0981004 0.0874007
0 0.508831 0.517053 0.170822 0.149704 0.0683897
0 0.342869 0.0292089 0.0387496 0.0570858 0.067052
0 0.334967 0.0295311 0.0319439 0.0507614 0.0625573
0 0.350812 0.0233494 0.0178763 0.0439939 0.0567063
0 0.808366 0.0704081 0.0255331 0.0428938 0.0534493
0 0.510556 0.433527 0.057413 0.0534894 0.0426488
0 0.240385 0.742486 0.0470426 0.103085 0.0398443
0 0.485719 0.535129 0.0812582 0.0884999 0.0382702
0 0.464232 0.28399 0.0297174 0.116533 0.0377142
0 0.516731 0.556291 0.111264 0.105822 0.029679
0 0.541316 0.167838 0.032665 0.078015 0.027806
0 0.448323 0.28569 0.0506242 0.117242 0.026278
0 0.371358 0.0448426 0.0486157 0.0719998 0.025011
0 0.835179 0.027036 0.0192802 0.0434011 0.0246786
0 0.343161 0.0461629 0.0502794 0.0923257 0.0222761
0 0.495595 0.447777 0.0803927 0.0637989 0.0197982
0 0.4292 0.857418 0.0251108 0.0429523 0.0175923
0 0.458427 0.306662 0.0306376 0.0675778 0.0171911
0 0.460625 0.218301 0.0279723 0.0986449 0.017164
0 0.702917 0.0157695 0.0365439 0.0297909 0.017088
0 0.514961 0.494322 0.120912 0.133423 0.0170332
0 0.696429 0.0236697 0.0402365 0.0473394 0.0169324
0 0.411248 0.342316 0.0357572 0.0382018 0.0168147
0 0.348445 0.0729953 0.174221 0.145991 0.0167747
0 0.828726 0.0413934 0.0317158 0.0677487 0.0165065
0 0.504932 0.839096 0.0221139 0.0123129 0.0160843
0 0.565114 0.13094 0.0980447 0.186063 0.0160183
0 0.356841 0.0608644 0.0321895 0.0689482 0.015545
0 0.533686 0.182649 0.0373353 0.0697828 0.0153239
0 0.48206 0.283365 0.0289362 0.116105 0.01513
0 0.463136 0.206909 0.0243374 0.07062 0.0148939
0 0.473113 0.537002 0.0444263 0.0657713 0.0147486
0 0.493989 0.451481 0.179938 0.244026 0.0140601
0 0.355541 0.0151699 0.0169623 0.0283286 0.0137557
0 0.379666 0.0443479 0.0754337 0.0886958 0.0132862
0 0.483874 0.317921 0.0179891 0.0492177 0.0130988
0 0.519992 0.526546 0.0926366 0.086325 0.0129266
0 0.364534 0.0239307 0.0364751 0.0439245 0.0127252
0 0.438605 0.233184 0.0995375 0.203375 0.0120698
0 0.364214 0.155849 0.0423561 0.0664871 0.012036
0 0.477644 0.271349 0.0382893 0.152832 0.0115746
0 0.442874 0.249931 0.176127 0.261438 0.011485
0 0.411334 0.191497 0.117464 0.140167 0.0110985
0 0.436117 0.287944 0.0610953 0.130546 0.0110582
0 0.466776 0.253198 0.0705534 0.212101 0.0106315
0 0.471205 0.969696 0.0381289 0.0389305 0.0106102
0 0.448953 0.918951 0.0302461 0.0380013 0.0102942
0 0.519609 0.451983 0.0810199 0.0575294 0.00997794
0 0.472801 0.552027 0.0398751 0.0454192 0.00960219
0 0.49446 0.522694 0.106978 0.0756163 0.00948824
0 0.523542 0.438313 0.0686925 0.0455232 0.00915098
0 0.458356 0.949241 0.0201415 0.0340988 0.00873121
0 0.567631 0.100701 0.115832 0.122153 0.00827776
0 0.469586 0.272674 0.0282994 0.149834 0.00825998
0 0.474952 0.504713 0.1214 0.136527 0.0082519
0 0.947172 0.614478 0.0233446 0.0185447 0.00818122
0 0.551785 0.145382 0.0758906 0.143549 0.00800153
0 0.378169 0.157991 0.0677865 0.0770279 0.00793637
0 0.449481 0.306008 0.0450416 0.0764274 0.00785123
0 0.555616 0.0847438 0.0909454 0.0778547 0.0077282
0 0.480302 0.520504 0.0628488 0.0625386 0.00761836
0 0.449094 0.216829 0.0608678 0.122472 0.007398
0 0.337525 0.0504231 0.0331332 0.0962219 0.00725823
0 0.540356 0.180874 0.0267267 0.0633388 0.00725821
0 0.757484 0.0543089 0.033209 0.0168584 0.00711335
0 0.507849 0.429755 0.0747153 0.0816377 0.00702189
0 0.427497 0.258782 0.0824817 0.147059 0.00675584
0 0.471761 0.245114 0.0353376 0.184238 0.00649197
0 0.462952 0.295235 0.0222419 0.0871003 0.00632229
0 0.414749 0.35301 0.0320392 0.044047 0.0061733
0 0.834675 0.0291897 0.0277273 0.0570782 0.00608152
0 0.430063 0.847344 0.027081 0.0310476 0.00601309
0 0.376413 0.0200223 0.0268638 0.039341 0.00545854
0 0.803298 0.0687327 0.0536783 0.0665879 0.00544342
0 0.494014 0.395488 0.0513127 0.059858 0.00535769
0 0.496572 0.411497 0.0645782 0.0747412 0.00534984
0 0.481721 0.308932 0.0230597 0.06134 0.00514302
0 0.532688 0.177516 0.0537152 0.0972347 0.0049568
0 0.517256 0.528365 0.0587402 0.0694316 0.00484356
0 0.490575 0.456046 0.106002 0.11915 0.0048311
0 0.690401 0.0245784 0.0238194 0.030933 0.00465845
0 0.409901 0.49057 0.0617484 0.110353 0.00458402
0 0.46201 0.957031 0.0227439 0.0267611 0.00442479
0 0.327946 0.0248512 0.0253309 0.0414017 0.00442213
0 0.466972 0.522457 0.0523862 0.069856 0.00441768
0 0.86979 0.181652 0.0257654 0.0228345 0.00440208
0 0.41113 0.34377 0.0384398 0.0612737 0.00439178
0 0.442753 0.903557 0.0233529 0.0294304 0.00435384
0 0.432569 0.320554 0.0582113 0.0782072 0.00429148
0 0.466005 0.97695 0.0454834 0.0338823 0.00427504
0 0.355648 0.0758836 0.0244964 0.0467251 0.00416565
0 0.480124 0.280659 0.0279534 0.0735142 0.00402226
0 0.443222 0.90627 0.035137 0.0282433 0.00399828
0 0.462413 0.974026 0.0567282 0.0465275 0.00392594
0 0.508535 0.837868 0.0248954 0.0160887 0.00392015
0 0.503541 0.673442 0.0256073 0.031915 0.00388147
0 0.373128 0.0333828 0.0391863 0.0652178 0.00383766
0 0.462723 0.2337 0.0336425 0.141017 0.00367792
0 0.790902 0.228445 0.0161688 0.01217 0.0036595
0 0.919782 0.617921 0.0097826 0.0150142 0.00364728
0 0.46213 0.963223 0.0380043 0.0547161 0.00358544
0 0.46988 0.519643 0.0760772 0.0934266 0.00358093
0 0.461327 0.957819 0.0322102 0.0363464 0.00357797
0 0.415782 0.317353 0.0381474 0.074964 0.00350824
0 0.463663 0.296477 0.0164001 0.0683115 0.00350135
0 0.398032 0.0498482 0.117096 0.0996964 0.00342257
0 0.423393 0.35686 0.0519692 0.0409229 0.00331787
0 0.510927 0.205913 0.0819405 0.196525 0.00325121
0 0.483631 0.324513 0.0199711 0.0315817 0.00319612
0 0.44049 0.986904 0.0280555 0.0261913 0.0031681
0 0.466236 0.541107 0.22227 0.190733 0.00316135
0 0.495168 0.667807 0.025951 0.0581771 0.0031424
0 0.430294 0.864863 0.0365809 0.0647667 0.00313753
0 0.709404 0.01666 0.0557935 0.0326701 0.00310627
0 0.418039 0.307649 0.0402679 0.039248 0.0030617
0 0.545887 0.538311 0.110267 0.0727382 0.00305072
0 0.50979 0.572258 0.18188 0.190433 0.00304462
0 0.988852 0.0596746 0.0198006 0.0567737 0.00299582
0 0.803095 0.0845586 0.0230154 0.0499187 0.00293956
0 0.820054 0.0632674 0.0398926 0.0779255 0.00289891
0 0.408762 0.205184 0.181985 0.24275 0.0028827
0 0.501134 0.70688 0.0183821 0.0392878 0.00287476
0 0.499946 0.684395 0.0260064 0.0653237 0.00286884
0 0.437806 0.990733 0.0197807 0.0185331 0.00284463
0 0.329538 0.0423729 0.0289941 0.0677814 0.00284189
0 0.240811 0.742106 0.0679694 0.120349 0.00281586
0 0.511046 0.842009 0.0274213 0.0236452 0.00274154
0 0.490402 0.284862 0.0273127 0.102029 0.00272616
0 0.388214 0.158789 0.0937076 0.0937034 0.00271877
0 0.462997 0.531752 0.037044 0.0690862 0.00262403
0 0.837236 0.0110068 0.0170486 0.0184921 0.00262149
0 0.469388 0.315436 0.0201039 0.0564087 0.00257476
0 0.352454 0.0111288 0.011642 0.0222577 0.00242533
0 0.499869 0.932153 0.0270465 0.0398355 0.00241841
0 0.458082 0.281676 0.0372188 0.0728732 0.00238288
0 0.584831 0.107675 0.178667 0.18192 0.00236303
0 0.499698 0.690107 0.0203604 0.0491996 0.00234239
0 0.987543 0.0499953 0.0249135 0.0773168 0.00233712
0 0.506139 0.925009 0.0262285 0.0424608 0.00229911
0 0.560466 0.968778 0.0225015 0.0367924 0.00228445
0 0.91712 0.61914 0.015596 0.0193536 0.00226
0 0.482372 0.579291 0.0173159 0.027957 0.00218363
0 0.4594 0.949019 0.03179 0.0370514 0.00217461
0 0.422332 0.291325 0.0579187 0.0925793 0.00216581
0 0.821625 0.0527278 0.0643454 0.0965304 0.00213761
0 0.45632 0.945055 0.0321775 0.0625967 0.00211537
0 0.378438 0.0129564 0.0235907 0.0203748 0.00211164
0 0.556465 0.138824 0.192029 0.23088 0.00209964
0 0.843078 0.0288416 0.0397387 0.0497167 0.0020694
0 0.417647 0.359518 0.0292218 0.0304489 0.00205051
0 0.466282 0.281555 0.0255121 0.0732848 0.00204584
0 0.422292 0.338569 0.0586699 0.0733509 0.0020196
0 0.415441 0.220363 0.0927274 0.125341 0.00200875
0 0.520212 0.206871 0.0611102 0.136099 0.00196078
0 0.739397 0.0357324 0.119207 0.0714647 0.00194853
0 0.503294 0.713997 0.0167971 0.0345456 0.00193692
0 0.459832 0.979971 0.0368525 0.0245878 0.0019276
0 0.536053 0.18676 0.0801991 0.165853 0.00190371
0 0.478329 0.964383 0.0221765 0.0399853 0.00188565
0 0.929933 0.130809 0.140134 0.251431 0.00188038
0 0.712115 0.0209505 0.0753886 0.0419011 0.0018661
0 0.352291 0.00953508 0.0207914 0.0190079 0.00186093
0 0.478176 0.264151 0.0264715 0.121124 0.00185913
0 0.451165 0.932806 0.028258 0.0517424 0.00185375
0 0.464801 0.54298 0.0308995 0.0472419 0.00184006
0 0.544589 0.091692 0.0661008 0.0594448 0.00182963
0 0.468199 0.212114 0.0390038 0.163491 0.00180149
0 0.461171 0.217404 0.0332973 0.0665287 0.00176017
0 0.842768 0.0202595 0.0340626 0.0405191 0.0017492
0 0.949589 0.613083 0.0201538 0.0137526 0.00171028
0 0.503832 0.756928 0.0153574 0.0250573 0.00170229
0 0.460292 0.507314 0.0378723 0.0575395 0.0016997
0 0.464308 0.200211 0.0177506 0.061206 0.00168353
0 0.827546 0.0306459 0.0286079 0.0431932 0.00168081
0 0.52854 0.51508 0.136437 0.0952675 0.00167647
0 0.800941 0.0629938 0.0856513 0.125988 0.00167147
0 0.52791 0.57374 0.116577 0.1657 0.00165442
0 0.529211 0.170289 0.0365793 0.0704643 0.00164003
0 0.451826 0.96856 0.0382924 0.0503632 0.00163683
0 0.484764 0.268791 0.0237554 0.0674932 0.00161497
0 0.407617 0.472894 0.0628005 0.0692163 0.00159049
0 0.485446 0.667873 0.0260316 0.0693852 0.0015706
0 0.474264 0.963531 0.0483381 0.0578993 0.00155307
0 0.251287 0.716691 0.0453327 0.0374266 0.00154085
0 0.474119 0.565134 0.0375496 0.0428268 0.00153972
0 0.511647 0.850304 0.0270708 0.0240135 0.00153259
0 0.520533 0.422479 0.122312 0.149323 0.00152898
0 0.497205 0.678812 0.0215288 0.0469975 0.00151825
0 0.546605 0.168158 0.0250719 0.0587971 0.00150519
0 0.482202 0.398557 0.0948862 0.0960405 0.00149886
0 0.36576 0.0110934 0.0180814 0.0183838 0.00149584
0 0.433905 0.190713 0.0809778 0.082072 0.00149471
0 0.476982 0.63118 0.0178211 0.0428042 0.0014901
0 0.75625 0.0594542 0.0332396 0.0198521 0.00148755
0 0.921263 0.615133 0.014366 0.0181852 0.00146459
0 0.418317 0.296107 0.046348 0.0529735 0.00144565
0 0.975921 0.937178 0.0243599 0.0373852 0.00144544
0 0.930895 0.617531 0.0185179 0.0186676 0.00144154
0 0.981295 0.959274 0.0374105 0.0814526 0.00143883
0 0.393835 0.0585937 0.218965 0.117187 0.00142874
0 0.437172 0.898938 0.0216506 0.0224129 0.00142411
0 0.792424 0.226986 0.0210032 0.0182614 0.001404
0 0.514719 0.60495 0.127444 0.220048 0.00140167
0 0.438558 0.324495 0.0824146 0.138547 0.00138573
0 0.840871 0.00805878 0.022172 0.0161176 0.00138023
0 0.432997 0.490022 0.0812416 0.124164 0.00137316
0 0.507587 0.760724 0.0181854 0.026375 0.00135654
0 0.412311 0.186564 0.108 0.0793304 0.00135571
0 0.8126 0.0615139 0.0315933 0.0694143 0.00132934
0 0.463154 0.552536 0.0367067 0.0404184 0.00131577
0 0.496188 0.549188 0.0849671 0.078432 0.00128901
0 0.446346 0.504531 0.0338338 0.0990304 0.00128417
0 0.783358 0.0802611 0.0724344 0.0695482 0.00128408
0 0.545853 0.101257 0.092349 0.0977225 0.00126772
0 0.560021 0.981145 0.0231436 0.0377094 0.00126666
0 0.499232 0.681164 0.0318734 0.0927603 0.00124724
0 0.411212 0.290764 0.178605 0.225378 0.00124204
0 0.541247 0.148902 0.0253822 0.100341 0.00123972
0 0.565103 0.972072 0.0188862 0.048007 0.00123801
0 0.845009 0.365469 0.0143194 0.025588 0.00122981
0 0.511923 0.83105 0.0245975 0.0155241 0.00122427
0 0.4754 0.578385 0.0313345 0.031346 0.00122006
0 0.937951 0.61671 0.0432726 0.0226929 0.00120957
0 0.394889 0.21796 0.0576895 0.0771571 0.00119538
0 0.905691 0.00782858 0.0194281 0.0110811 0.00119308
0 0.428163 0.866381 0.0246366 0.0292772 0.00118607
0 0.442191 0.509488 0.0631325 0.120311 0.00116656
0 0.412272 0.49866 0.0917514 0.174175 0.00116293
0 0.828567 0.059544 0.0900066 0.119088 0.00115901
0 0.492277 0.662391 0.039465 0.094571 0.00115764
0 0.479095 0.662027 0.0314615 0.0679457 0.00115356
0 0.504094 0.842312 0.0274381 0.0135342 0.00115189
0 0.461144 0.493104 0.0636547 0.0970545 0.00114845
0 0.22602 0.720405 0.0789645 0.0930904 0.00113013
0 0.473372 0.625158 0.0173061 0.0350505 0.00112694
0 0.0359655 0.0855798 0.0719309 0.124774 0.001125
0 0.511197 0.848161 0.0348317 0.0315868 0.00112114
0 0.459536 0.968768 0.0289823 0.0363508 0.00112029
0 0.246027 0.723177 0.0550771 0.0516152 0.00111658
0 0.483753 0.400871 0.0494605 0.0611558 0.00111355
0 0.444888 0.282319 0.0498254 0.0704759 0.00110109
0 0.41168 0.315201 0.0381955 0.0394116 0.00108346
0 0.490656 0.312414 0.0240633 0.0533358 0.00108093
0 0.398947 0.229169 0.0769306 0.090533 0.00106241
0 0.496876 0.207759 0.224376 0.298249 0.00105328
0 0.819634 0.0801556 0.0492062 0.0656592 0.0010437
0 0.881739 0.132916 0.0378634 0.0376213 0.00103434
0 0.48603 0.261242 0.0291937 0.136432 0.00103423
0 0.537108 0.441441 0.103248 0.0516687 0.0010332
0 0.471647 0.630917 0.0152488 0.0312784 0.00102568
0 0.979936 0.937575 0.0140121 0.0283731 0.00102146
0 0.473524 0.636874 0.0190282 0.0394438 0.0010194
0 0.759596 0.0587483 0.0432583 0.0276274 0.0010186
0 0.689021 0.0167522 0.0778321 0.0335043 0.00101601
0 0.449656 0.909316 0.0339435 0.0415171 0.00101506
0 0.49675 0.934611 0.0377829 0.0548487 0.00101253
0 0.572426 0.509139 0.026922 0.0277953 0.00101072
0 0.494599 0.919933 0.0290504 0.0359095 0.00100522
0 0.190589 0.730886 0.0460017 0.0570504 0.00100251
