0 0.0797685 0.211652 0.0340249 0.0399445 0.687977
0 0.103759 0.351115 0.0384139 0.039451 0.6659
0 0.478695 0.554736 0.0670225 0.257356 0.39044
0 0.461924 0.883651 0.0288495 0.0367731 0.192941
0 0.132701 0.112017 0.0633413 0.0499225 0.19044
0 0.00830452 0.404346 0.016609 0.0394423 0.190249
0 0.241949 0.381312 0.0249158 0.0419133 0.184255
0 0.469034 0.511286 0.0425705 0.288731 0.110549
0 0.498301 0.658453 0.0280715 0.0447502 0.0967742
0 0.484327 0.64456 0.0564786 0.0780391 0.0841064
0 0.327497 0.412821 0.0340873 0.0278451 0.0635668
0 0.080843 0.22122 0.0301428 0.0418886 0.0564096
0 0.479148 0.62215 0.0641633 0.124111 0.0547721
0 0.456764 0.888561 0.038676 0.0375467 0.0546358
0 0.467891 0.638292 0.0438794 0.0882052 0.0477482
0 0.495116 0.649858 0.0308237 0.0610215 0.045505
0 0.496146 0.552678 0.159005 0.330529 0.0447943
0 0.102684 0.343201 0.0465363 0.0457483 0.0435863
0 0.428816 0.897982 0.0143993 0.015822 0.0389065
0 0.41963 0.947414 0.0192863 0.0186029 0.0363137
0 0.461427 0.549641 0.143064 0.352389 0.0346538
0 0.466781 0.651019 0.0382531 0.0587351 0.033057
0 0.0949339 0.339329 0.0346229 0.041497 0.0323062
0 0.242123 0.378623 0.0310977 0.0574188 0.0310822
0 0.467733 0.53405 0.0250211 0.150253 0.0236814
0 0.489407 0.405685 0.0163087 0.0461277 0.023269
0 0.126922 0.119588 0.0450058 0.0255566 0.0168237
0 0.472058 0.620344 0.0462494 0.102229 0.0152956
0 0.0757941 0.218676 0.0284187 0.034536 0.0146149
0 0.109843 0.349439 0.06811 0.0906516 0.0142405
0 0.331393 0.40468 0.0269124 0.0361616 0.0138326
0 0.245299 0.383794 0.0237946 0.0318475 0.0134117
0 0.0911575 0.344674 0.0217995 0.0292805 0.0130027
0 0.39004 0.585884 0.033226 0.0429461 0.0126693
0 0.114702 0.336846 0.0491386 0.0602679 0.0120986
0 0.494677 0.518155 0.0782536 0.325713 0.0119425
0 0.0108698 0.403909 0.0217396 0.0495062 0.0108815
0 0.120028 0.388008 0.0226923 0.0333109 0.010863
0 0.333165 0.39223 0.0198455 0.0329541 0.0107911
0 0.318969 0.539488 0.0143818 0.0233624 0.00949367
0 0.365949 0.687526 0.0468775 0.160334 0.00921487
0 0.0991727 0.359042 0.0288762 0.0326967 0.00906787
0 0.092019 0.352962 0.0224262 0.0303425 0.00902899
0 0.481844 0.557503 0.0534269 0.171036 0.00899798
0 0.145554 0.0987519 0.0375498 0.0183448 0.00878413
0 0.0739336 0.200483 0.0245477 0.0408237 0.0080433
0 0.477602 0.492862 0.0391365 0.249018 0.00790459
0 0.483944 0.651808 0.0406536 0.0570256 0.00785163
0 0.0887364 0.227933 0.0201206 0.038777 0.00777498
0 0.120582 0.122402 0.0251127 0.0192184 0.00753833
0 0.085316 0.239339 0.0209112 0.0363576 0.00748708
0 0.402551 0.554038 0.188041 0.309758 0.00742497
0 0.125904 0.321516 0.0216094 0.0260346 0.00729004
0 0.0865964 0.329418 0.0192559 0.0268493 0.00697845
0 0.0891985 0.237452 0.0162881 0.0322985 0.00653233
0 0.439382 0.89229 0.0259595 0.0285488 0.00629568
0 0.433633 0.89695 0.0217008 0.0299337 0.00601762
0 0.127628 0.316205 0.0220212 0.0182163 0.00596306
0 0.120519 0.356502 0.0414145 0.0434928 0.00572386
0 0.486902 0.401536 0.0235498 0.0615331 0.00556194
0 0.125098 0.319642 0.0274114 0.0185325 0.00550465
0 0.458591 0.894461 0.0378901 0.0605312 0.00542923
0 0.077407 0.223376 0.0353914 0.062626 0.00528342
0 0.46981 0.616671 0.0398611 0.0642846 0.00516978
0 0.478779 0.630592 0.050966 0.0724068 0.00514632
0 0.338086 0.411698 0.020749 0.0172679 0.00513501
0 0.291141 0.68967 0.0368779 0.0868461 0.00511307
0 0.135891 0.120997 0.0788755 0.101802 0.005113
0 0.489825 0.395182 0.0209695 0.0468496 0.00502098
0 0.48553 0.413182 0.0202635 0.050494 0.00475658
0 0.328293 0.413325 0.039465 0.050896 0.00473248
0 0.689941 0.0318821 0.0139373 0.0139181 0.0045039
0 0.455472 0.511036 0.0964346 0.337293 0.00448652
0 0.429647 0.682866 0.0110196 0.0151036 0.00443505
0 0.492162 0.585272 0.0759187 0.198195 0.0043088
0 0.420274 0.949927 0.0232392 0.0283848 0.00427067
0 0.465625 0.555954 0.0417263 0.136441 0.00420483
0 0.0826334 0.211309 0.0781478 0.156708 0.00417033
0 0.0713254 0.0172046 0.0160686 0.0298488 0.00410666
0 0.387632 0.741898 0.0151713 0.0325193 0.0039556
0 0.318749 0.53717 0.0247842 0.0224321 0.00385028
0 0.0920065 0.214519 0.0344414 0.02866 0.00374584
0 0.352507 0.410824 0.0131027 0.0160466 0.00354122
0 0.454862 0.563591 0.0741963 0.240182 0.00353003
0 0.475247 0.497089 0.0171272 0.0939762 0.00352661
0 0.454604 0.565813 0.0484983 0.177924 0.00349448
0 0.429377 0.893804 0.0185595 0.0260637 0.00348231
0 0.428205 0.900558 0.0182113 0.0162954 0.00343584
0 0.0947659 0.347694 0.189532 0.310642 0.00340372
0 0.431286 0.889004 0.0160007 0.0243055 0.00330716
0 0.066077 0.215483 0.0313449 0.0265328 0.00325421
0 0.470688 0.509715 0.0194953 0.103179 0.00321619
0 0.327322 0.400659 0.0393887 0.0402105 0.00321493
0 0.0672673 0.207909 0.0267914 0.0315613 0.00318618
0 0.152196 0.0948271 0.031629 0.0157596 0.00310512
0 0.45083 0.883191 0.0270018 0.0368814 0.00309257
0 0.0888659 0.329927 0.0286945 0.0395011 0.00305365
0 0.247336 0.371867 0.0311916 0.0603166 0.00304567
0 0.354084 0.555937 0.132906 0.327504 0.00298908
0 0.475391 0.570202 0.0767857 0.1367 0.00296803
0 0.456669 0.884441 0.0523891 0.0551531 0.00292799
0 0.493684 0.631183 0.19837 0.246322 0.00282784
0 0.47461 0.599136 0.0547657 0.115831 0.00274876
0 0.466471 0.518148 0.0361842 0.0729376 0.00271898
0 0.385788 0.575853 0.0784141 0.103183 0.00265228
0 0.0818562 0.325098 0.0176068 0.023805 0.00264975
0 0.117558 0.378079 0.0358014 0.0410137 0.0026434
0 0.0763791 0.203691 0.0392207 0.055289 0.00260535
0 0.690717 0.0305412 0.0211748 0.0153806 0.0024963
0 0.0161233 0.40665 0.0276765 0.0397055 0.00248357
0 0.455653 0.510859 0.0584801 0.263917 0.00246936
0 0.0764694 0.241534 0.026925 0.0369402 0.00246699
0 0.253003 0.753612 0.0160364 0.0170889 0.00246384
0 0.316696 0.413543 0.0337994 0.0322808 0.00245737
0 0.124264 0.346266 0.0466774 0.0632104 0.0024408
0 0.0786723 0.250888 0.0216482 0.043445 0.0023358
0 0.115268 0.390045 0.0210078 0.030757 0.00230271
0 0.384345 0.56991 0.138619 0.19906 0.00229435
0 0.0918675 0.357589 0.0783332 0.111097 0.0022208
0 0.385243 0.574794 0.118897 0.121586 0.00220515
0 0.448916 0.637506 0.174595 0.26792 0.00220389
0 0.0781304 0.00816423 0.0188054 0.0163285 0.00217961
0 0.122409 0.394113 0.0252511 0.038314 0.00216258
0 0.470894 0.46695 0.0529958 0.186807 0.00214004
0 0.281796 0.382828 0.0333917 0.0204611 0.00213863
0 0.434893 0.918938 0.0161113 0.0276102 0.00210716
0 0.42126 0.941144 0.0206756 0.0349789 0.00206793
0 0.467402 0.475755 0.0649447 0.279873 0.00204365
0 0.521627 0.508577 0.194104 0.364809 0.00203567
0 0.427215 0.907006 0.0188168 0.0278803 0.00202453
0 0.290272 0.691501 0.0211196 0.0721267 0.00202027
0 0.43814 0.901017 0.023392 0.030872 0.00199718
0 0.126243 0.33201 0.0302728 0.0497054 0.00198676
0 0.457459 0.639734 0.0395387 0.067105 0.00198372
0 0.395918 0.591764 0.0569802 0.0743596 0.00197598
0 0.493022 0.615183 0.0671502 0.129387 0.00196505
0 0.124375 0.381638 0.0321142 0.040274 0.0019544
0 0.990699 0.718522 0.0186015 0.0832479 0.00192529
0 0.417938 0.954862 0.0232888 0.0308783 0.00191516
0 0.313035 0.407842 0.0548322 0.0289916 0.00188163
0 0.233765 0.38224 0.0411923 0.0602771 0.00186881
0 0.116779 0.377713 0.0435243 0.060785 0.00186548
0 0.116004 0.36359 0.0322258 0.0452015 0.00185673
0 0.112847 0.378611 0.0233151 0.0333732 0.00184597
0 0.135122 0.102205 0.0501654 0.0276983 0.00179392
0 0.0732746 0.0267233 0.0189616 0.0386096 0.00176972
0 0.328549 0.421318 0.0322512 0.0317558 0.00176135
0 0.0756321 0.252524 0.0237382 0.0324377 0.00171958
0 0.355856 0.592728 0.187877 0.419658 0.00171246
0 0.43093 0.684023 0.0164002 0.0140843 0.0016942
0 0.363624 0.66198 0.100485 0.294095 0.00168206
0 0.986495 0.691185 0.00996819 0.047065 0.00162257
0 0.895227 0.12332 0.0079031 0.0169018 0.00162222
0 0.1396 0.119478 0.240804 0.238955 0.00157982
0 0.990719 0.696192 0.0185619 0.0786238 0.00157745
0 0.12372 0.325998 0.0272316 0.0345516 0.00157223
0 0.464765 0.269734 0.0133309 0.0162677 0.00152678
0 0.113898 0.134821 0.0905754 0.152752 0.00150241
0 0.463315 0.531913 0.0227813 0.124528 0.00148764
0 0.33845 0.566877 0.0221245 0.0465567 0.00143553
0 0.483843 0.409017 0.0300842 0.0890482 0.0014348
0 0.0868757 0.201429 0.0350844 0.0551589 0.00142925
0 0.0989862 0.199413 0.197972 0.398827 0.00140232
0 0.470599 0.497632 0.0290109 0.0623645 0.00139207
0 0.438938 0.902153 0.0371656 0.0629745 0.0013847
0 0.464113 0.61209 0.0383026 0.0853555 0.00137389
0 0.430008 0.685058 0.0159063 0.0225367 0.00137309
0 0.365945 0.683717 0.0711429 0.218587 0.00134733
0 0.25614 0.369219 0.0680268 0.0799958 0.00133796
0 0.478739 0.43462 0.0454797 0.11148 0.00132178
0 0.440993 0.91275 0.0602903 0.0694254 0.00129421
0 0.128239 0.365703 0.0361023 0.0366877 0.00129206
0 0.0813223 0.339959 0.0245459 0.025809 0.00128134
0 0.473633 0.522379 0.0283711 0.13683 0.00128108
0 0.252247 0.751052 0.0123471 0.0165278 0.00127009
0 0.397851 0.584235 0.0337215 0.0516384 0.0012653
0 0.0782011 0.319381 0.0188437 0.0239276 0.00125239
0 0.308604 0.594979 0.329085 0.417534 0.00124694
0 0.277121 0.369839 0.0552972 0.0609722 0.00124424
0 0.960021 0.969193 0.0399607 0.0492119 0.00123465
0 0.0929999 0.235416 0.0251741 0.0331866 0.00122736
0 0.280077 0.374034 0.0418996 0.039712 0.00121414
0 0.0270145 0.533676 0.0540289 0.0487119 0.00121299
0 0.464377 0.594065 0.026348 0.0905807 0.00120683
0 0.232591 0.384579 0.0520001 0.0939573 0.00120184
0 0.990204 0.690763 0.0082325 0.0416098 0.0011983
0 0.369431 0.698051 0.0356921 0.110122 0.00118604
0 0.0697221 0.238346 0.0754061 0.170099 0.00117347
0 0.483416 0.470959 0.0749971 0.313533 0.00117241
0 0.0734508 0.181442 0.0197754 0.0321949 0.00116849
0 0.255224 0.556486 0.510448 0.355453 0.0011604
0 0.317326 0.542494 0.0200404 0.0236367 0.00115416
0 0.429774 0.92616 0.0140195 0.0277521 0.00113366
0 0.457036 0.654924 0.0418978 0.0482621 0.00109811
0 0.120987 0.389634 0.0337067 0.0630579 0.00109621
0 0.496152 0.667129 0.0282157 0.036845 0.00109186
0 0.121309 0.327451 0.0766561 0.0899029 0.00106666
0 0.126172 0.102304 0.0739536 0.0582817 0.00105489
0 0.97707 0.697151 0.04586 0.121209 0.00105336
0 0.990037 0.717887 0.0199253 0.112991 0.00103821
0 0.060013 0.164715 0.0177908 0.028536 0.00103809
0 0.43892 0.917238 0.019316 0.0332792 0.0010366
0 0.40898 0.540675 0.242359 0.217079 0.00100943
