0 0.726197 0.655762 0.049929 0.0669225 0.817927
0 0.321844 0.0509147 0.0491525 0.100632 0.7024
0 0.634571 0.512472 0.0313498 0.069467 0.566519
0 0.847397 0.774248 0.0217859 0.0773145 0.455386
0 0.725207 0.65402 0.0638158 0.0944127 0.183609
0 0.564932 0.401811 0.0437186 0.0640792 0.179821
0 0.722485 0.607185 0.068239 0.153427 0.172766
0 0.714203 0.902336 0.0835952 0.0771484 0.100025
0 0.630235 0.521682 0.0303927 0.0667896 0.0971927
0 0.609126 0.438765 0.019538 0.0404569 0.0967778
0 0.568529 0.399691 0.0301209 0.0546152 0.0771822
0 0.127735 0.149488 0.146355 0.0814389 0.0724458
0 0.839723 0.775717 0.0255632 0.0761593 0.069834
0 0.577889 0.655117 0.0385492 0.0372012 0.0611935
0 0.730663 0.580796 0.0531447 0.126909 0.0502095
0 0.312329 0.0489817 0.0746909 0.0979634 0.0491261
0 0.244919 0.450934 0.0911098 0.0588654 0.0426366
0 0.733031 0.568859 0.0425026 0.0940543 0.0343468
0 0.6069 0.441575 0.0325067 0.0457605 0.0288753
0 0.588936 0.502881 0.0186819 0.0356779 0.0277279
0 0.71278 0.580109 0.0859649 0.136303 0.0272501
0 0.327271 0.0436399 0.0348155 0.0872798 0.0263595
0 0.619508 0.50803 0.0526291 0.087296 0.0261555
0 0.632503 0.514556 0.0489317 0.0789753 0.0257085
0 0.299001 0.0723471 0.156125 0.144694 0.0238457
0 0.574226 0.397407 0.0331506 0.0450778 0.0236336
0 0.800137 0.775615 0.0147181 0.0334048 0.0234079
0 0.338337 0.0751386 0.173522 0.150277 0.0209167
0 0.336009 0.596247 0.0153406 0.0302202 0.0202093
0 0.698927 0.645797 0.146585 0.204715 0.0195706
0 0.589554 0.459816 0.0507058 0.0699696 0.0192157
0 0.37052 0.0966094 0.015629 0.0442007 0.0190835
0 0.822595 0.78075 0.0466225 0.0723289 0.0186795
0 0.737643 0.647832 0.161016 0.216547 0.018625
0 0.590121 0.49371 0.0261828 0.0568923 0.0182716
0 0.428406 0.214362 0.0114916 0.0232962 0.0178735
0 0.314009 0.0497883 0.052614 0.0737306 0.0170519
0 0.736603 0.651569 0.0493192 0.0670848 0.0168109
0 0.747491 0.590581 0.0256164 0.0716034 0.0166678
0 0.743064 0.581321 0.0382923 0.0933704 0.0162232
0 0.637806 0.502006 0.0227899 0.0725454 0.0154538
0 0.849287 0.761242 0.0170401 0.0691995 0.0142269
0 0.335438 0.048087 0.0521842 0.0961739 0.0140634
0 0.564717 0.407403 0.0719899 0.0939742 0.01349
0 0.287556 0.0463417 0.0771965 0.0926834 0.0129879
0 0.409589 0.425347 0.0496381 0.0356941 0.0121662
0 0.551858 0.40312 0.038085 0.0635777 0.0121423
0 0.590117 0.450181 0.0707505 0.0938105 0.012043
0 0.418471 0.909034 0.0286778 0.0295231 0.0115386
0 0.837396 0.775138 0.0505568 0.0867414 0.0112087
0 0.563759 0.983831 0.0331665 0.0323387 0.0108784
0 0.417598 0.915137 0.0400901 0.0310181 0.0105537
0 0.571007 0.458212 0.0204841 0.030183 0.0105102
0 0.337422 0.596659 0.020831 0.0380824 0.0104659
0 0.588554 0.493578 0.0173692 0.0372191 0.0103942
0 0.558856 0.411455 0.0409277 0.0732472 0.010147
0 0.723426 0.638253 0.0538724 0.076567 0.00969336
0 0.797296 0.772057 0.016712 0.0411852 0.00965143
0 0.60599 0.44699 0.0243839 0.0383381 0.00941163
0 0.552724 0.393786 0.050668 0.0602367 0.00925256
0 0.604413 0.445957 0.0330107 0.0702104 0.00894974
0 0.615215 0.502561 0.0738358 0.13822 0.00869178
0 0.577351 0.458309 0.0317688 0.0358308 0.00841437
0 0.723634 0.571466 0.0354929 0.105631 0.00839542
0 0.319133 0.0707245 0.0449029 0.0799082 0.00819484
0 0.370373 0.0943663 0.0242371 0.0465807 0.00773134
0 0.430643 0.722463 0.168754 0.114148 0.00762474
0 0.733315 0.541248 0.0259445 0.0458341 0.0072815
0 0.71511 0.64989 0.0539726 0.0692403 0.00682345
0 0.111628 0.149015 0.218507 0.150841 0.00673998
0 0.640818 0.522813 0.0694319 0.114221 0.00642085
0 0.580775 0.465088 0.0357972 0.0530632 0.00612833
0 0.591438 0.489684 0.0382686 0.0796701 0.00600478
0 0.613226 0.494711 0.0464526 0.0737977 0.00593326
0 0.254935 0.00868253 0.0235863 0.017148 0.0056505
0 0.729874 0.558531 0.0315261 0.0765587 0.00557333
0 0.594857 0.510207 0.0237117 0.0375569 0.00549211
0 0.730529 0.670563 0.0445829 0.0729101 0.00524866
0 0.601274 0.507647 0.0344114 0.0469568 0.00511686
0 0.589535 0.45068 0.0875418 0.144946 0.00506823
0 0.696034 0.677116 0.185047 0.185403 0.0048736
0 0.418159 0.740162 0.12461 0.0855265 0.00487098
0 0.80081 0.773626 0.0157108 0.0519535 0.00452638
0 0.695404 0.604532 0.105328 0.15071 0.0044922
0 0.330999 0.0261052 0.0294467 0.0522104 0.00447031
0 0.568413 0.388282 0.0192761 0.0404502 0.00436095
0 0.694218 0.569665 0.169158 0.207015 0.00420848
0 0.82644 0.774226 0.0577578 0.0996014 0.00415251
0 0.730667 0.90427 0.244087 0.189399 0.0041516
0 0.392915 0.752743 0.0812663 0.0517162 0.00405284
0 0.402604 0.742767 0.102307 0.0603965 0.00401215
0 0.583983 0.480036 0.023871 0.0415689 0.00383728
0 0.511732 0.391246 0.0230313 0.0320792 0.00381957
0 0.315072 0.0298095 0.0385663 0.0596191 0.00363784
0 0.744261 0.580026 0.0343636 0.0609889 0.00358328
0 0.273037 0.0291181 0.0628559 0.0526345 0.00356309
0 0.321988 0.0742601 0.040358 0.0523182 0.00355123
0 0.662077 0.605906 0.0232582 0.0371242 0.00354871
0 0.614504 0.438032 0.0226389 0.0346851 0.00345033
0 0.329787 0.430653 0.0351287 0.0363205 0.00343875
0 0.603422 0.434811 0.0233361 0.0493261 0.00337412
0 0.798171 0.776325 0.0246195 0.043433 0.00327566
0 0.837543 0.770443 0.075363 0.131866 0.00325914
0 0.563816 0.429401 0.041416 0.0842554 0.00322911
0 0.244254 0.439188 0.113398 0.105976 0.00299626
0 0.256508 0.0163751 0.0255449 0.0311535 0.00296413
0 0.543965 0.385423 0.0365928 0.0584 0.00291885
0 0.592253 0.503585 0.032398 0.0640846 0.00291175
0 0.366577 0.0937995 0.0154715 0.0436099 0.00288027
0 0.553219 0.39074 0.0872733 0.101014 0.00284344
0 0.54456 0.4007 0.195225 0.229112 0.00282832
0 0.539437 0.398125 0.0634095 0.0658211 0.00279914
0 0.749768 0.593002 0.0200469 0.0529479 0.00277068
0 0.445845 0.714906 0.307403 0.137467 0.00270782
0 0.589315 0.511196 0.0197452 0.0284838 0.00265352
0 0.844674 0.753742 0.0271095 0.0786212 0.00261334
0 0.736619 0.53604 0.019535 0.036066 0.00259299
0 0.274915 0.0308572 0.0395564 0.0363019 0.00257738
0 0.615458 0.43731 0.0352976 0.0436506 0.00256975
0 0.83553 0.786052 0.0270931 0.0647226 0.00254261
0 0.335473 0.0451159 0.0364132 0.0717033 0.00248875
0 0.850707 0.750725 0.014526 0.0460491 0.00245942
0 0.266172 0.0218666 0.0383564 0.0376082 0.00244761
0 0.426785 0.217668 0.0188253 0.0297644 0.00244478
0 0.842398 0.793048 0.0228195 0.0629671 0.00241311
0 0.787666 0.767589 0.0251297 0.0369505 0.00239563
0 0.59099 0.467214 0.0394601 0.0492687 0.00239465
0 0.333155 0.00958212 0.0194153 0.0191642 0.00237953
0 0.628011 0.535867 0.0291245 0.0537756 0.00234979
0 0.604086 0.815001 0.016175 0.0198885 0.00234047
0 0.574121 0.478441 0.0220326 0.0336761 0.00226312
0 0.346564 0.0523019 0.090796 0.104604 0.00224616
0 0.551161 0.413792 0.0312556 0.0605167 0.00221524
0 0.607036 0.513352 0.041681 0.0595224 0.00220161
0 0.556541 0.3856 0.0251525 0.0519298 0.00219796
0 0.608139 0.428406 0.0197987 0.0335014 0.00218726
0 0.308946 0.00819632 0.02107 0.0150054 0.00217775
0 0.579488 0.482786 0.0284058 0.0504314 0.00212913
0 0.565068 0.424651 0.0596607 0.0994317 0.00212295
0 0.597509 0.496982 0.191496 0.240591 0.00212169
0 0.513903 0.401933 0.0215309 0.0269688 0.00210751
0 0.331534 0.425764 0.0259979 0.0360398 0.00199116
0 0.240692 0.450473 0.253897 0.200889 0.00197803
0 0.721441 0.636917 0.0515526 0.0412942 0.00197577
0 0.285349 0.0261928 0.0646761 0.0523856 0.00197397
0 0.748781 0.582773 0.0169332 0.0464221 0.00196833
0 0.747678 0.603891 0.019995 0.0873193 0.001968
0 0.583818 0.656045 0.0490983 0.0473653 0.00189697
0 0.561541 0.985888 0.0450082 0.0245518 0.00188012
0 0.568986 0.451546 0.0227362 0.0318236 0.00186286
0 0.308721 0.0157871 0.0273925 0.0292893 0.0018546
0 0.64042 0.498111 0.207877 0.277843 0.00185117
0 0.282383 0.0240414 0.0448314 0.0412077 0.00183433
0 0.292948 0.0337828 0.0612761 0.0545834 0.00180171
0 0.81642 0.767269 0.0822533 0.138964 0.00175774
0 0.518501 0.401978 0.0241844 0.0315345 0.00173865
0 0.154318 0.123522 0.308637 0.168291 0.00172415
0 0.292949 0.278281 0.0857121 0.0757508 0.00169221
0 0.700493 0.903354 0.073963 0.0555292 0.00168926
0 0.294747 0.0210683 0.0554469 0.0401626 0.00167209
0 0.497106 0.378776 0.0206316 0.0310601 0.0016508
0 0.57555 0.410245 0.0381985 0.0545682 0.00163891
0 0.580179 0.909984 0.0756161 0.0946342 0.00161989
0 0.576875 0.461152 0.0359539 0.0761838 0.0016102
0 0.702283 0.653982 0.0703596 0.0656902 0.00160634
0 0.800245 0.786345 0.0188534 0.0434317 0.00159873
0 0.740059 0.557268 0.0303142 0.0730185 0.00159866
0 0.593586 0.453769 0.0439684 0.0424953 0.00157984
0 0.665263 0.606921 0.0319046 0.0488914 0.00156149
0 0.583064 0.449132 0.0490136 0.0649081 0.00155282
0 0.48826 0.365282 0.0203553 0.0270229 0.00154337
0 0.712873 0.634044 0.0341447 0.0497832 0.00154304
0 0.799697 0.778247 0.0294752 0.0689693 0.00151681
0 0.507047 0.383919 0.0253163 0.0367611 0.00149229
0 0.836955 0.763969 0.0365084 0.0930449 0.00148211
0 0.141438 0.142073 0.0918809 0.0616715 0.00147562
0 0.795067 0.761449 0.0203415 0.0493491 0.00147345
0 0.63329 0.564318 0.0192136 0.0287298 0.00146733
0 0.27325 0.0311194 0.0806438 0.0622388 0.00144666
0 0.696517 0.873508 0.300224 0.183596 0.00142996
0 0.686194 0.57312 0.126008 0.114579 0.00141245
0 0.71827 0.917255 0.0785902 0.0573641 0.00140018
0 0.669614 0.61423 0.0289788 0.0502625 0.00138735
0 0.163854 0.151238 0.185981 0.0653234 0.00138301
0 0.806773 0.786371 0.022813 0.0496193 0.001354
0 0.512936 0.39023 0.0296016 0.045261 0.00134124
0 0.320959 0.0876893 0.0287468 0.0397576 0.00133646
0 0.278548 0.446315 0.0413506 0.0661611 0.00133341
0 0.261684 0.0635997 0.211311 0.127199 0.00132938
0 0.96233 0.965443 0.0575277 0.051193 0.00132441
0 0.338686 0.0195374 0.0206056 0.0372218 0.00129303
0 0.492479 0.367426 0.022172 0.0318376 0.00128652
0 0.74265 0.635482 0.0239487 0.05245 0.00128016
0 0.739103 0.566445 0.204904 0.248047 0.00127977
0 0.72403 0.565799 0.0308986 0.0615032 0.00127937
0 0.841933 0.79364 0.0285864 0.091002 0.00126895
0 0.784651 0.760211 0.0261282 0.0455747 0.00126367
0 0.408948 0.424155 0.0820993 0.0359176 0.00125577
0 0.752011 0.602691 0.0164871 0.0471057 0.00125546
0 0.788571 0.775185 0.0275656 0.0317532 0.00124345
0 0.564108 0.45541 0.0228187 0.0306309 0.00124268
0 0.279194 0.642214 0.0688979 0.0428158 0.00123529
0 0.978417 0.905096 0.014296 0.0358423 0.00123325
0 0.728061 0.545109 0.0264709 0.0531389 0.00122115
0 0.641617 0.499403 0.0410872 0.082692 0.00121166
0 0.616016 0.466899 0.0755356 0.104502 0.00119339
0 0.532672 0.393641 0.0360546 0.0454638 0.00118478
0 0.624428 0.555072 0.0230765 0.0343195 0.0011505
0 0.279194 0.445358 0.0311637 0.0461871 0.00115026
0 0.583295 0.503476 0.029566 0.0313198 0.00114325
0 0.600542 0.463586 0.0344265 0.0544538 0.00113231
0 0.336836 0.59107 0.0188845 0.0183196 0.00112185
0 0.264332 0.00704145 0.030393 0.0140829 0.00111194
0 0.72762 0.90646 0.0737674 0.0628265 0.00109859
0 0.316554 0.00706456 0.0231022 0.0141291 0.00109461
0 0.585957 0.397352 0.0221498 0.0308636 0.00109337
0 0.319765 0.0233918 0.0404467 0.0430248 0.00107031
0 0.264971 0.447145 0.077861 0.0687021 0.00106735
0 0.728526 0.534057 0.0258621 0.0314336 0.00106167
0 0.530187 0.405612 0.113647 0.154527 0.00105269
0 0.610335 0.525077 0.0383573 0.0460424 0.00104397
0 0.416536 0.920022 0.0443221 0.0485226 0.0010322
0 0.337064 0.604908 0.0365196 0.0643356 0.00101597
