0 0.76607 0.175255 0.0391179 0.137438 0.809151
0 0.343827 0.85579 0.0322081 0.0474379 0.728339
0 0.4375 0.23361 0.110132 0.119678 0.348956
0 0.11588 0.256315 0.03385 0.0341512 0.248455
0 0.627714 0.895136 0.0163615 0.0216843 0.0962866
0 0.762877 0.168759 0.0628204 0.1568 0.0741142
0 0.76614 0.166417 0.0401129 0.0701083 0.0567939
0 0.761196 0.149132 0.0349157 0.095241 0.0351067
0 0.435688 0.238562 0.17587 0.159324 0.0344506
0 0.11582 0.254982 0.0400662 0.0483216 0.0282546
0 0.587694 0.665777 0.0137415 0.0140209 0.0260745
0 0.018008 0.0431843 0.0307518 0.0444123 0.0257307
0 0.340279 0.850773 0.0217997 0.0395477 0.0250613
0 0.125267 0.358943 0.122519 0.174438 0.0230554
0 0.37387 0.175894 0.0154132 0.0294513 0.0228757
0 0.345405 0.864936 0.0271646 0.0392843 0.0194193
0 0.75887 0.13353 0.0308126 0.059691 0.01857
0 0.150238 0.314242 0.053353 0.0756158 0.0167673
0 0.773091 0.202995 0.022205 0.085558 0.015664
0 0.776736 0.22386 0.014491 0.0518201 0.014962
0 0.778284 0.226513 0.0122972 0.0368545 0.014011
0 0.628667 0.895841 0.0232859 0.0313452 0.0127636
0 0.33454 0.856939 0.0313508 0.040465 0.0123247
0 0.746545 0.159431 0.171043 0.270095 0.0116843
0 0.172918 0.730322 0.045673 0.0462743 0.0113701
0 0.629317 0.890889 0.01708 0.0285423 0.0103135
0 0.369544 0.173536 0.0209568 0.0354173 0.0101404
0 0.772893 0.217295 0.0195736 0.0572914 0.00798047
0 0.155367 0.297502 0.0370321 0.0479587 0.00750709
0 0.77038 0.179045 0.0424964 0.0709043 0.00749462
0 0.14456 0.326161 0.0563937 0.115199 0.00660972
0 0.191404 0.818998 0.0566827 0.0372297 0.00609317
0 0.346184 0.867086 0.0330148 0.0585613 0.00523261
0 0.76776 0.141303 0.0413358 0.150473 0.00488248
0 0.634531 0.897521 0.0288165 0.0340578 0.00482256
0 0.625237 0.897964 0.013586 0.023159 0.00442709
0 0.111591 0.377681 0.169839 0.210921 0.00426942
0 0.757872 0.126342 0.0256398 0.0415271 0.0040844
0 0.0175484 0.0424605 0.0200951 0.0538776 0.0040702
0 0.789712 0.178279 0.181135 0.262632 0.00398801
0 0.173769 0.73987 0.0279286 0.0468887 0.00396853
0 0.119244 0.33065 0.0516571 0.126833 0.00396614
0 0.763231 0.147425 0.0458457 0.0623253 0.00389998
0 0.0196229 0.0328984 0.0191946 0.0361363 0.00383966
0 0.0653878 0.186973 0.121407 0.0485886 0.0037959
0 0.20593 0.669315 0.020217 0.0362169 0.0035796
0 0.475749 0.00379481 0.0215966 0.00758961 0.00339555
0 0.347081 0.870879 0.019277 0.0407831 0.0033676
0 0.438669 0.255088 0.0907798 0.0927336 0.00333031
0 0.298662 0.519669 0.0289116 0.0361743 0.00330902
0 0.53853 0.941896 0.0119787 0.0197824 0.00324443
0 0.34784 0.866589 0.0626747 0.0914324 0.00323899
0 0.100881 0.342004 0.0923324 0.153921 0.00313633
0 0.15569 0.00566739 0.0274509 0.0113348 0.00311952
0 0.148642 0.297779 0.0339918 0.0362009 0.00308296
0 0.114358 0.316387 0.0831191 0.125921 0.00301978
0 0.432293 0.201765 0.112288 0.04832 0.00294218
0 0.754616 0.181856 0.044404 0.127062 0.00283632
0 0.175172 0.828838 0.0289686 0.0290731 0.00280056
0 0.989155 0.97206 0.0211939 0.0460793 0.00276931
0 0.631531 0.895484 0.0308998 0.0537941 0.0026706
0 0.373492 0.183999 0.0215722 0.0395145 0.00264097
0 0.198155 0.81537 0.0559966 0.0549107 0.00254713
0 0.820717 0.00785628 0.0256144 0.01157 0.00249498
0 0.182071 0.823453 0.0433341 0.0273899 0.00248707
0 0.203123 0.817887 0.0438275 0.0351582 0.00240033
0 0.351949 0.871319 0.0176903 0.0289255 0.00234543
0 0.334608 0.858216 0.0423532 0.0629498 0.00232966
0 0.10107 0.380819 0.11039 0.18308 0.00231703
0 0.82445 0.00622668 0.0235428 0.0113841 0.0022623
0 0.816651 0.0123498 0.0290504 0.0239836 0.00224273
0 0.536943 0.942103 0.0173487 0.0270006 0.00223736
0 0.355668 0.855959 0.0512915 0.0477692 0.00222607
0 0.28526 0.238373 0.104455 0.104911 0.00207232
0 0.14515 0.321369 0.101803 0.129893 0.00203772
0 0.133714 0.320758 0.0576833 0.0968423 0.00202986
0 0.392449 0.199013 0.032629 0.0321342 0.00202949
0 0.17542 0.823296 0.0251879 0.0244984 0.00201087
0 0.196792 0.801886 0.0387974 0.0680958 0.00200624
0 0.33491 0.858314 0.0809326 0.114177 0.00194267
0 0.0446702 0.193729 0.0893405 0.042266 0.0019349
0 0.115749 0.344485 0.075088 0.125642 0.00190716
0 0.758436 0.129368 0.0445626 0.0856685 0.00184616
0 0.782488 0.0832753 0.104722 0.166551 0.00181076
0 0.0284038 0.719462 0.0425373 0.0504884 0.00178571
0 0.994792 0.975317 0.00808182 0.0415228 0.00175168
0 0.625492 0.888608 0.0192027 0.0317019 0.00174602
0 0.99032 0.973973 0.0136694 0.0309027 0.00170259
0 0.627135 0.694544 0.0188782 0.0455721 0.00169784
0 0.116193 0.391648 0.0420766 0.0623161 0.00169197
0 0.369367 0.165401 0.0180889 0.0422211 0.0016918
0 0.205011 0.810908 0.0330106 0.0430334 0.00167789
0 0.372381 0.178364 0.0290055 0.0598128 0.00167284
0 0.296873 0.513068 0.019063 0.0343193 0.00162174
0 0.477089 0.00560279 0.0226604 0.0106872 0.00159662
0 0.121471 0.249872 0.0371475 0.0352357 0.00158325
0 0.454993 0.196895 0.0795682 0.0279958 0.00153737
0 0.157934 0.415989 0.258679 0.29341 0.00152638
0 0.753179 0.130591 0.0218925 0.0386764 0.00151461
0 0.145574 0.286619 0.0284735 0.0168311 0.00145542
0 0.161254 0.00678059 0.0270567 0.0109728 0.0014505
0 0.539651 0.939269 0.0162539 0.0209452 0.00141781
0 0.987374 0.73953 0.0102087 0.0427846 0.00139674
0 0.343674 0.841338 0.0255756 0.0428831 0.0013838
0 0.0583739 0.199027 0.116748 0.0685585 0.00134634
0 0.780037 0.11314 0.0798817 0.221468 0.00129016
0 0.67411 0.745331 0.0154823 0.0363234 0.00127802
0 0.0301319 0.194767 0.0602638 0.035292 0.00126386
0 0.628164 0.69489 0.0133665 0.0277593 0.00125611
0 0.118068 0.254143 0.058594 0.0650672 0.00125506
0 0.122184 0.600396 0.244369 0.426833 0.00121819
0 0.155121 0.288763 0.0276959 0.0263319 0.0012133
0 0.638166 0.903866 0.0238767 0.0341993 0.00120773
0 0.983448 0.972615 0.0267864 0.0531857 0.00118381
0 0.115212 0.267397 0.025896 0.0384264 0.00118279
0 0.116441 0.384911 0.0641266 0.090295 0.00117993
0 0.779451 0.234333 0.0143927 0.0293148 0.0011386
0 0.801097 0.117307 0.109915 0.234614 0.00112935
0 0.151589 0.381593 0.179501 0.188574 0.0011277
0 0.188561 0.823612 0.068266 0.0591681 0.00111195
0 0.754362 0.122227 0.0351127 0.0567904 0.00109618
0 0.180503 0.736231 0.0552421 0.0561378 0.00108705
0 0.441767 0.208581 0.118401 0.074126 0.00108238
0 0.337782 0.839884 0.0213837 0.0363506 0.00108014
0 0.210357 0.670826 0.0222371 0.0401629 0.00105932
0 0.021649 0.035956 0.027375 0.0448902 0.00103445
0 0.677366 0.745544 0.00370054 0.0325898 0.00102267
0 0.269853 0.492928 0.0390067 0.0424129 0.00100845
0 0.634317 0.881604 0.0260382 0.0355501 0.001005
0 0.98787 0.730157 0.00957279 0.0405663 0.001001
