0 0.759781 0.201126 0.055544 0.227361 0.608866
0 0.372958 0.775121 0.030966 0.0681938 0.511762
0 0.267296 0.811 0.0968973 0.175876 0.479425
0 0.354367 0.0760183 0.015724 0.0486301 0.431192
0 0.738124 0.180435 0.0337757 0.133773 0.138459
0 0.354018 0.0806536 0.0227372 0.0524555 0.0888462
0 0.247534 0.818118 0.0468133 0.172656 0.0847373
0 0.26416 0.812183 0.158826 0.202372 0.083796
0 0.752988 0.201329 0.153274 0.268789 0.0802463
0 0.767771 0.180236 0.0452697 0.169399 0.0414442
0 0.24415 0.883195 0.0216351 0.0468555 0.0360072
0 0.369587 0.773452 0.0518538 0.0839922 0.0299029
0 0.353834 0.779778 0.0863724 0.0975725 0.0265803
0 0.354843 0.0626617 0.0153279 0.0237648 0.0246534
0 0.355506 0.0934428 0.0184033 0.0718453 0.0222192
0 0.766737 0.178392 0.0802555 0.223778 0.0211414
0 0.2442 0.874841 0.0309123 0.0606426 0.0187979
0 0.746265 0.194491 0.0506077 0.159855 0.0143551
0 0.735746 0.167636 0.034799 0.070649 0.0138698
0 0.5277 0.84936 0.0142486 0.051251 0.0105535
0 0.345201 0.790409 0.114453 0.134584 0.010512
0 0.758773 0.174641 0.04861 0.135283 0.00998828
0 0.234326 0.817315 0.025198 0.10047 0.00937645
0 0.299317 0.808286 0.153116 0.172124 0.00919468
0 0.731755 0.210088 0.0548392 0.187515 0.00858522
0 0.357987 0.0712778 0.0163805 0.0429005 0.00851008
0 0.241543 0.842044 0.0375419 0.136011 0.00842946
0 0.743315 0.226243 0.0682015 0.23115 0.00744235
0 0.739693 0.660176 0.0166414 0.0354285 0.00704244
0 0.519587 0.862474 0.00804481 0.0198189 0.00646613
0 0.382208 0.770726 0.0670673 0.105262 0.00625521
0 0.5172 0.862994 0.00788879 0.0285135 0.00622549
0 0.27856 0.783299 0.105236 0.119891 0.00583396
0 0.360099 0.0908348 0.0254903 0.0821153 0.00514057
0 0.788173 0.171345 0.182059 0.282485 0.00485803
0 0.328447 0.861144 0.158001 0.0916943 0.0048161
0 0.523072 0.865232 0.0153635 0.0514172 0.00479159
0 0.741243 0.661169 0.0102914 0.0300767 0.00450807
0 0.352836 0.0605365 0.0168439 0.0174284 0.00431045
0 0.76944 0.224517 0.0551872 0.250756 0.00421993
0 0.525575 0.861371 0.0108004 0.0442383 0.00417897
0 0.332983 0.796167 0.204117 0.210101 0.00386203
0 0.767541 0.216447 0.0406099 0.142711 0.00354734
0 0.756205 0.25419 0.0494882 0.206789 0.00341566
0 0.736184 0.17513 0.087221 0.208888 0.00302936
0 0.370102 0.75512 0.0306784 0.0697864 0.00300998
0 0.385982 0.775636 0.0533337 0.0784407 0.00300333
0 0.799201 0.209255 0.129688 0.245096 0.0028793
0 0.236562 0.80953 0.0318165 0.139582 0.00286683
0 0.526605 0.850629 0.0249591 0.044043 0.00286085
0 0.370553 0.0888218 0.0412669 0.0736449 0.00258683
0 0.351404 0.781066 0.0519166 0.0672449 0.0025546
0 0.753899 0.269269 0.0678483 0.324456 0.00250992
0 0.272537 0.7727 0.0809904 0.0892037 0.00232072
0 0.521691 0.848316 0.0141685 0.0473457 0.00228323
0 0.233681 0.834821 0.0348904 0.140212 0.00226998
0 0.254913 0.808424 0.0716506 0.135484 0.00220883
0 0.868326 0.607001 0.0143229 0.0147482 0.00214979
0 0.247425 0.864429 0.0359414 0.0919159 0.00211324
0 0.237922 0.871653 0.027789 0.0577768 0.00208211
0 0.475984 0.875054 0.0171114 0.0180862 0.00205116
0 0.738242 0.653611 0.021384 0.0386288 0.00201863
0 0.736549 0.187516 0.040699 0.0680401 0.00198599
0 0.522842 0.849614 0.0084321 0.0307013 0.00193079
0 0.23369 0.836242 0.0686736 0.159734 0.00186857
0 0.411422 0.677216 0.0258095 0.0963629 0.00186676
0 0.33161 0.84314 0.227338 0.168047 0.00170698
0 0.361038 0.0887369 0.0554713 0.0938526 0.00168156
0 0.738362 0.153858 0.0420996 0.148138 0.00164867
0 0.340722 0.464618 0.0115356 0.0270579 0.00163332
0 0.230779 0.796072 0.0256854 0.0753616 0.00162113
0 0.354224 0.0995321 0.0305498 0.0972922 0.00160927
0 0.725469 0.234006 0.166966 0.235286 0.00159865
0 0.520997 0.870754 0.0222548 0.048089 0.00151808
0 0.390069 0.751015 0.219037 0.223895 0.00148139
0 0.828094 0.197127 0.208445 0.288922 0.00144956
0 0.216732 0.807146 0.222321 0.238614 0.0014343
0 0.296306 0.775737 0.212988 0.209696 0.00140902
0 0.291347 0.866817 0.0611266 0.064669 0.00137673
0 0.239745 0.888675 0.0206053 0.0423553 0.00135999
0 0.527422 0.847699 0.0201708 0.0727551 0.00134227
0 0.729265 0.00795778 0.0201144 0.00940357 0.00134038
0 0.237074 0.859302 0.0341637 0.0815121 0.00131921
0 0.372618 0.752816 0.0312935 0.0431293 0.00130888
0 0.527802 0.827667 0.0163889 0.013694 0.00128071
0 0.239777 0.828382 0.0446664 0.0657902 0.00126003
0 0.475573 0.873761 0.0207992 0.0254955 0.0012567
0 0.768462 0.150823 0.0388793 0.124397 0.00124984
0 0.378966 0.0930743 0.0531145 0.0930904 0.00124
0 0.470625 0.622099 0.0130331 0.0181577 0.00123331
0 0.525919 0.829571 0.0139701 0.0261311 0.00123273
0 0.529217 0.822855 0.0137525 0.0275988 0.00118635
0 0.474861 0.879153 0.0111442 0.0197763 0.00118372
0 0.364535 0.761691 0.0305853 0.0685741 0.00113213
0 0.241702 0.84147 0.0393174 0.0647354 0.00112994
0 0.0286562 0.0158296 0.02874 0.017954 0.00110168
0 0.370124 0.755363 0.0416907 0.0888795 0.00108241
0 0.733312 0.149775 0.0294587 0.103539 0.0010739
0 0.0770556 0.977807 0.120841 0.039156 0.00107229
0 0.402901 0.682113 0.0290462 0.0802893 0.00107081
0 0.743518 0.658623 0.0280354 0.0459581 0.00106113
0 0.991637 0.00482859 0.0167262 0.00965718 0.00101661
0 0.729707 0.145727 0.0276976 0.0760449 0.0010156
0 0.138901 0.0159424 0.0207261 0.0244445 0.0010125
0 0.763402 0.166258 0.0501938 0.0731473 0.00101145
0 0.729802 0.173017 0.0291966 0.130593 0.00100026
