0 0.499669 0.509569 0.241367 0.224413 0.846449
0 0.494098 0.449008 0.0208533 0.0430795 0.150812
0 0.495111 0.447144 0.0334501 0.0422227 0.042727
0 0.00477925 0.0184554 0.0095585 0.0367319 0.0153741
0 0.523031 0.475334 0.19263 0.203807 0.0147598
0 0.505426 0.580432 0.241598 0.293672 0.0137475
0 0.166135 0.031631 0.0274884 0.0622866 0.013693
0 0.501009 0.4596 0.052848 0.0863708 0.0130894
0 0.444906 0.517178 0.1261 0.201114 0.0120813
0 0.00451562 0.0131357 0.00903125 0.0229843 0.0111188
0 0.594189 0.967736 0.0329314 0.0428123 0.00842621
0 0.537063 0.446143 0.160533 0.128312 0.0066426
0 0.587802 0.969532 0.0256555 0.0334171 0.00579009
0 0.754151 0.0264865 0.011092 0.0150102 0.00479955
0 0.152013 0.0333836 0.0614324 0.0667673 0.00399374
0 0.467587 0.494921 0.150336 0.178121 0.00386707
0 0.538124 0.529325 0.160343 0.251074 0.00325351
0 0.831236 0.00866905 0.0144241 0.00986627 0.0028596
0 0.632999 0.020007 0.0286309 0.0247682 0.00273626
0 0.563766 0.509408 0.284649 0.261468 0.00269979
0 0.496014 0.440839 0.0224419 0.0471128 0.00260147
0 0.131351 0.0404895 0.0977354 0.080979 0.00249488
0 0.474943 0.553547 0.179559 0.203467 0.00244677
0 0.976323 0.241883 0.0218897 0.0453618 0.00244623
0 0.160012 0.0245344 0.0249249 0.0486874 0.00243591
0 0.00311926 0.0167248 0.00623853 0.0332696 0.00239052
0 0.0127486 0.0173454 0.0187351 0.029229 0.00238441
0 0.753714 0.0270525 0.00789881 0.0125743 0.00232009
0 0.0915581 0.0483065 0.0522905 0.0946482 0.00224472
0 0.512317 0.469968 0.143683 0.126561 0.00223669
0 0.757011 0.0242244 0.0137755 0.0179937 0.00211167
0 0.17378 0.0310951 0.0306769 0.0511276 0.00204225
0 0.472834 0.466314 0.12284 0.12148 0.00188425
0 0.432955 0.511284 0.198075 0.231233 0.00182165
0 0.100106 0.0479339 0.106682 0.0958677 0.00175547
0 0.43761 0.553981 0.0951677 0.161213 0.00174622
0 0.978171 0.241166 0.0190821 0.0299727 0.00161423
0 0.503314 0.438139 0.0556482 0.0813203 0.0015875
0 0.983946 0.974586 0.0319437 0.0444695 0.00157594
0 0.00947962 0.0196095 0.0189592 0.039219 0.00155309
0 0.0341442 0.469694 0.0667113 0.135873 0.0014915
0 0.728897 0.381389 0.00648909 0.0227123 0.00144742
0 0.983924 0.24137 0.0248341 0.0471653 0.00144471
0 0.516565 0.148942 0.00376253 0.0138443 0.00142704
0 0.831151 0.0115441 0.0148485 0.0135478 0.0013711
0 0.363831 0.968249 0.0385501 0.0447493 0.00135415
0 0.640027 0.0172785 0.035681 0.0251766 0.00128126
0 0.594436 0.97123 0.0138548 0.0198748 0.001281
0 0.975058 0.925034 0.0245172 0.0428896 0.00127965
0 0.00238447 0.00882627 0.00476894 0.0176525 0.00127832
0 0.977615 0.976839 0.0253443 0.0341414 0.00124139
0 0.982244 0.979132 0.0203394 0.0317762 0.00121442
0 0.873838 0.00597799 0.0451714 0.011956 0.00116555
0 0.82619 0.00625604 0.0223919 0.00994356 0.00116306
0 0.623622 0.0187975 0.0477777 0.0257468 0.001156
0 0.599861 0.971788 0.0200552 0.0236359 0.00115503
0 0.0755628 0.0455832 0.0699126 0.0840271 0.00115059
0 0.88153 0.00500563 0.0419586 0.0100113 0.00112099
0 0.538625 0.425727 0.134269 0.0915744 0.00109751
0 0.558871 0.438207 0.12368 0.100654 0.00108443
0 0.625309 0.0238208 0.0244328 0.0206332 0.0010817
0 0.0371997 0.413699 0.0743995 0.261612 0.00106642
0 0.424116 0.505572 0.274114 0.279973 0.00104382
0 0.9752 0.453138 0.023941 0.0531667 0.00102828
0 0.498959 0.633376 0.324869 0.480242 0.00101153
