0 0.513442 0.501886 0.156864 0.208631 0.816298
0 0.655994 0.48497 0.0237292 0.0245681 0.445039
0 0.538557 0.465904 0.108639 0.139212 0.0650945
0 0.564813 0.439619 0.0570225 0.0740635 0.0539316
0 0.330428 0.493477 0.0335738 0.0315615 0.0465714
0 0.412933 0.450252 0.0234406 0.0445001 0.0399778
0 0.570691 0.433799 0.0406865 0.0578141 0.0323811
0 0.575907 0.423583 0.0271995 0.0407187 0.0237596
0 0.656604 0.489426 0.0299967 0.0535462 0.0165668
0 0.989885 0.683004 0.0140289 0.0250401 0.0164346
0 0.98687 0.681968 0.0142199 0.0193578 0.0157765
0 0.550193 0.447994 0.0696212 0.083667 0.0143429
0 0.984457 0.682072 0.0168423 0.0303321 0.0135564
0 0.478146 0.520797 0.12616 0.171464 0.0103526
0 0.564314 0.449228 0.0816881 0.0985459 0.00966484
0 0.514125 0.286342 0.0263994 0.0343878 0.00851748
0 0.984954 0.6878 0.0150393 0.0181658 0.00793265
0 0.982595 0.688538 0.0170742 0.029256 0.00727213
0 0.436339 0.429699 0.0212558 0.0161915 0.00653079
0 0.413162 0.450371 0.0304782 0.05969 0.00624925
0 0.506916 0.522012 0.135074 0.122443 0.00591398
0 0.793799 0.777886 0.0218813 0.0604023 0.00578051
0 0.890457 0.503386 0.0144772 0.0140087 0.00555506
0 0.51489 0.483203 0.137445 0.13552 0.00535726
0 0.988046 0.687481 0.0185402 0.0284412 0.00511191
0 0.491934 0.548541 0.10242 0.144117 0.00462813
0 0.799035 0.776623 0.0185596 0.0535913 0.00421655
0 0.416962 0.435183 0.0227362 0.0235451 0.00385645
0 0.472722 0.525246 0.197713 0.199553 0.003833
0 0.330803 0.493988 0.0405848 0.0510002 0.00382259
0 0.564788 0.492138 0.198134 0.18592 0.00377853
0 0.99179 0.689083 0.0164207 0.0306988 0.00347073
0 0.0189426 0.12935 0.0294737 0.0597525 0.00310502
0 0.494994 0.518685 0.0847356 0.131834 0.0029633
0 0.421179 0.524397 0.0203954 0.0242731 0.00293441
0 0.418509 0.5208 0.0187228 0.0253769 0.00284802
0 0.573792 0.498326 0.279643 0.224697 0.00278064
0 0.436306 0.234422 0.0250275 0.0272931 0.00240285
0 0.413374 0.461492 0.0205821 0.051712 0.00233306
0 0.378785 0.554796 0.0135998 0.0334349 0.0022521
0 0.989833 0.688526 0.020334 0.0374607 0.00223704
0 0.580643 0.452844 0.237989 0.245818 0.00222428
0 0.580209 0.415335 0.0233567 0.0240643 0.00219154
0 0.516914 0.502181 0.086744 0.14379 0.00195176
0 0.984834 0.678407 0.0303322 0.0481597 0.00192232
0 0.976142 0.840965 0.0124474 0.0495462 0.00186467
0 0.509265 0.290948 0.0319274 0.0354807 0.00184347
0 0.470017 0.553913 0.0864005 0.105183 0.00178788
0 0.666496 0.488689 0.0339549 0.0253636 0.00178436
0 0.892073 0.50179 0.0214912 0.0144465 0.00156492
0 0.424227 0.439244 0.0343049 0.0268136 0.001547
0 0.973337 0.303527 0.0212891 0.0423574 0.00150917
0 0.648686 0.496413 0.0412676 0.0443486 0.00148281
0 0.549156 0.442126 0.0533538 0.0640204 0.00146897
0 0.977221 0.302746 0.0195187 0.030792 0.00143823
0 0.417472 0.444355 0.0428158 0.0674477 0.0013907
0 0.541032 0.420921 0.234281 0.233165 0.00138569
0 0.889527 0.504164 0.0191696 0.022075 0.00129555
0 0.978353 0.840247 0.0138281 0.0348236 0.0012461
0 0.412052 0.47969 0.0192155 0.0753099 0.00123659
0 0.450035 0.457298 0.0999319 0.122327 0.00122136
0 0.976651 0.845866 0.0426882 0.10596 0.00120627
0 0.417612 0.514567 0.0208968 0.0456158 0.00117435
0 0.409678 0.441282 0.0286423 0.0472437 0.00115973
0 0.330321 0.485817 0.0465505 0.0333158 0.00114931
0 0.257458 0.96949 0.0325925 0.0372869 0.00113775
0 0.320792 0.491007 0.0325734 0.0305079 0.0011321
0 0.21762 0.975857 0.0617433 0.0388519 0.00112709
0 0.519008 0.447949 0.127324 0.101722 0.00109003
0 0.985616 0.838231 0.013442 0.0672596 0.00106674
0 0.520011 0.283428 0.0433793 0.0349682 0.00101859
0 0.405558 0.551605 0.444813 0.291613 0.00101692
