0 0.50898 0.501649 0.147729 0.222326 0.836306
0 0.286425 0.819502 0.375665 0.0786171 0.538478
0 0.514889 0.559497 0.0183232 0.0390153 0.42845
0 0.526984 0.606874 0.0413963 0.0344449 0.370632
0 0.516032 0.561233 0.0246248 0.0564136 0.124413
0 0.267427 0.812339 0.439407 0.149494 0.100013
0 0.521702 0.577103 0.0343929 0.0690834 0.0927327
0 0.506606 0.535582 0.128932 0.145282 0.0808409
0 0.565322 0.50969 0.260698 0.240732 0.0693718
0 0.520431 0.591905 0.0578862 0.0578525 0.0419328
0 0.551984 0.413128 0.0457759 0.0404057 0.0405054
0 0.804409 0.6674 0.029347 0.0478134 0.0400868
0 0.515342 0.560834 0.0369045 0.0708185 0.0400418
0 0.498074 0.55969 0.100761 0.107982 0.0346011
0 0.823779 0.642259 0.0162012 0.0182139 0.0263534
0 0.514247 0.575077 0.0255926 0.0696557 0.0242095
0 0.286279 0.822702 0.164059 0.104036 0.0197958
0 0.55662 0.510509 0.144417 0.22141 0.0159182
0 0.268235 0.805252 0.293816 0.0822296 0.0144652
0 0.527539 0.615498 0.0406252 0.0274754 0.0139267
0 0.229298 0.871758 0.068924 0.0207567 0.013867
0 0.541639 0.467385 0.141896 0.141667 0.01365
0 0.235988 0.833579 0.285427 0.084107 0.012691
0 0.512715 0.583045 0.106184 0.12993 0.0112926
0 0.478378 0.562495 0.0877424 0.0945735 0.0106161
0 0.800317 0.660248 0.0189617 0.0313134 0.00981103
0 0.33131 0.0302477 0.0201314 0.0131165 0.00842384
0 0.810683 0.669907 0.0346853 0.0575969 0.0082232
0 0.94839 0.00846294 0.0182301 0.010982 0.00798509
0 0.54545 0.442125 0.0847859 0.0934531 0.00777551
0 0.47041 0.580692 0.0811488 0.0703589 0.00777389
0 0.816593 0.652883 0.0256874 0.0310347 0.00706362
0 0.340451 0.0296356 0.0474411 0.0204987 0.00694037
0 0.373001 0.00795561 0.0311041 0.0140896 0.00692459
0 0.400543 0.81451 0.180187 0.0709158 0.00675582
0 0.355369 0.0204769 0.0643625 0.0386041 0.0063289
0 0.53473 0.599764 0.0515768 0.04875 0.00581511
0 0.968242 0.856405 0.0418137 0.0593279 0.00567523
0 0.820455 0.680676 0.0551802 0.0775084 0.00566464
0 0.821511 0.646001 0.0178694 0.0253345 0.00530294
0 0.542047 0.467087 0.0692151 0.12601 0.00525824
0 0.551301 0.421386 0.0620785 0.057716 0.00515905
0 0.366067 0.0150596 0.0512748 0.0277386 0.00484194
0 0.619601 0.567184 0.0668197 0.0473992 0.00451634
0 0.333742 0.0245541 0.0398143 0.0262833 0.0043948
0 0.47881 0.542214 0.16841 0.191315 0.00437624
0 0.228114 0.87486 0.119147 0.0190619 0.00428666
0 0.826884 0.646898 0.0133671 0.0206999 0.0041893
0 0.376174 0.00747494 0.0214136 0.0121974 0.00412704
0 0.523329 0.608642 0.0589584 0.0413529 0.00387036
0 0.831413 0.692625 0.0760782 0.112695 0.00385802
0 0.802299 0.674357 0.0170746 0.0464781 0.00381566
0 0.333052 0.0254487 0.0264768 0.021793 0.00378406
0 0.444205 0.190073 0.0347281 0.0422314 0.00374464
0 0.238897 0.120646 0.0308308 0.0335922 0.0036551
0 0.328056 0.0289993 0.0355393 0.0172062 0.00359044
0 0.28833 0.787432 0.384225 0.107475 0.00353568
0 0.609741 0.628317 0.0306417 0.0188446 0.00348645
0 0.238027 0.821465 0.16796 0.0735811 0.00320186
0 0.345721 0.0198968 0.105214 0.0397935 0.00317667
0 0.257509 0.118079 0.0912371 0.0408469 0.00284646
0 0.519341 0.553932 0.0695071 0.0929567 0.00279601
0 0.80662 0.64527 0.0264105 0.0165847 0.00277752
0 0.242181 0.841054 0.484362 0.151888 0.00274609
0 0.227945 0.868235 0.0884029 0.0179754 0.0027443
0 0.496916 0.592901 0.196842 0.250649 0.00264339
0 0.287619 0.774507 0.478656 0.196672 0.00261382
0 0.141667 0.85226 0.128424 0.0577415 0.00260634
0 0.628119 0.564477 0.0452002 0.0278619 0.00259978
0 0.542679 0.591742 0.243163 0.32103 0.00252881
0 0.538392 0.621157 0.083576 0.127912 0.00248695
0 0.112344 0.824604 0.0497027 0.0201769 0.00247797
0 0.489925 0.566476 0.0592237 0.0710855 0.00246673
0 0.60968 0.578439 0.046665 0.0427688 0.00245748
0 0.479884 0.540718 0.107388 0.126988 0.00244251
0 0.825163 0.638978 0.0131037 0.0264932 0.00243458
0 0.558317 0.563881 0.183057 0.13442 0.00240923
0 0.521751 0.621497 0.0340153 0.0213865 0.00238305
0 0.376764 0.0110125 0.0222014 0.0199157 0.00238249
0 0.343863 0.0214608 0.0460682 0.0331641 0.00234308
0 0.357074 0.815294 0.225016 0.0779234 0.0021848
0 0.614473 0.575112 0.0664814 0.0746673 0.0021677
0 0.13728 0.841531 0.107357 0.0523539 0.00207456
0 0.630872 0.560642 0.0346145 0.0242071 0.0020268
0 0.550997 0.467099 0.107792 0.102192 0.00197626
0 0.457508 0.591766 0.0588801 0.0497324 0.00196914
0 0.818498 0.662776 0.0351482 0.0485338 0.00195798
0 0.800965 0.649635 0.0215084 0.0167774 0.00184291
0 0.350941 0.0257598 0.0477727 0.0296334 0.00183718
0 0.582264 0.583255 0.205128 0.265625 0.0017779
0 0.946818 0.0112022 0.0172583 0.0172238 0.0017678
0 0.262431 0.904231 0.524861 0.191538 0.00174933
0 0.29306 0.845295 0.336645 0.0829428 0.00170345
0 0.240928 0.120453 0.0497094 0.0366497 0.00168863
0 0.480051 0.475931 0.227063 0.235122 0.00166303
0 0.343889 0.0255902 0.0741171 0.0376719 0.00165186
0 0.238615 0.803827 0.253853 0.0603453 0.0016517
0 0.264995 0.804776 0.157051 0.065847 0.00164483
0 0.518182 0.481216 0.112177 0.111687 0.00157982
0 0.585525 0.530875 0.147958 0.216818 0.00157224
0 0.838611 0.712483 0.0662674 0.119645 0.00153348
0 0.427398 0.814593 0.110248 0.0778854 0.00152259
0 0.813915 0.498956 0.0115618 0.0138447 0.00151502
0 0.8011 0.65407 0.0237322 0.0281094 0.00146308
0 0.554753 0.586655 0.137006 0.0921746 0.00136788
0 0.582174 0.592155 0.255032 0.39949 0.00136413
0 0.590237 0.57886 0.140022 0.086634 0.00135462
0 0.37359 0.015459 0.0785853 0.0309181 0.00135045
0 0.335915 0.800983 0.29039 0.0820087 0.00134075
0 0.183617 0.515974 0.237173 0.273355 0.00131535
0 0.386949 0.804753 0.414561 0.157776 0.00128231
0 0.625966 0.508438 0.37563 0.302738 0.00127756
0 0.95135 0.0114096 0.0184673 0.0161765 0.00125435
0 0.44578 0.182494 0.0273441 0.0363403 0.00123024
0 0.357158 0.00942986 0.0742497 0.0188597 0.00122063
0 0.821666 0.7058 0.0540081 0.128768 0.00122059
0 0.526423 0.474273 0.0709741 0.0925049 0.00116968
0 0.260475 0.863726 0.312464 0.0568693 0.00114605
0 0.237313 0.87261 0.0525521 0.0138721 0.00113458
0 0.32087 0.0188438 0.113637 0.0331498 0.0011326
0 0.516796 0.604978 0.0382457 0.0356842 0.00112021
0 0.355874 0.0266348 0.0781499 0.0532696 0.00107323
0 0.317663 0.0160538 0.158176 0.0321076 0.00107096
0 0.436716 0.235167 0.0125892 0.0166328 0.0010539
0 0.492244 0.475682 0.151389 0.15709 0.0010459
0 0.546259 0.608013 0.0875005 0.0476619 0.00103906
0 0.464578 0.582321 0.0572274 0.058912 0.00103773
0 0.229878 0.867349 0.07423 0.00926132 0.00103072
0 0.562146 0.417745 0.0698075 0.0450571 0.00102045
