0 0.33873 0.504673 0.0804034 0.0491682 0.800465
0 0.388192 0.297023 0.042237 0.0439353 0.788943
0 0.46206 0.679846 0.0215826 0.0834675 0.543364
0 0.475166 0.5773 0.0277276 0.0294661 0.309097
0 0.338027 0.50976 0.082997 0.0809665 0.139021
0 0.322043 0.506125 0.04265 0.0291507 0.0637866
0 0.31276 0.504193 0.0221818 0.0196206 0.0611514
0 0.464705 0.659704 0.0205307 0.0507285 0.0464072
0 0.461762 0.713215 0.0111146 0.0194709 0.0431087
0 0.381115 0.302995 0.0627479 0.091859 0.0335427
0 0.475669 0.582202 0.034326 0.0544697 0.0323143
0 0.461556 0.709121 0.0124182 0.0304426 0.0320598
0 0.137779 0.450239 0.0433415 0.0657301 0.0308186
0 0.392177 0.307353 0.0353148 0.0333014 0.0289047
0 0.461463 0.699503 0.0147413 0.0492295 0.0220778
0 0.466318 0.669789 0.0318799 0.0867885 0.0213382
0 0.396907 0.300075 0.0332229 0.0360905 0.020398
0 0.319295 0.500605 0.0333122 0.0257006 0.0196828
0 0.462174 0.70937 0.0192803 0.0238663 0.0193594
0 0.380431 0.293746 0.0355629 0.0436826 0.0182156
0 0.33882 0.5008 0.179362 0.212238 0.0171236
0 0.391377 0.288531 0.0710009 0.0980571 0.0148314
0 0.465786 0.652044 0.0208505 0.0323213 0.0141096
0 0.481784 0.599128 0.0423809 0.0576279 0.0129797
0 0.387233 0.284067 0.0360811 0.0443618 0.00959933
0 0.461608 0.672357 0.0491418 0.10504 0.00940396
0 0.615278 0.974593 0.034384 0.0424679 0.00893569
0 0.386806 0.307772 0.041019 0.0462897 0.00877676
0 0.462095 0.698615 0.0232713 0.0572179 0.00870187
0 0.831558 0.66144 0.0202015 0.0281054 0.00831064
0 0.455263 0.682384 0.0234572 0.0817346 0.00789698
0 0.616395 0.978816 0.0197081 0.0277988 0.0068978
0 0.490889 0.606225 0.0359264 0.0442169 0.00658452
0 0.472582 0.66246 0.0584719 0.123882 0.00524717
0 0.349243 0.298911 0.174717 0.261195 0.00521303
0 0.342098 0.491478 0.105964 0.096815 0.00510453
0 0.390855 0.296438 0.19116 0.27885 0.00506706
0 0.830829 0.663753 0.0166271 0.020485 0.00480588
0 0.339055 0.519995 0.0745721 0.0535605 0.00478385
0 0.472288 0.679793 0.04616 0.0857151 0.00477608
0 0.359025 0.505632 0.105607 0.0827601 0.00473616
0 0.363172 0.504599 0.0867055 0.0521514 0.00450073
0 0.608647 0.978906 0.0241286 0.0421877 0.00434461
0 0.405974 0.298001 0.0587869 0.045642 0.00380488
0 0.401444 0.308615 0.0193275 0.0279168 0.00371002
0 0.13594 0.460533 0.0407658 0.0428535 0.00361714
0 0.365129 0.511359 0.0662243 0.0463311 0.00360615
0 0.0996793 0.10535 0.199359 0.2107 0.00321126
0 0.612139 0.977548 0.0203813 0.0346546 0.00316473
0 0.311756 0.509299 0.0255107 0.02691 0.00315
0 0.479596 0.660799 0.0817721 0.171223 0.00309184
0 0.474843 0.606697 0.0446811 0.0735853 0.00291683
0 0.994466 0.979698 0.00835934 0.0338095 0.00273144
0 0.734027 0.62887 0.0127968 0.00930529 0.00272226
0 0.459281 0.708012 0.0177409 0.0392495 0.00271128
0 0.348614 0.510721 0.0570436 0.0581889 0.00268989
0 0.990367 0.974407 0.0192657 0.0489676 0.00260041
0 0.494839 0.611212 0.02991 0.0335368 0.0025385
0 0.484197 0.57961 0.0340573 0.0334264 0.00242092
0 0.307052 0.505524 0.0321987 0.0258058 0.00219079
0 0.472097 0.636486 0.0458155 0.136434 0.002189
0 0.39724 0.287683 0.0481423 0.0591798 0.0021841
0 0.990426 0.977396 0.0129278 0.0297195 0.00217123
0 0.102507 0.908866 0.0142679 0.0153362 0.00206397
0 0.363815 0.513574 0.0394168 0.0449008 0.00204669
0 0.341014 0.491226 0.0726742 0.0396477 0.00201552
0 0.365731 0.0140964 0.0152901 0.0217718 0.00195712
0 0.0996945 0.913529 0.0196976 0.0082777 0.00184297
0 0.51542 0.726256 0.0169898 0.0255796 0.00180692
0 0.836532 0.657991 0.0268934 0.0325667 0.00180279
0 0.525758 0.685192 0.0148677 0.0150688 0.00176616
0 0.46659 0.580105 0.0248077 0.0317631 0.00176212
0 0.510671 0.719809 0.0190759 0.0350135 0.0017123
0 0.733357 0.630163 0.0132607 0.0155764 0.00169028
0 0.0972746 0.914617 0.0124199 0.0190699 0.00162495
0 0.485138 0.613305 0.0444323 0.0548837 0.00160443
0 0.377879 0.286172 0.026126 0.0287064 0.00160256
0 0.0528802 0.139365 0.0479072 0.0313795 0.00157953
0 0.100753 0.90875 0.0145338 0.00956001 0.00152881
0 0.471741 0.71282 0.0277205 0.0383119 0.00146543
0 0.739836 0.809084 0.00819101 0.029417 0.00141464
0 0.126087 0.449441 0.0737133 0.100046 0.00134357
0 0.73667 0.62709 0.0155138 0.0163336 0.00131396
0 0.102362 0.912387 0.0204521 0.0187737 0.00129323
0 0.493489 0.590322 0.0576022 0.0648079 0.00128069
0 0.472244 0.657552 0.0294827 0.0552001 0.00118342
0 0.735536 0.628049 0.00848026 0.00891428 0.0011725
0 0.365461 0.497901 0.0569339 0.0426259 0.00115967
0 0.342949 0.470719 0.239133 0.195528 0.0011043
0 0.473135 0.5663 0.0255473 0.021635 0.00108115
0 0.0981188 0.909179 0.0135134 0.020245 0.0010762
0 0.499325 0.715398 0.0265571 0.0372386 0.00106509
0 0.245743 0.953559 0.013657 0.0247328 0.00106097
0 0.985666 0.974326 0.0256741 0.0513482 0.0010601
0 0.376025 0.006938 0.0181768 0.013876 0.00105327
0 0.369783 0.0118483 0.0166481 0.0160775 0.00105313
0 0.99388 0.976623 0.0122395 0.035549 0.00105226
0 0.836681 0.663759 0.0194889 0.0220193 0.00104747
0 0.459247 0.708145 0.0257584 0.053104 0.00103284
0 0.491676 0.649889 0.195089 0.252727 0.0010133
