0 0.527719 0.505427 0.114892 0.130046 0.581779
0 0.519371 0.502845 0.150569 0.168274 0.0890729
0 0.270513 0.155132 0.056529 0.138913 0.0626319
0 0.261869 0.391716 0.0480971 0.124144 0.0406743
0 0.313527 0.247587 0.0374062 0.0495318 0.03435
0 0.26636 0.408693 0.0456071 0.0838298 0.0285293
0 0.533223 0.553743 0.145934 0.237298 0.0219631
0 0.245801 0.305083 0.0887605 0.261953 0.0143102
0 0.259776 0.35357 0.0437277 0.0741004 0.014261
0 0.25805 0.360849 0.0702318 0.186607 0.0126792
0 0.845899 0.673379 0.0179834 0.0221375 0.0111004
0 0.0337027 0.143387 0.0601323 0.109865 0.0102929
0 0.307748 0.324277 0.0398169 0.0810297 0.00840892
0 0.375924 0.743383 0.0277409 0.033411 0.00650893
0 0.226285 0.288984 0.0993832 0.304102 0.00645378
0 0.265555 0.28554 0.0665752 0.148926 0.0063746
0 0.33248 0.62981 0.020529 0.0353827 0.00622809
0 0.257319 0.309862 0.0611907 0.200886 0.00577619
0 0.189985 0.227752 0.0802876 0.195519 0.00540536
0 0.552791 0.581498 0.193295 0.312025 0.0053215
0 0.259802 0.348043 0.0523582 0.12695 0.00517009
0 0.203245 0.252064 0.0889986 0.280387 0.0050702
0 0.380022 0.744612 0.0382688 0.0441772 0.00471526
0 0.27679 0.288861 0.0757677 0.18913 0.0045391
0 0.241944 0.30278 0.183437 0.317673 0.00448102
0 0.289163 0.152675 0.189839 0.245266 0.00440963
0 0.988429 0.877184 0.0111654 0.0365252 0.00418178
0 0.989694 0.870923 0.0120832 0.0349396 0.00411786
0 0.381834 0.751655 0.026301 0.0296735 0.0040801
0 0.387763 0.754153 0.031139 0.0451522 0.00405158
0 0.422129 0.853949 0.0145002 0.0185118 0.00398162
0 0.707916 0.151689 0.00779829 0.0175542 0.00396802
0 0.375283 0.751487 0.0239834 0.0299908 0.0038701
0 0.260647 0.379759 0.038585 0.0634904 0.00382631
0 0.0337977 0.818611 0.012291 0.0311363 0.00374362
0 0.263138 0.406814 0.0333763 0.0681245 0.00373156
0 0.283036 0.171881 0.0763718 0.196494 0.00332589
0 0.269391 0.139838 0.0824066 0.162958 0.00330583
0 0.274016 0.420979 0.0409316 0.0615996 0.00321273
0 0.849181 0.677551 0.0288162 0.0303734 0.00309592
0 0.392906 0.744762 0.0299876 0.041838 0.00304337
0 0.26922 0.28963 0.0437552 0.135579 0.00302976
0 0.993632 0.869959 0.00866528 0.0337372 0.00300049
0 0.992594 0.877298 0.007201 0.0423906 0.00296287
0 0.330226 0.623878 0.0168397 0.0353124 0.00296139
0 0.572509 0.541874 0.201446 0.204342 0.00294701
0 0.301479 0.25524 0.0680103 0.119363 0.00290907
0 0.387228 0.762998 0.0182858 0.0312861 0.00288465
0 0.36104 0.677737 0.0167944 0.0425659 0.00283753
0 0.0323089 0.820212 0.0174863 0.0365171 0.00282916
0 0.279565 0.430411 0.0263285 0.04272 0.00281323
0 0.264041 0.418142 0.0649309 0.160711 0.00275363
0 0.391766 0.780173 0.0171075 0.0364792 0.00270538
0 0.253583 0.367358 0.0544897 0.120665 0.00270289
0 0.392507 0.766871 0.0211164 0.0402806 0.00268224
0 0.250728 0.358756 0.045397 0.0756482 0.00265383
0 0.486944 0.502926 0.160364 0.15014 0.00262514
0 0.359158 0.668179 0.021365 0.0498308 0.00251861
0 0.245684 0.388641 0.182923 0.277085 0.00251705
0 0.300782 0.335555 0.0372514 0.113009 0.00244332
0 0.840454 0.680226 0.0246454 0.0232107 0.00243168
0 0.307161 0.310153 0.0296169 0.0793027 0.00242607
0 0.315075 0.246892 0.053711 0.0743403 0.0023932
0 0.285112 0.180589 0.0995163 0.253189 0.00229028
0 0.207478 0.257178 0.194316 0.340861 0.0022455
0 0.190506 0.826128 0.0173751 0.0429388 0.0021886
0 0.988385 0.890814 0.0124447 0.0415442 0.00212552
0 0.280343 0.436784 0.019908 0.022321 0.00210446
0 0.393524 0.793455 0.0175241 0.0304661 0.00207336
0 0.260801 0.330961 0.0397795 0.110155 0.0019795
0 0.249738 0.182695 0.199703 0.257483 0.0019761
0 0.548835 0.531767 0.127735 0.162899 0.00197065
0 0.579196 0.506651 0.262533 0.196927 0.00196733
0 0.364247 0.673348 0.0187995 0.0411476 0.00195891
0 0.262052 0.305632 0.0455737 0.109069 0.00194897
0 0.755292 0.968336 0.0340402 0.0465117 0.00194256
0 0.345398 0.666235 0.0214341 0.0456868 0.00193304
0 0.343078 0.658342 0.0245224 0.0470314 0.00190705
0 0.0985921 0.545733 0.155794 0.133388 0.00189684
0 0.25551 0.155861 0.0576363 0.157422 0.00186604
0 0.371602 0.732246 0.0309421 0.0437069 0.00186546
0 0.99085 0.874881 0.0182991 0.0614178 0.00183854
0 0.33206 0.630705 0.0265151 0.0463654 0.00179862
0 0.360097 0.714467 0.0185044 0.0317186 0.00179616
0 0.17704 0.209364 0.0723481 0.159194 0.00178456
0 0.189947 0.828836 0.0269755 0.0384411 0.00178272
0 0.378352 0.735376 0.0319453 0.045242 0.0017418
0 0.269872 0.361322 0.0510335 0.143607 0.001734
0 0.39458 0.80479 0.0156178 0.0285311 0.00173167
0 0.521924 0.540057 0.107055 0.101141 0.00168821
0 0.279043 0.278693 0.0554749 0.137369 0.0016769
0 0.481838 0.534022 0.209701 0.228134 0.00164729
0 0.316421 0.258607 0.032467 0.0583379 0.00160607
0 0.985547 0.869905 0.0144154 0.0414434 0.00160328
0 0.347172 0.675212 0.0192762 0.0496606 0.00159897
0 0.98751 0.743832 0.0126198 0.0447353 0.00158712
0 0.421387 0.864663 0.0146887 0.0297514 0.00156054
0 0.401362 0.746441 0.0185262 0.0356464 0.00150734
0 0.26317 0.391576 0.0313077 0.0638701 0.00148903
0 0.980156 0.741834 0.0181448 0.0454687 0.00147958
0 0.187613 0.190084 0.0628252 0.115497 0.00147308
0 0.23422 0.318574 0.0450454 0.10872 0.00147061
0 0.393436 0.784152 0.0213205 0.0497723 0.00145127
0 0.357831 0.656592 0.0271025 0.0608221 0.00143119
0 0.418545 0.84789 0.01984 0.0242374 0.00142892
0 0.309323 0.297873 0.0406422 0.109405 0.00141509
0 0.992134 0.890692 0.00739689 0.0444391 0.00140933
0 0.315686 0.334322 0.033708 0.0848406 0.00139183
0 0.988791 0.888646 0.0224184 0.064382 0.00137754
0 0.711771 0.150124 0.0140068 0.0209367 0.00136527
0 0.353627 0.666979 0.0290574 0.060871 0.00135791
0 0.293405 0.263415 0.120646 0.234257 0.00134039
0 0.382021 0.740897 0.0487058 0.061732 0.00133801
0 0.406478 0.817833 0.0201628 0.0328806 0.00133207
0 0.282122 0.34731 0.178634 0.331694 0.00132263
0 0.338946 0.652085 0.0249332 0.0508345 0.00131949
0 0.280249 0.0163081 0.0534736 0.0326163 0.00129766
0 0.501823 0.507912 0.110046 0.122311 0.00127643
0 0.755276 0.973344 0.00703058 0.0287424 0.00126998
0 0.413428 0.840631 0.0213774 0.0304384 0.00125305
0 0.388249 0.753277 0.0380723 0.0681767 0.00124888
0 0.410203 0.829176 0.0218256 0.0314524 0.00124767
0 0.357959 0.707774 0.0189436 0.0334198 0.00124672
0 0.401013 0.807777 0.0188658 0.0317951 0.00123184
0 0.747427 0.968544 0.0288453 0.0477053 0.00122874
0 0.229333 0.299701 0.055569 0.117643 0.00121729
0 0.990118 0.861281 0.0121439 0.0326654 0.00120089
0 0.988351 0.753291 0.0133997 0.0363637 0.00119232
0 0.552244 0.449461 0.0181705 0.0412363 0.00118448
0 0.363651 0.71779 0.0245376 0.0581757 0.00117116
0 0.983355 0.879432 0.0147957 0.0516142 0.00116703
0 0.358546 0.68256 0.0236492 0.0580095 0.00116592
0 0.326807 0.616617 0.0199716 0.0346745 0.00115569
0 0.518435 0.476201 0.105048 0.131825 0.00112572
0 0.234973 0.238706 0.168456 0.255522 0.00109682
0 0.541572 0.475926 0.0863154 0.138147 0.00108344
0 0.983426 0.740802 0.0131775 0.0335816 0.00107253
0 0.736826 0.970865 0.0371383 0.0454365 0.00105327
0 0.991813 0.743247 0.00797119 0.0414362 0.00105049
0 0.332469 0.632186 0.0296488 0.0694452 0.00104145
0 0.42041 0.857215 0.0201642 0.0314396 0.00103843
0 0.321344 0.245799 0.0291065 0.0476203 0.00103782
0 0.539338 0.473161 0.0664947 0.0980371 0.00101551
0 0.252693 0.124449 0.26866 0.230925 0.00100895
