0 0.289131 0.738662 0.0254243 0.0452624 0.766828
0 0.696771 0.290794 0.0615134 0.0837277 0.709786
0 0.143261 0.133349 0.232514 0.215632 0.125465
0 0.0558876 0.304841 0.0364311 0.0433686 0.0837313
0 0.666352 0.172828 0.0304174 0.017525 0.0295826
0 0.695169 0.294681 0.174349 0.192893 0.0257044
0 0.158528 0.117589 0.155753 0.17355 0.022365
0 0.29005 0.747383 0.0202951 0.0464868 0.0186962
0 0.418587 0.0251025 0.123 0.0502051 0.0166496
0 0.0697335 0.182466 0.107407 0.0938054 0.0140036
0 0.0458781 0.301942 0.0496874 0.0473886 0.0131329
0 0.295953 0.74078 0.0213675 0.0399218 0.0130969
0 0.689268 0.285466 0.0501359 0.0645959 0.00825675
0 0.290979 0.728265 0.0198943 0.0380565 0.00723534
0 0.0168447 0.236274 0.0336894 0.0685906 0.00718178
0 0.0186066 0.252025 0.0261979 0.0361815 0.00582201
0 0.291122 0.727259 0.0249138 0.0252446 0.00573027
0 0.183595 0.118282 0.343952 0.218476 0.00512247
0 0.0147091 0.224694 0.0294182 0.100871 0.00481795
0 0.697966 0.311022 0.0545759 0.101323 0.00418549
0 0.712066 0.297209 0.0739727 0.0889895 0.00386212
0 0.991221 0.00914871 0.0132036 0.0121685 0.00370288
0 0.28778 0.742139 0.0486863 0.0522224 0.00354302
0 0.68547 0.205397 0.0110504 0.0219643 0.00334376
0 0.723024 0.292017 0.119097 0.097867 0.00329026
0 0.0960921 0.170725 0.0728026 0.0809363 0.00303674
0 0.0696926 0.168361 0.0869137 0.0734149 0.00296519
0 0.113583 0.162105 0.163055 0.140743 0.00287202
0 0.184321 0.152669 0.162169 0.0912234 0.00285939
0 0.279154 0.733219 0.0282085 0.0403232 0.00284631
0 0.0358524 0.298871 0.0468774 0.0488536 0.00279944
0 0.710899 0.291572 0.049162 0.0678514 0.00275141
0 0.293575 0.759426 0.0173825 0.0290711 0.00244227
0 0.281072 0.75013 0.0386005 0.0450234 0.0022761
0 0.684295 0.260432 0.0307115 0.0283697 0.00227332
0 0.866936 0.195869 0.0180075 0.0115213 0.00217882
0 0.314192 0.139515 0.628384 0.243096 0.00215591
0 0.279415 0.741678 0.0234868 0.0400205 0.00214471
0 0.183682 0.141268 0.222423 0.142799 0.00213624
0 0.416843 0.0347132 0.15514 0.0694265 0.00193111
0 0.167899 0.721937 0.0246951 0.0355433 0.00187205
0 0.0929931 0.798838 0.00576887 0.0248932 0.0018322
0 0.0174665 0.961112 0.0337372 0.0777768 0.00176252
0 0.458866 0.00984119 0.0362969 0.0196824 0.00173092
0 0.0472338 0.312387 0.0677727 0.107272 0.00166327
0 0.293762 0.749048 0.0331082 0.0400157 0.00166114
0 0.992822 0.0124371 0.0118584 0.0195655 0.00163569
0 0.988321 0.00687117 0.0195194 0.0117982 0.00156329
0 0.465632 0.00728185 0.0347964 0.0145637 0.00155735
0 0.142421 0.179659 0.282087 0.246434 0.00153897
0 0.688334 0.271406 0.0442131 0.0636615 0.00147102
0 0.634142 0.684889 0.00871582 0.0136574 0.00137416
0 0.240863 0.187015 0.481727 0.337845 0.00135326
0 0.465913 0.998929 0.0205507 0.00214243 0.00134266
0 0.0100972 0.21973 0.0156632 0.0655803 0.00133044
0 0.986009 0.973044 0.0279819 0.0539128 0.00127946
0 0.288275 0.760469 0.0208992 0.0391036 0.00127118
0 0.0217755 0.255173 0.0199927 0.0267833 0.00126759
0 0.0205733 0.214072 0.0388808 0.111815 0.00126733
0 0.322205 0.192399 0.64441 0.384797 0.00126273
0 0.692204 0.262758 0.0393265 0.0434231 0.0012196
0 0.684718 0.278104 0.075661 0.120133 0.00119264
0 0.869724 0.197668 0.0153679 0.0144225 0.00114915
0 0.453435 0.0212254 0.108249 0.0424508 0.001121
0 0.573192 0.346541 0.0379891 0.0797349 0.00109875
0 0.069754 0.161951 0.0630376 0.0553741 0.00107054
0 0.0178003 0.250627 0.0305079 0.0525396 0.00106408
0 0.29775 0.751068 0.0163617 0.0403568 0.00106045
0 0.0885085 0.798208 0.0138245 0.0249601 0.00105463
0 0.0403467 0.0197049 0.0806934 0.0361648 0.00105267
0 0.683555 0.202468 0.0169801 0.0225007 0.00101587
