0 0.252287 0.555053 0.15729 0.10184 0.759534
0 0.785755 0.479893 0.214597 0.197681 0.74018
0 0.13259 0.548689 0.0711275 0.0369831 0.676615
0 0.49169 0.550019 0.106797 0.0358448 0.60005
0 0.479029 0.55986 0.142513 0.0561832 0.466392
0 0.417504 0.592882 0.100874 0.0372939 0.451354
0 0.555857 0.0188351 0.104879 0.0376703 0.419241
0 0.426356 0.589233 0.141161 0.0469176 0.335554
0 0.455528 0.582598 0.177855 0.0728861 0.154887
0 0.515743 0.0213894 0.0296023 0.0427788 0.149778
0 0.470642 0.564734 0.163496 0.0846689 0.136722
0 0.59416 0.00976435 0.0265714 0.0166319 0.0925837
0 0.328332 0.563623 0.334071 0.100975 0.0822544
0 0.268839 0.5538 0.241831 0.142608 0.0637001
0 0.126524 0.555102 0.0836963 0.0837859 0.0503336
0 0.558482 0.0368266 0.121287 0.0736532 0.0435957
0 0.146893 0.54758 0.0493619 0.0354783 0.0433093
0 0.355762 0.582492 0.313055 0.0571181 0.0368875
0 0.824041 0.468354 0.3124 0.23719 0.0350715
0 0.460188 0.550413 0.0889417 0.036334 0.0333495
0 0.423282 0.579016 0.191907 0.0884652 0.03208
0 0.492449 0.546989 0.0604186 0.0362645 0.0309483
0 0.457363 0.555664 0.189574 0.157293 0.0265266
0 0.456407 0.548995 0.0319701 0.0324319 0.0264821
0 0.142605 0.549857 0.0663505 0.0507449 0.0261997
0 0.415553 0.589975 0.0601372 0.0369142 0.0259139
0 0.733124 0.488384 0.113734 0.202285 0.0244891
0 0.251349 0.559148 0.0962183 0.0863769 0.0235856
0 0.439019 0.592487 0.239689 0.141496 0.0228169
0 0.321005 0.00506544 0.0279306 0.0101309 0.0211972
0 0.578283 0.0153793 0.0986898 0.0307586 0.0206988
0 0.514331 0.545608 0.0669334 0.0271708 0.0205687
0 0.556165 0.0152145 0.0591222 0.030429 0.0174241
0 0.584247 0.0129892 0.0552768 0.0224015 0.0147977
0 0.572322 0.0214425 0.103945 0.0428849 0.0145431
0 0.418941 0.577513 0.13776 0.0583641 0.0144603
0 0.447604 0.553459 0.157 0.047337 0.0137642
0 0.595649 0.0117021 0.0384439 0.0220831 0.0137479
0 0.407814 0.603242 0.127518 0.0466668 0.0130004
0 0.536704 0.0205319 0.0844746 0.0410637 0.012797
0 0.523588 0.019671 0.0341605 0.0393421 0.0116416
0 0.133108 0.540934 0.117606 0.0931415 0.0112175
0 0.401144 0.598389 0.0831589 0.032947 0.0107551
0 0.109834 0.543694 0.0243182 0.016957 0.0100019
0 0.140145 0.549684 0.222285 0.234351 0.00953929
0 0.546762 0.0549204 0.205882 0.109841 0.00945785
0 0.723558 0.46853 0.0844998 0.15627 0.00917569
0 0.312024 0.573335 0.401568 0.142398 0.00875965
0 0.309552 0.00709139 0.0526557 0.0124962 0.00821669
0 0.398241 0.585849 0.121447 0.0373094 0.00767968
0 0.597852 0.0111147 0.0239752 0.0222295 0.00765683
0 0.490387 0.55818 0.0907166 0.041818 0.00758538
0 0.224093 0.567521 0.137499 0.0788742 0.00718728
0 0.490524 0.540877 0.158332 0.0894413 0.00717383
0 0.13727 0.540864 0.0739935 0.0421362 0.00710772
0 0.192116 0.593189 0.0456343 0.0472867 0.00630026
0 0.801159 0.527444 0.219719 0.292038 0.00581036
0 0.874724 0.800748 0.057308 0.0545975 0.00528807
0 0.112824 0.549462 0.0377827 0.0239729 0.00509506
0 0.357319 0.667004 0.0274224 0.0236834 0.00500424
0 0.683734 0.577665 0.0146533 0.0194746 0.00489853
0 0.151722 0.557346 0.0338375 0.0265779 0.00462148
0 0.468908 0.549672 0.0539493 0.0352988 0.00459923
0 0.69584 0.993112 0.0307335 0.0137752 0.00459408
0 0.126178 0.559581 0.0806419 0.041209 0.00457784
0 0.732991 0.408208 0.0352848 0.0425861 0.00433449
0 0.491652 0.541686 0.0903815 0.0373397 0.00411586
0 0.398519 0.594041 0.0569608 0.0316621 0.00392667
0 0.20518 0.588351 0.0605177 0.0364383 0.00390136
0 0.319103 0.00910096 0.0304466 0.0155285 0.0038562
0 0.371055 0.596014 0.231634 0.0617571 0.0036818
0 0.33904 0.598229 0.291491 0.0995937 0.00349065
0 0.513994 0.00965576 0.027826 0.0183681 0.00340002
0 0.295035 0.00681027 0.0466303 0.0136205 0.00335366
0 0.381547 0.576496 0.073154 0.0207188 0.00327169
0 0.0869266 0.0219336 0.0326175 0.0419387 0.00324005
0 0.39151 0.579212 0.149728 0.042327 0.00320905
0 0.269978 0.550315 0.0936766 0.0788991 0.00310172
0 0.566083 0.0120984 0.0546173 0.0241969 0.00309615
0 0.50738 0.553718 0.134265 0.0814612 0.00302364
0 0.76684 0.444184 0.21962 0.144156 0.00294349
0 0.152873 0.0175198 0.033771 0.0341515 0.00288929
0 0.79876 0.0168221 0.0246094 0.0222747 0.00288039
0 0.796606 0.0178833 0.0179413 0.016972 0.00285118
0 0.294763 0.00532527 0.0246078 0.00934114 0.00280621
0 0.594924 0.00579559 0.0243366 0.0115912 0.00276057
0 0.219845 0.581047 0.0829906 0.0615722 0.00271009
0 0.722632 0.438645 0.0649093 0.0827524 0.00269818
0 0.729298 0.415546 0.0444783 0.0427541 0.00266943
0 0.278976 0.0158131 0.101421 0.0300034 0.00266053
0 0.409506 0.610353 0.144262 0.0932131 0.00262706
0 0.395499 0.577882 0.106358 0.0266494 0.00260561
0 0.415792 0.575842 0.0810943 0.0451552 0.00255273
0 0.342432 0.974146 0.0378666 0.0486032 0.00245293
0 0.341251 0.979992 0.0141419 0.0246973 0.00239678
0 0.340914 0.579477 0.157379 0.0481867 0.00235028
0 0.132657 0.569615 0.0699108 0.0669945 0.00234834
0 0.292007 0.97018 0.0370404 0.0520906 0.00234565
0 0.283635 0.00998991 0.0713212 0.0176977 0.00234234
0 0.527052 0.543792 0.031605 0.0210571 0.00234203
0 0.494144 0.573294 0.113707 0.0919583 0.00229658
0 0.80697 0.421256 0.26496 0.214887 0.00229303
0 0.577333 0.0724171 0.241723 0.144834 0.00226466
0 0.681426 0.957427 0.137112 0.0714493 0.00223499
0 0.141326 0.55729 0.0526557 0.0386037 0.00216463
0 0.529463 0.0320694 0.121014 0.0641388 0.00209452
0 0.829817 0.48481 0.155556 0.181723 0.00209319
0 0.556364 0.0600024 0.114064 0.117782 0.00208335
0 0.715664 0.482769 0.225941 0.219176 0.00208292
0 0.354021 0.665705 0.0359798 0.0309799 0.00205671
0 0.80097 0.00918188 0.0266176 0.0169437 0.00201345
0 0.989245 0.678633 0.0215109 0.036311 0.00200391
0 0.435895 0.155698 0.0340623 0.0577743 0.00199581
0 0.188078 0.582916 0.0420482 0.0521495 0.00198587
0 0.0884158 0.00936223 0.0230393 0.0180832 0.00198311
0 0.465724 0.542631 0.175745 0.0676746 0.00189184
0 0.122753 0.541065 0.0578358 0.028779 0.00187276
0 0.29363 0.537594 0.37749 0.128731 0.00186618
0 0.425013 0.549686 0.204515 0.0718707 0.00180674
0 0.269264 0.0154699 0.150063 0.0309399 0.00180182
0 0.199659 0.585665 0.0663921 0.0521267 0.00178082
0 0.39633 0.583628 0.0808224 0.0359998 0.0017438
0 0.797566 0.0139806 0.0170593 0.016921 0.00170172
0 0.83405 0.531599 0.331899 0.34151 0.00168133
0 0.238259 0.530656 0.135789 0.0651038 0.00167428
0 0.648357 0.965252 0.0786518 0.055398 0.00162828
0 0.880703 0.719883 0.0309784 0.035145 0.00162403
0 0.779458 0.575977 0.188709 0.260499 0.0016155
0 0.703927 0.486891 0.0508728 0.140791 0.00161483
0 0.666795 0.982964 0.0550941 0.0340722 0.00158924
0 0.523367 0.0129628 0.0409144 0.0259256 0.00158798
0 0.489443 0.525064 0.282271 0.188842 0.00158793
0 0.266537 0.0152388 0.0547621 0.029975 0.00158434
0 0.481677 0.0046171 0.0212671 0.0092342 0.00158014
0 0.735629 0.401528 0.0281767 0.024609 0.00156876
0 0.197357 0.557811 0.0314883 0.0670127 0.00156109
0 0.437569 0.589019 0.0545014 0.0270884 0.00156089
0 0.426656 0.585477 0.0580818 0.0339732 0.00154859
0 0.210529 0.970736 0.0388248 0.0438519 0.00154062
0 0.525598 0.0261448 0.0446728 0.0369359 0.00152984
0 0.565204 0.0201015 0.0539312 0.0270669 0.00152536
0 0.104278 0.544294 0.0204131 0.0150975 0.00151773
0 0.310159 0.562187 0.138401 0.0761404 0.00149384
0 0.210745 0.53758 0.215157 0.100742 0.00148681
0 0.353353 0.664019 0.059037 0.0394098 0.00147329
0 0.339601 0.522091 0.436366 0.210647 0.00146964
0 0.801635 0.505291 0.151616 0.221834 0.00145961
0 0.221895 0.5431 0.109232 0.0661495 0.00145262
0 0.0876892 0.0333507 0.0385606 0.0611481 0.00144274
0 0.282969 0.00847464 0.0494198 0.0159735 0.00143692
0 0.254925 0.597867 0.155152 0.136093 0.00143382
0 0.475148 0.00424321 0.0223802 0.00848643 0.00142506
0 0.59809 0.0218804 0.0581936 0.0437608 0.00139876
0 0.482611 0.00608279 0.0275879 0.0121656 0.00135866
0 0.220852 0.57592 0.227544 0.124201 0.00135103
0 0.686703 0.577233 0.0220144 0.0235704 0.00131777
0 0.574545 0.0492024 0.161398 0.0984048 0.00131655
0 0.505209 0.0185017 0.043033 0.0370034 0.00130594
0 0.24505 0.0159776 0.222407 0.0319552 0.00130296
0 0.155002 0.016309 0.0577441 0.032618 0.00129874
0 0.294566 0.00556766 0.0342206 0.0111353 0.00128913
0 0.873393 0.78773 0.0630665 0.0595547 0.00128897
0 0.464937 0.591982 0.121967 0.0471683 0.00128625
0 0.354491 0.980743 0.018676 0.0245209 0.00128518
0 0.66534 0.989313 0.037691 0.021373 0.00128178
0 0.893495 0.839875 0.193627 0.203631 0.00127789
0 0.912226 0.755819 0.154319 0.193931 0.00127746
0 0.204292 0.598549 0.0644756 0.0407753 0.00126899
0 0.149289 0.00962392 0.0303249 0.0192478 0.00126047
0 0.449499 0.591186 0.0545162 0.0358145 0.0012553
0 0.327111 0.00477587 0.0365077 0.00955175 0.0012349
0 0.207637 0.557399 0.0441256 0.0903261 0.00122847
0 0.712585 0.545833 0.0656594 0.0760942 0.00122801
0 0.738147 0.407553 0.0317245 0.0336157 0.00122578
0 0.339106 0.980178 0.0174015 0.031609 0.00121561
0 0.6023 0.00620161 0.0277178 0.0124032 0.00119937
0 0.487654 0.533095 0.116159 0.050624 0.00119917
0 0.3345 0.976492 0.0298423 0.0470155 0.00119508
0 0.347026 0.978528 0.0226457 0.0344749 0.00119416
0 0.141503 0.573642 0.0892785 0.0890326 0.00116303
0 0.190027 0.543519 0.176309 0.0706175 0.00115782
0 0.291236 0.0108052 0.0365967 0.0215216 0.00115534
0 0.192762 0.563394 0.0673487 0.0777769 0.0011474
0 0.0879013 0.0460386 0.0500387 0.0909943 0.00113396
0 0.371334 0.574122 0.0505479 0.0209123 0.00113166
0 0.374784 0.579585 0.104049 0.0239261 0.00112195
0 0.714068 0.501527 0.0664873 0.154893 0.0010706
0 0.79034 0.862253 0.419321 0.250463 0.00106881
0 0.194347 0.566271 0.113667 0.0871795 0.00106767
0 0.547459 0.0229052 0.0592335 0.037629 0.00106427
0 0.740928 0.536313 0.102748 0.108902 0.001052
0 0.505727 0.0199556 0.0708578 0.0399112 0.00103732
0 0.259491 0.0116533 0.0761914 0.0185701 0.00102963
0 0.105336 0.544659 0.0595236 0.0258244 0.00102152
0 0.723056 0.457452 0.0571323 0.144349 0.00102046
0 0.707716 0.951214 0.154467 0.0975716 0.00101797
0 0.695425 0.93965 0.0872646 0.0536432 0.00100797
0 0.369179 0.596198 0.142984 0.0385677 0.00100501
0 0.556765 0.0117296 0.100304 0.0234592 0.00100357
0 0.427403 0.608408 0.127015 0.0610979 0.00100321
