0 0.352945 0.499477 0.115938 0.093243 0.730123
0 0.298147 0.749221 0.0333791 0.032931 0.694268
0 0.305213 0.252982 0.0604909 0.13305 0.441919
0 0.0386617 0.0665323 0.0324845 0.0619323 0.427228
0 0.0886566 0.531998 0.0198241 0.0240253 0.384999
0 0.0390443 0.192081 0.0516917 0.0430859 0.272545
0 0.188651 0.316795 0.236703 0.120281 0.183114
0 0.17192 0.430809 0.0282781 0.0305345 0.159597
0 0.489922 0.329587 0.0438875 0.0543059 0.149165
0 0.296723 0.752615 0.0386352 0.0505796 0.124905
0 0.308818 0.230734 0.0736987 0.19058 0.120728
0 0.291953 0.747558 0.0288041 0.0274595 0.107883
0 0.54578 0.289481 0.0669761 0.106469 0.0856843
0 0.320058 0.184395 0.0465074 0.095999 0.0727961
0 0.527254 0.305541 0.0906458 0.105688 0.0719432
0 0.347843 0.499211 0.166108 0.155126 0.0707352
0 0.0999995 0.228557 0.0194312 0.0318411 0.0668225
0 0.871642 0.433145 0.0307035 0.0173036 0.0651709
0 0.307142 0.25677 0.0474067 0.0719452 0.0573089
0 0.181486 0.173109 0.0365365 0.0287956 0.0531086
0 0.433571 0.315896 0.0312777 0.0477077 0.0500599
0 0.199948 0.296909 0.154161 0.0715995 0.0478865
0 0.303029 0.274705 0.0493965 0.107208 0.0407728
0 0.157439 0.0962253 0.146499 0.104012 0.0372223
0 0.291541 0.258538 0.0765052 0.156499 0.0310537
0 0.297863 0.244261 0.187578 0.224837 0.030823
0 0.294858 0.742308 0.0293757 0.0274292 0.0301709
0 0.145328 0.409997 0.0202435 0.0277143 0.0279579
0 0.0407223 0.185553 0.0433695 0.0331018 0.0250158
0 0.540512 0.284063 0.0840747 0.14503 0.019843
0 0.502265 0.313859 0.0681208 0.084924 0.0197142
0 0.296258 0.749358 0.0509049 0.036438 0.0196959
0 0.430837 0.308147 0.0308003 0.0388403 0.0196212
0 0.510399 0.253942 0.149199 0.213774 0.0180577
0 0.29842 0.758085 0.029195 0.0376159 0.0145438
0 0.499337 0.323238 0.0479362 0.0500121 0.0131958
0 0.480642 0.322221 0.0689427 0.0570767 0.012988
0 0.189383 0.315143 0.158195 0.0884508 0.0129796
0 0.433788 0.302936 0.0266345 0.0269206 0.0124273
0 0.30346 0.742333 0.024418 0.0241786 0.0123227
0 0.308114 0.746757 0.0229115 0.0334891 0.0118052
0 0.478533 0.316679 0.0922319 0.0752563 0.0116154
0 0.317057 0.261858 0.0538687 0.0988556 0.0110238
0 0.0459332 0.0593047 0.0336061 0.0563652 0.010641
0 0.127532 0.167197 0.0399438 0.0633094 0.0104202
0 0.0882026 0.530995 0.035367 0.0514146 0.0103046
0 0.303694 0.533584 0.014666 0.0204202 0.0101489
0 0.643159 0.172208 0.188407 0.0534273 0.00998589
0 0.172277 0.433784 0.0350448 0.0589582 0.00991909
0 0.585085 0.00395039 0.0188773 0.00790079 0.00956788
0 0.318228 0.184931 0.0749749 0.118394 0.00948314
0 0.0331269 0.601906 0.0155762 0.0193016 0.00908944
0 0.560453 0.294235 0.109481 0.149256 0.0089043
0 0.197574 0.285421 0.213744 0.136464 0.0087257
0 0.540174 0.30947 0.0569663 0.0757932 0.00853029
0 0.285277 0.212664 0.132245 0.224112 0.00812779
0 0.518484 0.290012 0.116466 0.113129 0.00808365
0 0.503831 0.226445 0.22615 0.25774 0.00800471
0 0.316008 0.203868 0.0441375 0.11444 0.00771108
0 0.431761 0.31824 0.0468701 0.0551873 0.00759667
0 0.187633 0.175618 0.0283152 0.0230081 0.00743247
0 0.506289 0.295528 0.199096 0.175442 0.00738625
0 0.365042 0.483877 0.119178 0.0734044 0.00732798
0 0.0441324 0.0634037 0.0555613 0.0855215 0.00715669
0 0.0321401 0.282802 0.0260421 0.0396579 0.00708497
0 0.49121 0.217509 0.136696 0.238179 0.0070036
0 0.582669 0.187267 0.0492952 0.0279128 0.00693041
0 0.344333 0.490909 0.061002 0.0680438 0.0068295
0 0.682634 0.402968 0.0549687 0.0401901 0.00671437
0 0.026013 0.271183 0.0226254 0.0433012 0.00670629
0 0.308883 0.752264 0.0298526 0.0339602 0.00645955
0 0.662042 0.167139 0.240976 0.0736473 0.00633739
0 0.166707 0.427022 0.0377791 0.0338798 0.00628379
0 0.337805 0.204495 0.293636 0.271753 0.00620244
0 0.393629 0.215447 0.505052 0.284786 0.00589346
0 0.086057 0.541585 0.0207476 0.0338445 0.00583133
0 0.649042 0.566068 0.701916 0.321019 0.00582771
0 0.545688 0.290899 0.0543226 0.0704968 0.00580753
0 0.078141 0.0283993 0.0556356 0.0567987 0.00580201
0 0.490123 0.0942717 0.0201872 0.0341195 0.00563281
0 0.0992199 0.2351 0.0268913 0.0564158 0.00528294
0 0.0257041 0.263467 0.0146669 0.0241142 0.00517535
0 0.31482 0.183321 0.106425 0.165434 0.00510172
0 0.499201 0.321147 0.094042 0.113345 0.00505301
0 0.416683 0.581186 0.013895 0.0082181 0.0049489
0 0.496485 0.219603 0.360294 0.265472 0.0049014
0 0.585997 0.00613684 0.0191208 0.0122737 0.004755
0 0.474683 0.312527 0.13864 0.126646 0.00464406
0 0.179343 0.287031 0.13615 0.0639145 0.00434976
0 0.916767 0.0634738 0.0393188 0.0487379 0.0042343
0 0.519157 0.328315 0.0351365 0.0388078 0.00422294
0 0.61502 0.182995 0.131322 0.0380507 0.00420953
0 0.0999255 0.23756 0.0207843 0.0413777 0.0041639
0 0.538014 0.264485 0.286939 0.2278 0.0041569
0 0.683335 0.148939 0.233188 0.0787866 0.00415395
0 0.262924 0.209617 0.275414 0.27183 0.0041419
0 0.638243 0.457541 0.723514 0.375098 0.00410381
0 0.347995 0.517917 0.0924559 0.137156 0.00409712
0 0.305786 0.195056 0.0583817 0.0980874 0.00408288
0 0.0427432 0.199471 0.0750308 0.105654 0.00402582
0 0.0690562 0.0379923 0.0496787 0.0759845 0.00397934
0 0.195282 0.270848 0.310041 0.209291 0.00394607
0 0.155291 0.0984441 0.211413 0.153038 0.00394538
0 0.495587 0.294752 0.0612554 0.0506838 0.00389885
0 0.840792 0.00680697 0.0259037 0.0136139 0.00381633
0 0.186366 0.343114 0.199561 0.114503 0.0037344
0 0.206793 0.0977573 0.249883 0.110594 0.00364665
0 0.32138 0.508719 0.0575562 0.0697353 0.00351662
0 0.313442 0.234196 0.056544 0.12855 0.00348076
0 0.532709 0.333281 0.0171509 0.0336307 0.00346479
0 0.732922 0.131991 0.0679383 0.0427137 0.00346031
0 0.453664 0.319426 0.0963751 0.066804 0.00344438
0 0.32842 0.506908 0.0840328 0.0920928 0.00343106
0 0.172343 0.440355 0.0269891 0.038228 0.00338287
0 0.205404 0.280676 0.167832 0.0785917 0.00335767
0 0.277305 0.237984 0.107629 0.152302 0.00328275
0 0.202023 0.205071 0.251156 0.302186 0.00317759
0 0.495454 0.292873 0.0793472 0.0911552 0.00307887
0 0.0300951 0.0671589 0.0259957 0.0534275 0.00307406
0 0.0419705 0.0536395 0.0248752 0.0799387 0.00303451
0 0.31336 0.276385 0.113155 0.139897 0.00288718
0 0.438093 0.323702 0.0526771 0.0405432 0.00272537
0 0.0422271 0.0762203 0.034087 0.0538266 0.0026917
0 0.687108 0.395399 0.0475864 0.028271 0.00265114
0 0.657413 0.16072 0.320456 0.110706 0.00263778
0 0.157937 0.0972804 0.0940695 0.0879317 0.00261651
0 0.512266 0.195378 0.112706 0.15671 0.00261418
0 0.575777 0.291716 0.480897 0.271829 0.00260038
0 0.0472509 0.0667301 0.0812814 0.13346 0.00255736
0 0.574411 0.190521 0.0315699 0.0306973 0.00253356
0 0.551947 0.302416 0.0527046 0.0716227 0.00252068
0 0.377576 0.47845 0.0757214 0.0424481 0.00248134
0 0.0373423 0.0523851 0.0227598 0.0591204 0.00243193
0 0.282233 0.752849 0.0582612 0.0388955 0.00238138
0 0.276112 0.263011 0.0835249 0.102872 0.00236806
0 0.296328 0.286901 0.0462537 0.0702632 0.00236604
0 0.492495 0.267041 0.107467 0.167076 0.00229578
0 0.84033 0.00994505 0.0282043 0.0145035 0.00229518
0 0.00692329 0.0169723 0.0138466 0.0316384 0.00228919
0 0.478619 0.329085 0.0461673 0.0475313 0.0022629
0 0.394458 0.232599 0.336876 0.249438 0.00225054
0 0.0355182 0.0849502 0.0178701 0.0384658 0.00222914
0 0.602271 0.180847 0.0943671 0.0242888 0.00222189
0 0.572965 0.335674 0.0182588 0.0192417 0.00221658
0 0.288658 0.739563 0.0358989 0.0379597 0.00220349
0 0.53322 0.33029 0.0411533 0.0420776 0.00216791
0 0.0293863 0.192186 0.0354105 0.0357729 0.00216181
0 0.57994 0.190132 0.0339868 0.0250185 0.00212788
0 0.635922 0.181877 0.159937 0.0521778 0.00212522
0 0.381528 0.473185 0.0494084 0.0264406 0.0021234
0 0.0715707 0.0270068 0.0385175 0.0439911 0.00211717
0 0.526395 0.242898 0.101964 0.178727 0.00209085
0 0.653892 0.153067 0.453249 0.202899 0.0020044
0 0.871336 0.429219 0.0362144 0.0163681 0.00193484
0 0.33851 0.486947 0.10727 0.0878424 0.00193076
0 0.0936707 0.0188237 0.0328461 0.0339231 0.001926
0 0.023388 0.382775 0.0461881 0.03595 0.00192343
0 0.296999 0.755995 0.0826927 0.0932757 0.00187902
0 0.485962 0.290766 0.0441698 0.0407421 0.00186935
0 0.88822 0.204493 0.0206814 0.0356379 0.00185229
0 0.681378 0.401103 0.065272 0.0611503 0.00184653
0 0.287788 0.759361 0.0439748 0.0429177 0.00183088
0 0.0346283 0.599351 0.0207139 0.01959 0.00182551
0 0.314647 0.191508 0.0416192 0.067442 0.00177626
0 0.460076 0.300721 0.3205 0.219027 0.00173876
0 0.165358 0.424709 0.0448344 0.0538239 0.00173603
0 0.104321 0.228438 0.0341511 0.0533386 0.00170299
0 0.647177 0.193268 0.607891 0.263951 0.00167294
0 0.73154 0.036291 0.0229202 0.0493369 0.00164433
0 0.515677 0.320776 0.0517509 0.0482548 0.00163828
0 0.655013 0.347677 0.685813 0.3595 0.00162148
0 0.185135 0.178854 0.055657 0.0879408 0.00160747
0 0.128892 0.152832 0.0489362 0.0752443 0.00155435
0 0.484053 0.308797 0.0503944 0.0645504 0.0015541
0 0.418783 0.071821 0.0474293 0.0212613 0.00154676
0 0.642539 0.151763 0.169155 0.0704403 0.00151993
0 0.636742 0.249536 0.726516 0.347557 0.00151451
0 0.141542 0.40787 0.0189908 0.0305559 0.00151394
0 0.0471477 0.198107 0.0676917 0.0455891 0.00149539
0 0.993612 0.00596238 0.0127765 0.0119248 0.00148553
0 0.868251 0.428913 0.0448122 0.0226103 0.0014828
0 0.729529 0.13621 0.108605 0.0491975 0.00146214
0 0.191301 0.294642 0.0929739 0.0664636 0.00145156
0 0.401667 0.507296 0.184566 0.104061 0.0014111
0 0.370731 0.486943 0.176229 0.112149 0.00140771
0 0.0421993 0.210123 0.053408 0.0805655 0.00140102
0 0.419023 0.581361 0.0155295 0.0126284 0.00139772
0 0.0779294 0.199157 0.155859 0.355975 0.0013974
0 0.0870911 0.546077 0.0332787 0.0655799 0.00139301
0 0.429089 0.313498 0.073378 0.0573972 0.00139231
0 0.0987046 0.25399 0.0163271 0.0290352 0.00138639
0 0.23809 0.270987 0.18736 0.164964 0.00138546
0 0.493457 0.310109 0.0519417 0.0445703 0.00136866
0 0.861398 0.106742 0.0425644 0.036982 0.00136333
0 0.150969 0.41519 0.0133918 0.0288248 0.00136032
0 0.223843 0.330551 0.326766 0.163426 0.00134421
0 0.298414 0.24544 0.0525485 0.0653717 0.00134151
0 0.679957 0.398871 0.100263 0.0449544 0.00133686
0 0.307559 0.524853 0.0211717 0.0341174 0.00133481
0 0.0317189 0.0671274 0.0634378 0.134255 0.00131754
0 0.625604 0.186939 0.370879 0.118268 0.00131723
0 0.226379 0.332543 0.197625 0.0921924 0.00131188
0 0.252381 0.528561 0.0131351 0.0150703 0.00129885
0 0.425102 0.0720473 0.0420818 0.0163884 0.00129454
0 0.022175 0.316368 0.0216461 0.0184465 0.00129299
0 0.689903 0.0401618 0.0184402 0.0269276 0.00129063
0 0.242833 0.145493 0.371176 0.228882 0.00126676
0 0.157233 0.283143 0.0735487 0.0415101 0.00125851
0 0.0303213 0.275357 0.0365738 0.0669162 0.00124724
0 0.689733 0.14434 0.164513 0.053615 0.00121992
0 0.98008 0.973679 0.0398402 0.050967 0.00121663
0 0.68266 0.156727 0.15592 0.0443832 0.0012047
0 0.49154 0.284271 0.0477133 0.0551601 0.00120223
0 0.692886 0.157412 0.118689 0.0199784 0.00120105
0 0.0530099 0.0457763 0.0293429 0.0657575 0.00119518
0 0.161759 0.192671 0.172569 0.235044 0.00118394
0 0.990032 0.00562347 0.0199367 0.0112469 0.00116493
0 0.690716 0.389532 0.0479658 0.0231713 0.00116039
0 0.588328 0.183241 0.064871 0.0269207 0.0011426
0 0.23664 0.0963203 0.375096 0.180402 0.00113772
0 0.653373 0.306601 0.0730617 0.0486915 0.00113574
0 0.0324874 0.0756667 0.0383438 0.0638172 0.00112507
0 0.0970719 0.0124878 0.0245316 0.0228119 0.0011194
0 0.361318 0.488515 0.0569327 0.0677995 0.00110381
0 0.298537 0.223082 0.0651645 0.128892 0.00109753
0 0.230123 0.308111 0.171068 0.0914458 0.00109484
0 0.508963 0.20538 0.0775316 0.126938 0.00108924
0 0.556031 0.331291 0.0308093 0.0383202 0.00106965
0 0.531818 0.32057 0.0345823 0.0485832 0.00106777
0 0.0308902 0.316092 0.0470043 0.0302722 0.00106417
0 0.670734 0.395591 0.399707 0.189474 0.00106012
0 0.545672 0.320398 0.0440837 0.0602444 0.00104907
0 0.547061 0.258066 0.0430206 0.0607769 0.00103522
0 0.331 0.278758 0.354382 0.263618 0.00103391
0 0.231775 0.122003 0.27417 0.157517 0.00102266
0 0.134799 0.134444 0.0739491 0.0903845 0.00101093
0 0.71264 0.195865 0.57472 0.39173 0.00100452
