0 0.463107 0.345636 0.127577 0.0632276 0.833207
0 0.572399 0.686741 0.0423192 0.0908455 0.782717
0 0.830625 0.698462 0.0457335 0.0522308 0.300465
0 0.987434 0.98324 0.0251311 0.0335194 0.160592
0 0.428764 0.346888 0.052901 0.0476776 0.100008
0 0.573538 0.687886 0.0568465 0.1202 0.0932666
0 0.781781 0.554568 0.0619288 0.0421292 0.0632432
0 0.583968 0.688772 0.0447609 0.087032 0.0523397
0 0.578391 0.697738 0.0314296 0.0891556 0.0412964
0 0.452378 0.348213 0.165009 0.162641 0.0405431
0 0.447831 0.343464 0.0816169 0.0589932 0.0277598
0 0.422924 0.349636 0.0410382 0.0362198 0.0268894
0 0.908309 0.612421 0.0558666 0.0361785 0.0256242
0 0.826744 0.703479 0.059506 0.0985648 0.0198554
0 0.566151 0.68953 0.0363934 0.0709231 0.0181316
0 0.463983 0.338148 0.0591539 0.0642566 0.0165069
0 0.89247 0.588499 0.035853 0.0265038 0.0146772
0 0.431617 0.336899 0.0419683 0.045298 0.0143883
0 0.683115 0.797297 0.218112 0.237602 0.0140386
0 0.902466 0.602753 0.0478849 0.043655 0.0139307
0 0.902592 0.601299 0.0672195 0.0525391 0.012839
0 0.570977 0.665061 0.0351798 0.0627337 0.0124659
0 0.775325 0.990237 0.0141918 0.0195265 0.0124071
0 0.489654 0.348532 0.090366 0.0668112 0.0120608
0 0.550928 0.693402 0.162315 0.227521 0.0111348
0 0.594601 0.691896 0.186496 0.237759 0.0110556
0 0.467341 0.329208 0.135126 0.109918 0.00801461
0 0.432237 0.353062 0.0907626 0.0861048 0.00723444
0 0.985405 0.977291 0.0291901 0.0454178 0.00663846
0 0.56638 0.673324 0.0296693 0.0567616 0.00661587
0 0.785657 0.450321 0.0715602 0.0531546 0.00639375
0 0.836615 0.685901 0.0893162 0.138273 0.00626572
0 0.942725 0.810903 0.104225 0.0207342 0.00595758
0 0.42343 0.335203 0.0413165 0.036615 0.00591153
0 0.38556 0.994371 0.0147021 0.0112577 0.00590602
0 0.874216 0.713076 0.0254498 0.0406116 0.0056473
0 0.557023 0.691366 0.0361395 0.0787456 0.00532592
0 0.888951 0.846605 0.0106476 0.021907 0.00523248
0 0.82397 0.708512 0.0297327 0.0454745 0.00499112
0 0.863608 0.856249 0.0142855 0.0335363 0.00488296
0 0.867435 0.705169 0.0575045 0.0530724 0.0044878
0 0.459499 0.369414 0.110944 0.112747 0.00434141
0 0.897812 0.594797 0.0433907 0.0417291 0.00431475
0 0.821768 0.705881 0.0510996 0.0628158 0.00421446
0 0.582479 0.707661 0.0518927 0.0881899 0.00419478
0 0.644857 0.710403 0.154051 0.0881212 0.00397076
0 0.365519 0.701411 0.0148975 0.015144 0.00394914
0 0.841096 0.698636 0.192452 0.293705 0.00388836
0 0.836633 0.584805 0.189136 0.390565 0.00387422
0 0.270681 0.898445 0.0218634 0.0478687 0.0037243
0 0.667731 0.722667 0.147108 0.0894937 0.00323207
0 0.258696 0.865341 0.0205327 0.0195322 0.00318113
0 0.931227 0.806492 0.11058 0.0213242 0.00309151
0 0.781746 0.473054 0.0774879 0.0864396 0.00301779
0 0.514802 0.305933 0.0245245 0.048751 0.00297458
0 0.566947 0.657113 0.0309883 0.039742 0.00296671
0 0.565563 0.71366 0.0507337 0.139513 0.00292988
0 0.668726 0.938482 0.0971238 0.108002 0.00284163
0 0.897392 0.586358 0.0278852 0.0197972 0.00276959
0 0.852322 0.701086 0.0753132 0.0573387 0.00269347
0 0.579399 0.711325 0.0202152 0.0519956 0.00266481
0 0.973402 0.976673 0.0531961 0.0387619 0.00266147
0 0.943525 0.805663 0.108272 0.0359934 0.00263912
0 0.890558 0.593476 0.0494204 0.0313608 0.0024732
0 0.490122 0.344897 0.0566923 0.0551211 0.00243866
0 0.695302 0.211414 0.021962 0.0387889 0.00229976
0 0.836511 0.689987 0.052429 0.0660804 0.00221542
0 0.888309 0.848611 0.0170557 0.0252037 0.00221007
0 0.456295 0.359255 0.0925788 0.0727888 0.00217146
0 0.478177 0.312583 0.197979 0.173368 0.00208913
0 0.431558 0.358906 0.0513551 0.04518 0.00206054
0 0.706601 0.906017 0.159118 0.169709 0.00204011
0 0.501598 0.356892 0.0541287 0.053666 0.00202263
0 0.443961 0.350683 0.0582579 0.057896 0.00193852
0 0.956565 0.778826 0.0572243 0.077747 0.00193545
0 0.798547 0.456056 0.0659873 0.0448097 0.00192866
0 0.830539 0.708262 0.0389004 0.0518765 0.00192686
0 0.970412 0.341178 0.0205816 0.020964 0.0019111
0 0.57238 0.712308 0.0230385 0.0624301 0.001908
0 0.365948 0.703411 0.0202606 0.015276 0.00185361
0 0.96936 0.338648 0.0140957 0.0182031 0.00185083
0 0.909842 0.615831 0.0386383 0.0293424 0.00183569
0 0.435776 0.330969 0.0661585 0.0508816 0.00181117
0 0.405924 0.349273 0.227066 0.208505 0.00178132
0 0.414177 0.345945 0.0243072 0.0310369 0.00174716
0 0.778264 0.559253 0.0797084 0.0999043 0.00174193
0 0.863739 0.606492 0.137831 0.25822 0.00173944
0 0.680288 0.921444 0.124562 0.126664 0.00171303
0 0.958445 0.772231 0.0373438 0.0766538 0.00171201
0 0.993076 0.0149966 0.0138485 0.0247091 0.00160471
0 0.658485 0.741447 0.171589 0.133539 0.00157867
0 0.414982 0.35126 0.0312075 0.0291681 0.00157187
0 0.988249 0.0171258 0.0221434 0.0240918 0.0015517
0 0.261878 0.86694 0.0225091 0.0141977 0.00148543
0 0.59014 0.715235 0.0713553 0.133397 0.00147082
0 0.00253201 0.27622 0.00506402 0.0305685 0.00146368
0 0.64536 0.704571 0.199502 0.210266 0.00145311
0 0.469307 0.297564 0.129962 0.134249 0.0014501
0 0.572885 0.99498 0.0156068 0.00996132 0.00141596
0 0.668311 0.615105 0.113185 0.0865424 0.00139005
0 0.540832 0.0256779 0.0144567 0.0176422 0.00138923
0 0.503064 0.363574 0.0361613 0.0400097 0.00138321
0 0.258725 0.864802 0.0282289 0.0133907 0.00133281
0 0.67888 0.6045 0.0417447 0.0417853 0.00131843
0 0.272797 0.895954 0.019727 0.0329014 0.00130673
0 0.511606 0.298033 0.0228386 0.0701114 0.00130049
0 0.986471 0.988361 0.0270574 0.0232779 0.00129445
0 0.692051 0.207134 0.0164622 0.0266947 0.00128254
0 0.873316 0.710885 0.0303629 0.0573033 0.00124792
0 0.369624 0.703438 0.0195542 0.0127773 0.00123858
0 0.476076 0.346302 0.056472 0.0660671 0.0012355
0 0.59913 0.685368 0.0675756 0.0919224 0.00122485
0 0.563432 0.72571 0.0722188 0.213445 0.00121041
0 0.946758 0.797553 0.105516 0.0575278 0.00119697
0 0.773554 0.989256 0.022375 0.0214875 0.00118138
0 0.784256 0.48434 0.0882822 0.145226 0.00117256
0 0.58487 0.701281 0.0283772 0.0641863 0.00116856
0 0.817254 0.706801 0.0247814 0.0420979 0.00116844
0 0.208643 0.88707 0.0262631 0.0145756 0.00115605
0 0.961655 0.813003 0.0766893 0.0177496 0.001155
0 0.271556 0.887541 0.0184731 0.0222654 0.00114877
0 0.659992 0.958919 0.0648705 0.0548693 0.00112587
0 0.865274 0.605929 0.141254 0.154825 0.00111322
0 0.458216 0.399061 0.122317 0.169375 0.00108397
0 0.645576 0.666442 0.15677 0.131704 0.00106601
0 0.920711 0.804932 0.0439302 0.017227 0.00105442
0 0.343361 0.931592 0.125292 0.121902 0.00103611
