0 0.766234 0.942604 0.26181 0.0761808 0.480434
0 0.492226 0.496205 0.0443332 0.0562052 0.455136
0 0.713371 0.695179 0.0749423 0.274027 0.27382
0 0.48644 0.483817 0.0279973 0.0317605 0.190126
0 0.802241 0.680179 0.282884 0.362466 0.0865634
0 0.979615 0.790512 0.0381096 0.0345512 0.0672067
0 0.760261 0.937744 0.285106 0.124512 0.0550954
0 0.793097 0.532093 0.0267239 0.0403296 0.0540626
0 0.761681 0.947441 0.166268 0.0868496 0.0529348
0 0.73522 0.693253 0.193227 0.34375 0.0479592
0 0.964631 0.845406 0.0603617 0.0197172 0.0440838
0 0.889944 0.938327 0.0315599 0.01999 0.0431417
0 0.70794 0.767894 0.0614692 0.127526 0.0410018
0 0.662001 0.992221 0.0256326 0.0153055 0.0401581
0 0.784144 0.606215 0.0250708 0.0288542 0.0398936
0 0.789785 0.879601 0.0136141 0.0166887 0.0333509
0 0.873515 0.677627 0.0252123 0.016176 0.0314997
0 0.503801 0.497966 0.0531976 0.0591854 0.0304758
0 0.903717 0.79592 0.0577744 0.0321251 0.0299449
0 0.543576 0.226422 0.0432755 0.0316931 0.0273549
0 0.323751 0.292117 0.00930657 0.0150753 0.0264709
0 0.737192 0.628966 0.0286552 0.101038 0.0249228
0 0.483023 0.47951 0.0185899 0.0257556 0.0247079
0 0.965731 0.84121 0.066424 0.032205 0.021356
0 0.887149 0.804154 0.117056 0.0641649 0.0213041
0 0.72831 0.66975 0.125433 0.356627 0.0205753
0 0.960026 0.84642 0.051568 0.0134462 0.018893
0 0.495695 0.502091 0.0679714 0.0902609 0.0185158
0 0.784546 0.595013 0.0266114 0.0500645 0.0177374
0 0.764158 0.934544 0.157461 0.0528223 0.0154947
0 0.495581 0.509377 0.045927 0.0595223 0.0154005
0 0.894173 0.803234 0.0930775 0.0466021 0.015106
0 0.826462 0.570064 0.118219 0.114596 0.0140131
0 0.79458 0.532896 0.0364735 0.0496581 0.0134709
0 0.902301 0.805704 0.0577368 0.0445782 0.0110512
0 0.738078 0.621541 0.0194152 0.0851118 0.0102153
0 0.517507 0.227863 0.035099 0.01975 0.0100573
0 0.479449 0.483014 0.0196212 0.0262252 0.00991601
0 0.721594 0.953519 0.375335 0.0841541 0.00986491
0 0.696432 0.53117 0.019022 0.156188 0.00978333
0 0.798107 0.533072 0.0208382 0.0453795 0.00975857
0 0.813944 0.584876 0.159712 0.15909 0.00923565
0 0.809648 0.936644 0.210048 0.0548773 0.00912314
0 0.78083 0.583234 0.0236048 0.0527905 0.00884529
0 0.912171 0.794383 0.0970047 0.0297647 0.00871971
0 0.947622 0.847819 0.0199844 0.011611 0.00850375
0 0.695974 0.166995 0.013975 0.0160437 0.0083906
0 0.698655 0.519028 0.017531 0.101316 0.00833818
0 0.487583 0.483066 0.0363557 0.0499536 0.00817687
0 0.710614 0.617236 0.0792935 0.360672 0.00810981
0 0.871273 0.793367 0.153254 0.0890939 0.00795885
0 0.668576 0.961462 0.400029 0.0770762 0.00762922
0 0.788962 0.598288 0.0402138 0.0483086 0.00761215
0 0.540138 0.225767 0.0675116 0.0381464 0.00761162
0 0.81299 0.59035 0.199015 0.215122 0.00729433
0 0.657436 0.985705 0.0302546 0.0285906 0.0072593
0 0.603077 0.9831 0.0585352 0.0337992 0.00661364
0 0.800838 0.666808 0.232455 0.241732 0.00638059
0 0.747565 0.929794 0.251103 0.0579744 0.00632648
0 0.884564 0.936734 0.0442217 0.0290972 0.00624353
0 0.941862 0.801105 0.106437 0.0449808 0.00600531
0 0.49823 0.48655 0.0487179 0.0594786 0.00592286
0 0.657674 0.426548 0.129092 0.0403798 0.00587988
0 0.527594 0.225128 0.0559706 0.027693 0.00578131
0 0.693877 0.559388 0.0269209 0.196611 0.00575947
0 0.736128 0.632846 0.0451006 0.184443 0.00565853
0 0.754269 0.615438 0.22009 0.411667 0.00561859
0 0.549286 0.221432 0.0291725 0.0314553 0.00556908
0 0.949672 0.84632 0.0294277 0.0137615 0.00543678
0 0.512852 0.22908 0.024741 0.014041 0.00541357
0 0.720239 0.641439 0.0628563 0.265734 0.00499101
0 0.767922 0.965587 0.235736 0.0688261 0.00490686
0 0.967197 0.812118 0.0656056 0.0495821 0.00487882
0 0.723818 0.960997 0.196309 0.078006 0.00474641
0 0.324759 0.291573 0.0149539 0.0172997 0.00458494
0 0.632904 0.363125 0.0535743 0.0382176 0.00445883
0 0.978742 0.790108 0.0425161 0.0490511 0.00445522
0 0.785046 0.577893 0.0301838 0.0657078 0.00434922
0 0.704594 0.741706 0.0788919 0.161403 0.00427508
0 0.776058 0.91716 0.355299 0.165416 0.00420765
0 0.800667 0.600803 0.292194 0.277125 0.00413252
0 0.850846 0.758907 0.236312 0.182731 0.00399289
0 0.482341 0.501387 0.0490874 0.0513494 0.00394428
0 0.694019 0.517717 0.021209 0.0906316 0.00388076
0 0.79226 0.879649 0.0153234 0.011956 0.00385109
0 0.493223 0.496849 0.199527 0.262228 0.00377969
0 0.870196 0.930375 0.0751822 0.041427 0.0037642
0 0.965601 0.839285 0.0687979 0.0527012 0.00372107
0 0.728485 0.64345 0.0289402 0.105764 0.0036405
0 0.803482 0.5927 0.0760806 0.0536447 0.00363904
0 0.69728 0.636608 0.016693 0.0498916 0.00334794
0 0.696761 0.634784 0.0122092 0.0403223 0.00334014
0 0.734867 0.656283 0.0304418 0.105451 0.0033151
0 0.736005 0.782956 0.0341627 0.0427647 0.00322143
0 0.720623 0.678578 0.0674937 0.161429 0.00321447
0 0.627531 0.00486129 0.0146607 0.0090849 0.00318269
0 0.932363 0.793813 0.135274 0.040151 0.00307419
0 0.652586 0.416226 0.109342 0.0596482 0.00306975
0 0.722752 0.618649 0.0472896 0.133718 0.00306078
0 0.911197 0.79138 0.0465853 0.0224354 0.00291931
0 0.943596 0.656813 0.112809 0.0965966 0.00288542
0 0.702625 0.671306 0.0674554 0.213349 0.0028675
0 0.65887 0.93215 0.537979 0.1357 0.00282718
0 0.780995 0.589305 0.0322813 0.0722565 0.00280965
0 0.777925 0.574073 0.0171133 0.0444861 0.00275167
0 0.791138 0.587389 0.0457657 0.065723 0.00271677
0 0.77798 0.609315 0.0270344 0.0389431 0.00270269
0 0.715363 0.706284 0.0586595 0.138475 0.00260177
0 0.701071 0.610003 0.203434 0.428866 0.00256375
0 0.832394 0.932051 0.153812 0.044486 0.00253134
0 0.6832 0.974671 0.0217473 0.0359726 0.0025146
0 0.800422 0.602449 0.0677634 0.0411944 0.00248333
0 0.896674 0.81604 0.0645062 0.0315838 0.00248277
0 0.655526 0.972318 0.0390936 0.0435947 0.00247026
0 0.637211 0.371272 0.0632302 0.0542184 0.00234987
0 0.789767 0.609907 0.036437 0.0318904 0.00234764
0 0.503482 0.200275 0.0159502 0.0214285 0.00233561
0 0.703764 0.757295 0.0512934 0.0720089 0.00230546
0 0.478592 0.488647 0.0435753 0.0386839 0.00228278
0 0.740824 0.607019 0.0190356 0.0828759 0.00227159
0 0.88167 0.794966 0.236661 0.181825 0.00221318
0 0.718949 0.961623 0.0557901 0.0516027 0.00219289
0 0.834471 0.566537 0.078112 0.0952022 0.0021904
0 0.717669 0.960872 0.122764 0.060317 0.00217841
0 0.502321 0.195748 0.0136993 0.0190162 0.0021717
0 0.458767 0.500881 0.197025 0.207626 0.00212824
0 0.691568 0.697075 0.0942574 0.27059 0.00209309
0 0.716311 0.967295 0.0429788 0.0366346 0.00209308
0 0.810364 0.957037 0.190998 0.084786 0.00203694
0 0.962024 0.833741 0.0726665 0.0360519 0.00202143
0 0.892057 0.772772 0.196872 0.129191 0.00199216
0 0.667527 0.758899 0.0331729 0.0712655 0.00198236
0 0.867828 0.54414 0.0408594 0.0403626 0.00197866
0 0.710542 0.679054 0.0489944 0.120938 0.00195747
0 0.789699 0.735243 0.307785 0.207276 0.00195512
0 0.688553 0.970688 0.0415947 0.0391306 0.00190459
0 0.700001 0.745868 0.0496783 0.117961 0.00190165
0 0.902894 0.817556 0.0426929 0.02659 0.00189874
0 0.85478 0.558618 0.0794086 0.0756964 0.0018937
0 0.696666 0.520652 0.0152932 0.0725261 0.00184987
0 0.543733 0.233146 0.0503869 0.0387618 0.00184089
0 0.841843 0.767019 0.157564 0.153137 0.00184046
0 0.62236 0.35846 0.024563 0.0282954 0.00181856
0 0.530266 0.219509 0.063238 0.0465524 0.00181524
0 0.904377 0.821327 0.0280901 0.0232796 0.00175479
0 0.870784 0.813694 0.132279 0.0531374 0.00174924
0 0.814434 0.580305 0.0788603 0.0825984 0.00173718
0 0.825713 0.792925 0.044836 0.0600712 0.00173659
0 0.803332 0.673505 0.103535 0.257337 0.00172267
0 0.696887 0.516762 0.0326951 0.121798 0.00171953
0 0.478872 0.490469 0.0272893 0.0393377 0.00171818
0 0.343064 0.0149101 0.0241589 0.0224435 0.00168474
0 0.929307 0.801245 0.128577 0.0666101 0.00167802
0 0.750413 0.710571 0.169799 0.236462 0.00166167
0 0.896452 0.939328 0.0234831 0.0184877 0.00165723
0 0.778543 0.606422 0.045058 0.0551666 0.00165649
0 0.668683 0.969482 0.0439591 0.0394201 0.00165646
0 0.50107 0.203368 0.0180901 0.022808 0.0015796
0 0.508428 0.223527 0.0268187 0.0232485 0.00157693
0 0.661692 0.981904 0.0335997 0.0324429 0.00154338
0 0.343623 0.0109562 0.0205437 0.0166928 0.00149997
0 0.779075 0.593201 0.0219262 0.0515104 0.00149833
0 0.531004 0.945997 0.102866 0.0678904 0.00146854
0 0.71319 0.970307 0.0247939 0.0275314 0.00146151
0 0.105822 0.503993 0.17075 0.169783 0.00145866
0 0.640012 0.358223 0.0446024 0.0317416 0.00144362
0 0.786955 0.525795 0.0211456 0.0414547 0.00143736
0 0.720968 0.945951 0.149199 0.0644499 0.00136302
0 0.883877 0.796533 0.0708988 0.0502604 0.00136202
0 0.680019 0.973297 0.0321258 0.0261024 0.00136072
0 0.691403 0.967272 0.0755756 0.0536179 0.00133002
0 0.546835 0.22281 0.0475865 0.0504437 0.00132865
0 0.695544 0.783386 0.301437 0.275441 0.00132141
0 0.724401 0.654785 0.0544717 0.131519 0.00131643
0 0.651456 0.402953 0.146391 0.135832 0.0013105
0 0.842548 0.787305 0.11725 0.103464 0.00130931
0 0.680443 0.561898 0.0420706 0.171625 0.00130199
0 0.0075214 0.00942907 0.0150428 0.0166677 0.00129835
0 0.716831 0.779375 0.090336 0.102053 0.00127666
0 0.685253 0.760939 0.0526052 0.0895868 0.00126819
0 0.821992 0.78162 0.0291048 0.0603981 0.00126123
0 0.985261 0.688709 0.0294788 0.0379125 0.00125976
0 0.6803 0.659829 0.145271 0.389328 0.00123851
0 0.620119 0.364719 0.0305541 0.0357735 0.00120155
0 0.483254 0.502613 0.0595819 0.0737823 0.00119024
0 0.859105 0.544235 0.0497566 0.047734 0.00118922
0 0.321678 0.293975 0.0165843 0.0227927 0.00118297
0 0.713929 0.964299 0.030255 0.0198126 0.00117869
0 0.780131 0.61129 0.0568773 0.111622 0.00115404
0 0.694291 0.968492 0.12008 0.0605249 0.00115142
0 0.337181 0.0167693 0.0253169 0.022955 0.00114089
0 0.694775 0.60877 0.0207381 0.146515 0.00113629
0 0.59486 0.979832 0.0887322 0.0403353 0.00113099
0 0.799641 0.683173 0.0472065 0.0558153 0.00112865
0 0.651122 0.427323 0.138813 0.064334 0.00112328
0 0.978003 0.986608 0.0397846 0.0252266 0.00111741
0 0.493212 0.522451 0.0466999 0.0940126 0.00111208
0 0.946327 0.784888 0.107346 0.0581338 0.00111185
0 0.693876 0.610705 0.0334473 0.221669 0.00111136
0 0.869086 0.6775 0.0387674 0.0256883 0.00107329
0 0.478457 0.477153 0.0277719 0.0343095 0.00105356
0 0.709266 0.928666 0.385984 0.0840672 0.00104553
0 0.488567 0.510789 0.0417656 0.0471738 0.00102068
0 0.971921 0.78038 0.0561587 0.0510002 0.00100183
