0 0.903059 0.32973 0.027565 0.0455218 0.748946
0 0.468348 0.0644245 0.108028 0.128849 0.743673
0 0.333 0.236088 0.0446629 0.136597 0.666971
0 0.0240023 0.308827 0.0127431 0.046841 0.265207
0 0.334893 0.240881 0.066263 0.163026 0.17172
0 0.0416733 0.058506 0.0179427 0.0374699 0.157925
0 0.34541 0.7468 0.0102787 0.0197109 0.119515
0 0.378384 0.282699 0.0524852 0.0785245 0.119284
0 0.317997 0.22905 0.0734234 0.165405 0.118822
0 0.460864 0.0699519 0.154296 0.139904 0.113148
0 0.343071 0.746567 0.0113482 0.0240054 0.0927211
0 0.0476079 0.231493 0.0952159 0.119258 0.0654498
0 0.34646 0.746805 0.0145495 0.0254341 0.0582499
0 0.373023 0.28776 0.0343281 0.0558472 0.0524877
0 0.368579 0.26903 0.0572196 0.09481 0.047754
0 0.0214656 0.307798 0.0209258 0.0458548 0.0405314
0 0.333806 0.238296 0.0423006 0.0725507 0.032304
0 0.304836 0.241251 0.15981 0.213708 0.0244427
0 0.34308 0.238471 0.162826 0.234511 0.0230103
0 0.639607 0.914483 0.0116772 0.0310768 0.0197567
0 0.325521 0.362388 0.0600698 0.0441706 0.01922
0 0.377047 0.268532 0.0789601 0.127082 0.0190193
0 0.3875 0.273939 0.0583221 0.0890042 0.017679
0 0.641132 0.913121 0.00964603 0.0240101 0.0175019
0 0.345632 0.207492 0.0211454 0.0808446 0.0168916
0 0.308641 0.161201 0.0899671 0.236802 0.0156233
0 0.0228604 0.308863 0.0243923 0.0663513 0.0153725
0 0.327618 0.26372 0.0343087 0.080789 0.0145088
0 0.304816 0.260554 0.0748805 0.112312 0.0132031
0 0.337385 0.198172 0.0521524 0.211059 0.0130138
0 0.337287 0.74477 0.0100691 0.0184557 0.0115504
0 0.909158 0.325341 0.0290329 0.0441249 0.0115135
0 0.0406127 0.0602108 0.0279016 0.0435129 0.0113271
0 0.341302 0.738741 0.0136695 0.0282999 0.0106312
0 0.34404 0.220458 0.0427233 0.147681 0.00983742
0 0.333463 0.745275 0.0151947 0.0202998 0.00983691
0 0.641784 0.912907 0.012184 0.0410845 0.0092906
0 0.900977 0.340321 0.024748 0.0421567 0.00901398
0 0.327084 0.254315 0.0441161 0.120893 0.00859916
0 0.903759 0.331746 0.0469067 0.0555729 0.00831039
0 0.321351 0.280017 0.0292768 0.0443758 0.00800368
0 0.344691 0.738552 0.0091476 0.0324528 0.00780697
0 0.980978 0.566854 0.012822 0.0197543 0.00773423
0 0.338309 0.74412 0.0197247 0.0193622 0.00729925
0 0.0189238 0.319908 0.015357 0.0560976 0.00678543
0 0.348179 0.747795 0.0108058 0.035389 0.00676006
0 0.288615 0.247529 0.0750824 0.116405 0.00644677
0 0.276239 0.222355 0.0257871 0.0380456 0.00629692
0 0.636421 0.958556 0.0104109 0.0129324 0.00594031
0 0.34622 0.204432 0.0310565 0.061803 0.00574369
0 0.329353 0.167848 0.0914419 0.255174 0.00558158
0 0.298375 0.158979 0.0740329 0.178551 0.00545589
0 0.347436 0.745633 0.0050168 0.0171442 0.00543068
0 0.641364 0.917109 0.0162081 0.0535864 0.00535681
0 0.325452 0.228863 0.0469678 0.069361 0.00528348
0 0.437335 0.0623428 0.145556 0.124686 0.00446537
0 0.634433 0.960958 0.0151073 0.0106134 0.00438881
0 0.890991 0.331877 0.0497076 0.0532893 0.00422536
0 0.453402 0.0782014 0.105787 0.119678 0.00407912
0 0.34709 0.197887 0.0229425 0.0528133 0.00405906
0 0.0259618 0.297816 0.0315889 0.0825114 0.00404856
0 0.338609 0.75146 0.0227291 0.0272929 0.00404212
0 0.334839 0.153944 0.187934 0.304034 0.00399257
0 0.0380237 0.0644603 0.0204214 0.0349566 0.00394754
0 0.27962 0.296337 0.0488955 0.0314009 0.00378241
0 0.51779 0.0615397 0.193132 0.123079 0.00374902
0 0.386077 0.253628 0.195423 0.216193 0.00367269
0 0.340189 0.22114 0.0384944 0.0726278 0.00361616
0 0.373056 0.275358 0.0394388 0.060609 0.00338098
0 0.0690041 0.214405 0.138008 0.186605 0.00337568
0 0.391207 0.153248 0.25015 0.306496 0.00324523
0 0.632124 0.961374 0.0128287 0.0184624 0.00312582
0 0.0296918 0.298863 0.0446345 0.103441 0.00312538
0 0.980496 0.563318 0.00904255 0.0152505 0.00307522
0 0.917935 0.330534 0.0424189 0.0420324 0.00304955
0 0.0180555 0.318232 0.0237989 0.0681586 0.00303559
0 0.34406 0.193535 0.0340722 0.133984 0.00299246
0 0.636697 0.926035 0.0138872 0.0512844 0.00280351
0 0.586664 0.601946 0.0247124 0.013062 0.00278534
0 0.348522 0.280586 0.1968 0.186041 0.00278486
0 0.736241 0.442768 0.0121054 0.0160385 0.00278293
0 0.319173 0.288233 0.0249284 0.0361752 0.00273017
0 0.636614 0.960844 0.0177016 0.0157104 0.00270646
0 0.283158 0.283573 0.0568107 0.0549528 0.00253797
0 0.279752 0.219322 0.0367003 0.053868 0.00251336
0 0.344051 0.744784 0.0215335 0.0320241 0.00246474
0 0.312754 0.745037 0.00941319 0.0181461 0.00246226
0 0.984071 0.567911 0.0129311 0.0138242 0.00241478
0 0.264816 0.307288 0.0607035 0.0337108 0.00239847
0 0.365009 0.28285 0.0315641 0.0636782 0.00236591
0 0.63482 0.958245 0.0126646 0.0182228 0.00232692
0 0.63912 0.926228 0.00804119 0.0489355 0.00231749
0 0.633853 0.922328 0.0248903 0.0544096 0.00228095
0 0.461031 0.123539 0.140108 0.247077 0.00227856
0 0.279465 0.26695 0.0585739 0.0843519 0.00224977
0 0.321268 0.274973 0.0369262 0.0747404 0.00221015
0 0.414736 0.0968006 0.256982 0.193601 0.00219652
0 0.586048 0.603747 0.0255245 0.0216076 0.00216394
0 0.982437 0.562063 0.0160959 0.0209201 0.00213186
0 0.273624 0.225175 0.0185201 0.0306833 0.00207631
0 0.623789 0.0283759 0.016127 0.0186173 0.00205251
0 0.486093 0.0566427 0.0774909 0.113285 0.00205041
0 0.637932 0.931396 0.0240553 0.0659641 0.00204615
0 0.291842 0.269876 0.0448453 0.0758454 0.00201438
0 0.736171 0.445243 0.0152672 0.0171708 0.00198896
0 0.376893 0.298421 0.0368733 0.0617272 0.00198886
0 0.492856 0.720366 0.0137266 0.0308887 0.00196535
0 0.318826 0.358177 0.0907957 0.100339 0.0019358
0 0.504624 0.0153254 0.0279045 0.0270665 0.00191661
0 0.526786 0.0701466 0.247259 0.140293 0.00190991
0 0.506133 0.0079542 0.0266269 0.0126389 0.00190517
0 0.906964 0.316435 0.0242092 0.0534099 0.00189394
0 0.466031 0.0498264 0.0593747 0.0617445 0.00185745
0 0.257122 0.310757 0.0400116 0.0283097 0.00183324
0 0.313983 0.353721 0.0512894 0.0601193 0.00182702
0 0.285485 0.190587 0.0465592 0.128337 0.00179843
0 0.0350316 0.0568226 0.0296757 0.0428781 0.00179282
0 0.334405 0.212654 0.0372261 0.107162 0.00174936
0 0.280499 0.203394 0.068598 0.0982287 0.00160998
0 0.287823 0.190261 0.0611692 0.175743 0.00160504
0 0.394617 0.247284 0.0392692 0.0736726 0.00160412
0 0.379449 0.2128 0.147218 0.280783 0.00160398
0 0.00625395 0.262268 0.0125079 0.0632293 0.00158223
0 0.901693 0.339759 0.0737982 0.100621 0.0015646
0 0.0375511 0.27881 0.0706156 0.149219 0.00154558
0 0.326336 0.251517 0.045165 0.0698141 0.00152483
0 0.0085025 0.293702 0.017005 0.0732008 0.00152056
0 0.632007 0.615321 0.0184106 0.0525945 0.00151516
0 0.47791 0.0959907 0.12421 0.189021 0.0015059
0 0.311779 0.226258 0.0634778 0.11434 0.0014693
0 0.00614972 0.25239 0.0122994 0.048352 0.00143771
0 0.0594772 0.242923 0.118954 0.157243 0.0014079
0 0.901135 0.345326 0.0169233 0.0375948 0.00140476
0 0.877855 0.335457 0.0725958 0.0590432 0.00139563
0 0.328239 0.352581 0.051174 0.0408082 0.00139297
0 0.297124 0.32208 0.031328 0.0338732 0.00137875
0 0.351243 0.167207 0.108534 0.226019 0.00133412
0 0.0104311 0.318492 0.0173152 0.0590309 0.00133067
0 0.300856 0.275428 0.20654 0.2055 0.00131146
0 0.985648 0.566139 0.0168852 0.0194133 0.00130147
0 0.00774775 0.283885 0.0154955 0.0810144 0.00127433
0 0.62436 0.0242711 0.0185745 0.0215325 0.00126948
0 0.572755 0.172787 0.0144321 0.0270544 0.00125379
0 0.491842 0.722907 0.010504 0.0230133 0.0012275
0 0.394771 0.731324 0.0113816 0.0173806 0.00122323
0 0.398772 0.730713 0.0113393 0.0126081 0.00119628
0 0.906541 0.315037 0.0295794 0.029603 0.0011853
0 0.496563 0.0319509 0.0363228 0.0516048 0.00118048
0 0.454543 0.0576525 0.215388 0.115305 0.00117129
0 0.380797 0.261278 0.0511434 0.0650028 0.00116898
0 0.641099 0.757687 0.0114044 0.0259251 0.00116783
0 0.63719 0.961726 0.0130251 0.0111839 0.00115977
0 0.0210544 0.323517 0.0100726 0.0563406 0.00115211
0 0.448824 0.145336 0.245023 0.290671 0.00112016
0 0.0129574 0.308987 0.0189772 0.0548043 0.00111409
0 0.898788 0.345512 0.0327509 0.0727419 0.00110961
0 0.640775 0.873485 0.0149031 0.0235401 0.00110846
0 0.972708 0.895521 0.0545849 0.0709141 0.00109423
0 0.940171 0.951855 0.0213379 0.0440388 0.00109029
0 0.28813 0.278102 0.0695844 0.0792714 0.00108984
0 0.301613 0.126841 0.205299 0.253683 0.00107193
0 0.644313 0.916147 0.0306316 0.097851 0.00106954
0 0.284532 0.220541 0.0539004 0.0978669 0.00106626
0 0.64664 0.872807 0.0172754 0.0266253 0.00105627
0 0.50021 0.720443 0.0150743 0.0448386 0.00104397
0 0.346102 0.222893 0.0304586 0.122663 0.00104229
0 0.331389 0.732283 0.025108 0.032797 0.00103122
0 0.318674 0.304493 0.0221757 0.0305527 0.0010239
0 0.583981 0.595795 0.0234985 0.0206984 0.00102281
0 0.644384 0.871724 0.0146912 0.0154943 0.00102055
0 0.941976 0.953368 0.0102699 0.0392986 0.00101776
