0 0.157938 0.113964 0.163816 0.0972704 0.730436
0 0.235721 0.360235 0.0661523 0.0817109 0.35092
0 0.958305 0.686869 0.0204126 0.0277674 0.282195
0 0.241713 0.34398 0.0772786 0.121424 0.253547
0 0.217017 0.356938 0.0330246 0.0524576 0.230087
0 0.207196 0.0266979 0.0138191 0.0185244 0.206957
0 0.0951506 0.514829 0.0148749 0.019018 0.168205
0 0.241208 0.374877 0.0518976 0.0594226 0.0890068
0 0.232074 0.366491 0.0421245 0.0676565 0.074449
0 0.223469 0.356557 0.0407959 0.0655909 0.0726772
0 0.146508 0.118702 0.0950648 0.0893472 0.0598428
0 0.0336675 0.529609 0.0123093 0.0154436 0.0499555
0 0.203787 0.0274793 0.0204369 0.0222899 0.0393123
0 0.483405 0.325448 0.0908034 0.0362938 0.0351975
0 0.125722 0.106962 0.200259 0.161969 0.029673
0 0.729615 0.861584 0.122632 0.208008 0.0257591
0 0.247945 0.343036 0.181039 0.197624 0.0216243
0 0.208982 0.0223362 0.0132371 0.0198066 0.0183999
0 0.218783 0.0742746 0.0579351 0.0121226 0.0173107
0 0.0304991 0.0172122 0.0484155 0.0344244 0.0165609
0 0.220711 0.368587 0.0318531 0.0505887 0.0137374
0 0.229817 0.389071 0.0284859 0.0197475 0.012788
0 0.633102 0.811733 0.263224 0.372038 0.0122429
0 0.0938908 0.514987 0.0213964 0.0279732 0.0119352
0 0.0334198 0.0226656 0.061256 0.044842 0.0115619
0 0.935303 0.466168 0.0200436 0.0130318 0.0100309
0 0.734481 0.794083 0.124584 0.054435 0.0100062
0 0.0922241 0.516219 0.0140462 0.0244077 0.00965583
0 0.499648 0.334067 0.105497 0.0473382 0.00959727
0 0.958124 0.689582 0.0288898 0.0471317 0.0095467
0 0.249283 0.357658 0.0535007 0.0727577 0.00939788
0 0.737726 0.863991 0.187601 0.249074 0.00841761
0 0.93459 0.46031 0.0149521 0.0134609 0.00833203
0 0.517437 0.358182 0.158475 0.11631 0.00772853
0 0.9343 0.465664 0.017345 0.0223344 0.00763281
0 0.202212 0.023233 0.0257509 0.02617 0.00748605
0 0.662799 0.863654 0.260262 0.272692 0.00746737
0 0.125533 0.127967 0.105434 0.0788406 0.00702148
0 0.154343 0.0874974 0.185216 0.108002 0.00691827
0 0.938774 0.459606 0.0103397 0.0153037 0.00678298
0 0.216403 0.348825 0.0245865 0.0527331 0.00649132
0 0.0300447 0.0106893 0.0421162 0.0213787 0.0062225
0 0.238113 0.3856 0.0425193 0.0326844 0.00588672
0 0.954315 0.684085 0.0245432 0.0249005 0.0056505
0 0.934008 0.459818 0.0154261 0.0216329 0.00564834
0 0.167124 0.113034 0.0918169 0.0840534 0.00561424
0 0.938542 0.465296 0.0116669 0.0146426 0.00546835
0 0.17584 0.128248 0.205208 0.154912 0.00519025
0 0.938128 0.465163 0.0173206 0.0266091 0.00513707
0 0.190097 0.114797 0.157329 0.0850744 0.0048933
0 0.482318 0.322932 0.0592175 0.0370788 0.00478078
0 0.386448 0.294988 0.350683 0.179665 0.00464974
0 0.607088 0.752177 0.411514 0.495646 0.00439612
0 0.423751 0.743015 0.018341 0.0314637 0.00424238
0 0.050017 0.0947827 0.0188284 0.0356803 0.00399157
0 0.954081 0.689794 0.0205364 0.0333168 0.00395675
0 0.957629 0.679465 0.0238777 0.0247327 0.00385154
0 0.209716 0.357598 0.0272494 0.0373248 0.00368061
0 0.206589 0.0329267 0.0153414 0.0270995 0.00352595
0 0.725591 0.810773 0.118064 0.135038 0.00350756
0 0.239834 0.345552 0.0554812 0.0712114 0.00343753
0 0.0616622 0.00532534 0.0246843 0.0106507 0.0034007
0 0.978945 0.971469 0.0421106 0.0570619 0.00331421
0 0.939878 0.459387 0.0162449 0.0203149 0.00320519
0 0.0343334 0.53334 0.0149148 0.0195227 0.00306675
0 0.274477 0.335301 0.158282 0.147798 0.00271265
0 0.205519 0.031476 0.0291241 0.0550963 0.00266475
0 0.0208088 0.00989937 0.0416175 0.0197987 0.00264619
0 0.163482 0.0783561 0.159212 0.0634006 0.00259433
0 0.0888901 0.475812 0.0125946 0.0156178 0.0025666
0 0.15143 0.0810202 0.246978 0.16204 0.00253063
0 0.223304 0.33578 0.0428697 0.112045 0.00249536
0 0.232827 0.32384 0.0593027 0.135668 0.00243109
0 0.583392 0.671475 0.103221 0.0236938 0.00231358
0 0.748769 0.799204 0.0855292 0.0467699 0.00229253
0 0.895635 0.142203 0.0285341 0.0191551 0.00224887
0 0.616041 0.736901 0.272314 0.280526 0.0022359
0 0.965907 0.68646 0.0266871 0.0266751 0.00221322
0 0.0952234 0.520063 0.0163638 0.0235534 0.00221068
0 0.262015 0.357037 0.0774669 0.0952346 0.002195
0 0.211566 0.0798137 0.07076 0.0188774 0.00219374
0 0.209348 0.0111597 0.0185569 0.0164003 0.00212903
0 0.723052 0.811062 0.163759 0.249534 0.00209683
0 0.696953 0.881756 0.165369 0.236489 0.00209049
0 0.212053 0.0744881 0.061474 0.0229275 0.00194871
0 0.0908657 0.50629 0.0188817 0.0351388 0.00191765
0 0.0523536 0.100219 0.016922 0.0318178 0.00191652
0 0.22595 0.392438 0.0179824 0.0209493 0.00190293
0 0.0916781 0.510697 0.019661 0.022422 0.00182854
0 0.354809 0.268217 0.381799 0.271406 0.00177512
0 0.0967739 0.515321 0.0294628 0.0537168 0.0017261
0 0.189711 0.0742476 0.121124 0.0358004 0.00172558
0 0.226475 0.374492 0.0659684 0.122809 0.00170528
0 0.534078 0.359161 0.250455 0.143722 0.00169899
0 0.531784 0.334796 0.156435 0.0632958 0.00169024
0 0.0534163 0.0156086 0.0587892 0.0312173 0.00161918
0 0.225079 0.0764836 0.0702032 0.0169989 0.00161424
0 0.0469595 0.0289997 0.0861151 0.0579994 0.00161373
0 0.394832 0.326356 0.313853 0.121665 0.00161066
0 0.516187 0.356993 0.0877672 0.109537 0.00160232
0 0.140719 0.109349 0.0591975 0.0692456 0.0015765
0 0.445667 0.77733 0.0175591 0.0307465 0.00153898
0 0.223503 0.0726786 0.0436527 0.00981799 0.00152558
0 0.288424 0.310506 0.233708 0.194259 0.00149537
0 0.541553 0.632234 0.216093 0.13633 0.00147252
0 0.040151 0.00832944 0.0420137 0.0166589 0.00146644
0 0.129736 0.101995 0.105615 0.0788304 0.00140598
0 0.423009 0.750173 0.0211649 0.0356576 0.00137127
0 0.177488 0.174622 0.186409 0.22683 0.00133574
0 0.180165 0.0695612 0.160537 0.0966432 0.0013158
0 0.0407266 0.452777 0.010433 0.0147924 0.00130029
0 0.706495 0.812834 0.238432 0.344631 0.00129118
0 0.251978 0.326565 0.0814892 0.12357 0.00125204
0 0.953077 0.695351 0.0351362 0.037935 0.00123104
0 0.733802 0.856427 0.0916543 0.140489 0.00121615
0 0.972366 0.9704 0.0305553 0.0592008 0.00116029
0 0.505613 0.351008 0.263652 0.217835 0.00115297
0 0.0473218 0.100171 0.0229126 0.0410977 0.00114618
0 0.560249 0.669034 0.133405 0.038593 0.00114116
0 0.660546 0.738528 0.249583 0.205649 0.001126
0 0.0960425 0.141867 0.0300307 0.0424047 0.00112205
0 0.198371 0.0358283 0.0306889 0.0328191 0.0011176
0 0.137786 0.145443 0.124022 0.16298 0.00111585
0 0.733051 0.77568 0.133038 0.0760874 0.00108988
0 0.691074 0.782442 0.215628 0.210787 0.00108171
0 0.487275 0.325738 0.128201 0.098872 0.00107269
0 0.766383 0.477717 0.0351799 0.0636083 0.00107157
0 0.197548 0.0784981 0.100353 0.0232862 0.00106822
0 0.725732 0.332806 0.00786495 0.0109774 0.00104246
0 0.423439 0.74537 0.0281239 0.0409877 0.00104062
0 0.124672 0.115472 0.0785718 0.0870885 0.00103125
0 0.501911 0.339359 0.127236 0.07142 0.00101532
0 0.544109 0.65866 0.188776 0.0817536 0.0010119
0 0.433584 0.758447 0.032804 0.056127 0.0010016
