0 0.773728 0.901767 0.0432703 0.165852 0.633456
0 0.124345 0.616881 0.0492115 0.0724019 0.607718
0 0.118464 0.746226 0.112742 0.25056 0.580135
0 0.858572 0.644734 0.0537889 0.145663 0.566004
0 0.726425 0.605929 0.0166249 0.0232828 0.430382
0 0.758136 0.908359 0.073018 0.174626 0.304707
0 0.836546 0.527801 0.0175127 0.0370519 0.292301
0 0.857817 0.625304 0.0674768 0.202519 0.21303
0 0.155573 0.653759 0.0323346 0.0176285 0.188388
0 0.8717 0.540763 0.0131498 0.0201408 0.132695
0 0.870804 0.665018 0.0367645 0.108765 0.0981384
0 0.117674 0.608894 0.0349519 0.0666133 0.0675286
0 0.128474 0.61951 0.0658182 0.0908479 0.0584288
0 0.988955 0.691426 0.0184607 0.0341104 0.0571966
0 0.561635 0.736289 0.0366268 0.0660719 0.0500392
0 0.751965 0.893505 0.158212 0.212989 0.04537
0 0.87984 0.970387 0.0151655 0.0316523 0.0445758
0 0.876742 0.683039 0.0174799 0.052715 0.0379521
0 0.178261 0.675394 0.0222527 0.0250978 0.0376958
0 0.836826 0.533842 0.0144135 0.0318588 0.0363767
0 0.847525 0.535485 0.0291704 0.0324505 0.0335244
0 0.850617 0.615877 0.164313 0.269684 0.0327217
0 0.559474 0.733566 0.024036 0.0522851 0.0314066
0 0.570321 0.741339 0.0489804 0.0753709 0.0307671
0 0.155199 0.657205 0.040585 0.0269519 0.0289212
0 0.837071 0.530147 0.0258505 0.0490095 0.0282423
0 0.779309 0.918061 0.0334828 0.13159 0.0280696
0 0.857448 0.611093 0.0489773 0.110771 0.0276574
0 0.142881 0.645242 0.0550084 0.0361896 0.0276391
0 0.874736 0.672331 0.025861 0.0784338 0.0266772
0 0.151504 0.649854 0.0432133 0.0310378 0.0266251
0 0.787022 0.885089 0.175566 0.229822 0.0259235
0 0.848862 0.534916 0.0400343 0.0414579 0.0256416
0 0.317854 0.586648 0.059406 0.0291982 0.0212406
0 0.144314 0.620557 0.0759623 0.0824214 0.0209447
0 0.872966 0.546596 0.0145658 0.0303408 0.0202413
0 0.769482 0.87472 0.0451385 0.10291 0.0181844
0 0.136515 0.728255 0.180108 0.297313 0.0168809
0 0.881015 0.639897 0.15177 0.248825 0.0154652
0 0.856878 0.649882 0.0495968 0.0692407 0.0154566
0 0.171607 0.67427 0.0302088 0.024414 0.0139753
0 0.125305 0.77696 0.0899516 0.183421 0.0133909
0 0.301929 0.562636 0.0371542 0.0384295 0.0114104
0 0.745916 0.925879 0.0765811 0.144178 0.0111379
0 0.74596 0.9645 0.0645591 0.0584978 0.010757
0 0.85727 0.629459 0.048877 0.0638165 0.0105373
0 0.878614 0.972159 0.0219297 0.0390331 0.0105216
0 0.8707 0.544649 0.015938 0.0221738 0.0104333
0 0.156007 0.646549 0.050702 0.0660427 0.00986351
0 0.328398 0.585519 0.0555709 0.0240123 0.00904264
0 0.131787 0.63571 0.0490066 0.0491893 0.00851304
0 0.140388 0.605439 0.18186 0.225379 0.00809508
0 0.723637 0.603508 0.0233252 0.0287981 0.00766416
0 0.735404 0.90674 0.0548421 0.0880453 0.00762505
0 0.773065 0.889563 0.0422657 0.0681599 0.00736403
0 0.726531 0.609535 0.0263297 0.0521419 0.00735983
0 0.117125 0.687907 0.113463 0.139375 0.00709033
0 0.868564 0.545853 0.024613 0.0338932 0.00706732
0 0.0512339 0.292629 0.0101729 0.0155756 0.00697596
0 0.109684 0.613215 0.032891 0.0552008 0.00652733
0 0.554092 0.731173 0.0202968 0.0481443 0.0062962
0 0.988786 0.691083 0.0224276 0.0411125 0.00614786
0 0.449822 0.676811 0.0139475 0.0196106 0.00614205
0 0.87367 0.68539 0.0212645 0.0764045 0.00607394
0 0.877254 0.700147 0.01383 0.0500563 0.0058826
0 0.110405 0.660754 0.103662 0.069927 0.00563517
0 0.863893 0.54197 0.0238873 0.0309535 0.00559267
0 0.883571 0.97009 0.0149216 0.0287086 0.00552434
0 0.726158 0.893833 0.125334 0.173271 0.0054476
0 0.733145 0.607516 0.0264842 0.0262691 0.00519026
0 0.841252 0.524485 0.0270746 0.0376228 0.00512833
0 0.851124 0.572601 0.0706217 0.154211 0.00511508
0 0.990553 0.696661 0.0181541 0.0492907 0.00497871
0 0.872537 0.657834 0.0351141 0.0684508 0.00496355
0 0.781385 0.889071 0.0797335 0.178699 0.00474422
0 0.103467 0.642303 0.176934 0.217328 0.00425047
0 0.757897 0.958605 0.0694055 0.0740221 0.0041849
0 0.0809646 0.66058 0.0452047 0.0502687 0.00413398
0 0.0916043 0.748436 0.104613 0.25627 0.00397272
0 0.986333 0.697444 0.0273337 0.0605393 0.0039726
0 0.137624 0.626458 0.0519749 0.0595709 0.0039612
0 0.844185 0.640364 0.0666849 0.147601 0.0038685
0 0.57797 0.750882 0.0500148 0.0822535 0.00386572
0 0.855611 0.609843 0.0523472 0.0639173 0.00376811
0 0.840884 0.607788 0.0911478 0.200476 0.00361905
0 0.873642 0.643926 0.038138 0.107404 0.00359344
0 0.84333 0.523483 0.0429789 0.047478 0.00352133
0 0.776794 0.913201 0.0406677 0.0703737 0.00350421
0 0.77213 0.959241 0.0426713 0.0648983 0.00340137
0 0.291475 0.665608 0.0300895 0.0413735 0.00340127
0 0.132738 0.635615 0.0383876 0.034372 0.003345
0 0.113528 0.59913 0.0195142 0.0452326 0.00329036
0 0.849086 0.673014 0.18199 0.233875 0.00326928
0 0.130861 0.772565 0.117457 0.13414 0.00316529
0 0.87403 0.540166 0.0125582 0.0143994 0.00312895
0 0.289763 0.557587 0.0234436 0.0306244 0.00306082
0 0.341317 0.584454 0.0256822 0.0182945 0.00303286
0 0.170598 0.746759 0.207336 0.241097 0.00289988
0 0.143555 0.762253 0.122178 0.240174 0.00289216
0 0.987057 0.683655 0.0221045 0.0369754 0.00286418
0 0.738536 0.902086 0.0755868 0.106764 0.00283117
0 0.00633165 0.010808 0.0126633 0.0173266 0.00269756
0 0.854068 0.574851 0.0931349 0.202712 0.00264715
0 0.575889 0.743396 0.0712041 0.101701 0.00258049
0 0.507998 0.658037 0.0167974 0.0216234 0.00254615
0 0.300534 0.561516 0.0507831 0.0530985 0.00250798
0 0.870324 0.554404 0.0322742 0.0878286 0.00243131
0 0.855069 0.583715 0.0446783 0.120262 0.00240993
0 0.31211 0.58643 0.042776 0.023643 0.00239078
0 0.109403 0.614802 0.0419744 0.0760358 0.00220716
0 0.115327 0.62507 0.0399492 0.0579143 0.00220347
0 0.00481437 0.0149656 0.00962874 0.028709 0.00214181
0 0.8789 0.970514 0.0323576 0.0543152 0.00212093
0 0.856529 0.551214 0.0396923 0.067662 0.00207811
0 0.77102 0.846501 0.0300698 0.0426634 0.00200527
0 0.847334 0.582238 0.0276672 0.0912373 0.00196466
0 0.121221 0.806496 0.068193 0.116998 0.00195082
0 0.0527829 0.290834 0.0148208 0.0155904 0.00193116
0 0.16935 0.679099 0.0539838 0.0810471 0.00184669
0 0.851983 0.666393 0.0609148 0.115785 0.00183904
0 0.23768 0.130964 0.0144496 0.0102251 0.00183008
0 0.723667 0.907364 0.0329341 0.0378723 0.00182087
0 0.0883902 0.66851 0.0516353 0.0655719 0.00181451
0 0.773319 0.872698 0.0475289 0.0668669 0.00180427
0 0.694532 0.889994 0.228617 0.183866 0.00179878
0 0.0885555 0.649547 0.060712 0.0558831 0.00175076
0 0.448986 0.676714 0.0213828 0.0162376 0.00173575
0 0.0736406 0.651813 0.0343963 0.0427467 0.00171929
0 0.286824 0.675763 0.0348003 0.0671262 0.00170832
0 0.295 0.555059 0.0346364 0.0354423 0.00169643
0 0.0881235 0.750128 0.176247 0.25741 0.00167557
0 0.289767 0.655174 0.0307703 0.0290475 0.00164915
0 0.840978 0.55037 0.0270222 0.0558377 0.00163412
0 0.163532 0.646437 0.0999559 0.0803635 0.00160039
0 0.133639 0.649075 0.0795247 0.0535533 0.00158888
0 0.8746 0.972068 0.0385761 0.0385256 0.00158425
0 0.112862 0.721162 0.111277 0.136422 0.00156516
0 0.224317 0.880009 0.0137815 0.0203001 0.00155257
0 0.50756 0.662522 0.0187073 0.0214077 0.00154394
0 0.160914 0.652374 0.0483901 0.0322463 0.00152172
0 0.7458 0.87694 0.0833401 0.164474 0.0014969
0 0.87074 0.594355 0.0919701 0.203357 0.00147782
0 0.729733 0.966435 0.0487818 0.0563185 0.00146665
0 0.784889 0.899521 0.0450767 0.127159 0.00142229
0 0.14609 0.659536 0.0572815 0.0304589 0.00140164
0 0.873263 0.642615 0.0352249 0.0544243 0.00135208
0 0.31876 0.583726 0.077323 0.0555442 0.00133531
0 0.846595 0.553381 0.02936 0.0670052 0.00132101
0 0.0164444 0.500855 0.0150256 0.0139201 0.00130908
0 0.186432 0.706315 0.259185 0.321951 0.00129392
0 0.164172 0.620599 0.126501 0.102698 0.00128529
0 0.179312 0.696836 0.185584 0.204473 0.0012428
0 0.505685 0.0403213 0.00671444 0.0141699 0.00121291
0 0.768769 0.835909 0.0208303 0.0399422 0.00117046
0 0.725839 0.914756 0.0440779 0.0452923 0.00112398
0 0.763828 0.832802 0.0211129 0.0297085 0.00112159
0 0.776282 0.860316 0.0295586 0.063106 0.00111417
0 0.777987 0.943158 0.0313983 0.093236 0.00111059
0 0.847769 0.565832 0.206786 0.279687 0.00110814
0 0.0131338 0.503192 0.0143257 0.0132942 0.00110541
0 0.303121 0.551655 0.0349525 0.034973 0.00108801
0 0.12451 0.637156 0.0374867 0.0382278 0.00108641
0 0.0939971 0.679395 0.0756189 0.110674 0.00106795
0 0.506725 0.0423889 0.00779591 0.0117856 0.00105136
0 0.276373 0.436727 0.0575088 0.0649404 0.00104627
0 0.0759812 0.666256 0.0320633 0.0531498 0.00103242
0 0.170915 0.648329 0.141277 0.167769 0.0010272
0 0.714498 0.605275 0.037574 0.0272089 0.00102045
0 0.277578 0.686076 0.0644042 0.0841392 0.00101424
0 0.874042 0.701962 0.0264452 0.0919592 0.00101419
0 0.0483963 0.293226 0.0111506 0.0181173 0.00100089
