0 0.208856 0.460407 0.0383731 0.0349964 0.745193
0 0.842344 0.48766 0.0307306 0.0177473 0.722323
0 0.165885 0.535024 0.0275116 0.0526497 0.722303
0 0.853482 0.440026 0.015962 0.0177644 0.675148
0 0.789717 0.496251 0.0139473 0.0153615 0.384601
0 0.203748 0.465582 0.032426 0.041018 0.0749979
0 0.199727 0.474041 0.0558558 0.067511 0.0749591
0 0.853364 0.440607 0.0222231 0.0249778 0.0746035
0 0.161089 0.533272 0.0244535 0.0449786 0.0676407
0 0.385687 0.0367237 0.236757 0.0349648 0.0531936
0 0.854114 0.444912 0.0150026 0.0198835 0.0511705
0 0.843419 0.47675 0.0264786 0.0371094 0.0485191
0 0.380586 0.0381132 0.53308 0.0496057 0.0481671
0 0.630082 0.435064 0.0110218 0.0168925 0.0466079
0 0.857854 0.442116 0.0159004 0.0186913 0.0428288
0 0.82502 0.45204 0.0155365 0.0163016 0.038641
0 0.170995 0.537729 0.024312 0.0416646 0.0357336
0 0.299445 0.030513 0.490716 0.061026 0.0342649
0 0.681109 0.0557637 0.054703 0.0450292 0.0305381
0 0.163633 0.526379 0.0207611 0.0425285 0.0249595
0 0.345194 0.0295796 0.311665 0.0591593 0.0248864
0 0.220721 0.457183 0.0198404 0.0335926 0.0211026
0 0.176504 0.519104 0.0540757 0.0916764 0.0204649
0 0.789314 0.497546 0.0164749 0.0222727 0.0197208
0 0.843982 0.491529 0.0358547 0.049748 0.0185601
0 0.168214 0.546431 0.0196717 0.0334729 0.0172394
0 0.216396 0.466646 0.0350745 0.0476933 0.0157948
0 0.345942 0.036081 0.691883 0.072162 0.0157811
0 0.197817 0.491379 0.0774231 0.11333 0.0143572
0 0.460005 0.0431455 0.280149 0.0359378 0.0139356
0 0.38684 0.0389286 0.221243 0.0213665 0.0124826
0 0.829566 0.450389 0.0147127 0.0182024 0.0121827
0 0.436431 0.0411204 0.248721 0.0247031 0.00960855
0 0.273001 0.0530325 0.546002 0.106065 0.00934609
0 0.215787 0.454046 0.0286802 0.0295394 0.00869633
0 0.682907 0.0607756 0.072802 0.0572439 0.00825272
0 0.420361 0.0438348 0.170703 0.0330403 0.00812357
0 0.829024 0.44822 0.020261 0.0206428 0.00795893
0 0.434757 0.0342717 0.474894 0.0685433 0.00765046
0 0.802903 0.492482 0.0326382 0.0319399 0.00756705
0 0.845786 0.47552 0.0368797 0.0748757 0.00756639
0 0.405119 0.058022 0.810238 0.116044 0.00738236
0 0.85612 0.443164 0.0282864 0.0513541 0.00686226
0 0.833934 0.469966 0.0236385 0.0246951 0.00636462
0 0.205922 0.466971 0.075431 0.112087 0.0063104
0 0.806306 0.492817 0.0586178 0.03327 0.00597885
0 0.850953 0.450058 0.0293324 0.0723611 0.00574371
0 0.443411 0.0440239 0.124922 0.0263686 0.0057067
0 0.352183 0.0414926 0.704366 0.0829852 0.00537071
0 0.855206 0.434863 0.0224571 0.0285198 0.005135
0 0.62817 0.437162 0.0171555 0.0220698 0.00507281
0 0.395049 0.0395436 0.15515 0.0285289 0.00488698
0 0.791034 0.492011 0.0153395 0.0218086 0.00471078
0 0.477145 0.0457347 0.470393 0.0578879 0.00465133
0 0.170874 0.532798 0.0461089 0.0599141 0.00436878
0 0.759364 0.00819159 0.0333771 0.0163832 0.0043634
0 0.432944 0.0472709 0.675194 0.0945418 0.00427434
0 0.00507651 0.0111112 0.010153 0.0171967 0.00404955
0 0.00534768 0.0192078 0.0106954 0.031333 0.00397609
0 0.847727 0.447791 0.0187485 0.0281773 0.0037564
0 0.365858 0.0322682 0.159801 0.0428285 0.00350502
0 0.824828 0.449641 0.0231279 0.0236468 0.00346499
0 0.367641 0.913738 0.013618 0.0434319 0.00343801
0 0.207881 0.510666 0.0897575 0.122636 0.00336271
0 0.185014 0.524323 0.0770744 0.11056 0.00328695
0 0.194243 0.493814 0.188269 0.246736 0.00326033
0 0.67071 0.0536184 0.0427563 0.0440527 0.00314437
0 0.392485 0.0610451 0.539089 0.0842804 0.00313453
0 0.38984 0.0114434 0.0520561 0.020451 0.00310451
0 0.280327 0.968493 0.0303773 0.0437037 0.00307686
0 0.972741 0.124678 0.0360996 0.0320795 0.00287791
0 0.0422241 0.973306 0.062751 0.0458563 0.00269868
0 0.186432 0.530748 0.0579707 0.0747758 0.00267293
0 0.166096 0.513351 0.0298765 0.0590026 0.00262497
0 0.387906 0.0433411 0.222563 0.066186 0.00261496
0 0.273946 0.978076 0.0111013 0.0202276 0.00261184
0 0.797175 0.49718 0.031542 0.0189254 0.00260529
0 0.201876 0.456359 0.041872 0.0426815 0.00253222
0 0.859571 0.43644 0.0205324 0.0255748 0.00252146
0 0.824722 0.456483 0.0262257 0.0347665 0.00241601
0 0.199472 0.47161 0.0252252 0.0321926 0.00233616
0 0.83826 0.498863 0.0440525 0.0380702 0.00232594
0 0.171851 0.549664 0.0137834 0.030401 0.00230058
0 0.368858 0.913103 0.00984383 0.032052 0.00226448
0 0.370608 0.917891 0.0152518 0.0732874 0.0020415
0 0.162432 0.51455 0.0210996 0.0376742 0.00202069
0 0.00663677 0.0109064 0.0121834 0.0206263 0.0019911
0 0.782524 0.496337 0.0274876 0.0292262 0.00198818
0 0.764949 0.00943611 0.0356255 0.0161206 0.00194299
0 0.627929 0.436019 0.0231497 0.0290744 0.00186923
0 0.557287 0.0346976 0.0965969 0.037588 0.00185851
0 0.157823 0.524444 0.0280548 0.0497699 0.0018538
0 0.372905 0.911901 0.0120408 0.0511829 0.00185352
0 0.17114 0.549396 0.0129686 0.0200921 0.00185216
0 0.689487 0.073867 0.0960753 0.107801 0.00182587
0 0.388751 0.00879995 0.0406421 0.0175999 0.00178754
0 0.339369 0.0253064 0.145419 0.0464378 0.00174219
0 0.0905801 0.0263262 0.0153375 0.0245313 0.00172118
0 0.00741316 0.0185967 0.0107476 0.0329523 0.00168477
0 0.706566 0.00409346 0.0408828 0.00818691 0.00164328
0 0.173174 0.523553 0.0354865 0.0597759 0.00164202
0 0.792808 0.497122 0.0324823 0.0633875 0.00163002
0 0.784077 0.490109 0.020969 0.0283284 0.00161038
0 0.189697 0.465437 0.0789048 0.0426847 0.00159057
0 0.271699 0.972142 0.0231424 0.0368368 0.00150652
0 0.367648 0.0215822 0.155536 0.0320727 0.00150469
0 0.837843 0.486663 0.0621559 0.0421009 0.00148634
0 0.179711 0.00869108 0.0241818 0.0113972 0.00147846
0 0.780146 0.506384 0.0340624 0.0377146 0.00142961
0 0.271888 0.977856 0.013097 0.0281473 0.00138675
0 0.634076 0.43433 0.0200849 0.0187863 0.00133553
0 0.842377 0.468798 0.064698 0.0512797 0.00133461
0 0.27664 0.976274 0.0174374 0.0261675 0.00133186
0 0.807505 0.49097 0.0657065 0.0752132 0.00131822
0 0.119652 0.00289372 0.0240237 0.00578744 0.00131467
0 0.230932 0.449047 0.222786 0.324807 0.00130686
0 0.12134 0.00469193 0.028938 0.00938387 0.00129236
0 0.216321 0.48936 0.0699088 0.0943468 0.00128475
0 0.847648 0.494733 0.0392656 0.0249504 0.00128055
0 0.765851 0.0116995 0.0308445 0.0233991 0.00125447
0 0.509 0.0353492 0.247011 0.04925 0.00124974
0 0.650364 0.0173546 0.083699 0.0337824 0.00123907
0 0.0873939 0.0286097 0.0188432 0.0207001 0.00123518
0 0.709734 0.115462 0.0690989 0.089006 0.0012319
0 0.369674 0.0114609 0.11253 0.022831 0.00122634
0 0.799855 0.499715 0.048385 0.0344784 0.0011752
0 0.669803 0.0592287 0.116035 0.0967264 0.0011665
0 0.171001 0.491155 0.0635437 0.0851377 0.0011642
0 0.173973 0.00687814 0.0205564 0.0118845 0.00115107
0 0.266819 0.0279839 0.323909 0.0559679 0.00112626
0 0.324407 0.0800695 0.648814 0.160139 0.00112529
0 0.78178 0.495145 0.0427881 0.0306766 0.00110293
0 0.379462 0.00883446 0.039929 0.0161827 0.0010995
0 0.837668 0.498602 0.0233656 0.0314147 0.00109475
0 0.756534 0.0140489 0.0480333 0.0273523 0.00107932
0 0.166604 0.537147 0.074366 0.113703 0.00105981
0 0.66444 0.972027 0.038237 0.0516466 0.00105088
0 0.0826043 0.0216502 0.0188748 0.0309727 0.00101284
0 0.886488 0.0481421 0.0152409 0.018888 0.00100684
0 0.764705 0.00583876 0.0286305 0.0116775 0.00100631
