0 0.392222 0.602536 0.229214 0.340383 0.220668
0 0.379923 0.630842 0.169576 0.192045 0.135964
0 0.560731 0.30235 0.662683 0.539092 0.0741426
0 0.409718 0.754216 0.111248 0.422185 0.0655273
0 0.492127 0.186911 0.29539 0.111525 0.0541079
0 0.404869 0.696006 0.157767 0.394344 0.0433817
0 0.27113 0.378879 0.0725161 0.157214 0.0431763
0 0.421122 0.713114 0.0796416 0.170402 0.0387484
0 0.455744 0.402826 0.494162 0.589449 0.0378598
0 0.388077 0.273033 0.0286474 0.0420683 0.0361381
0 0.423496 0.552833 0.317939 0.684442 0.0350504
0 0.390378 0.562499 0.192792 0.215208 0.0270956
0 0.428932 0.711742 0.076882 0.245449 0.0261026
0 0.404124 0.49899 0.272897 0.429085 0.0257766
0 0.419859 0.719011 0.0488536 0.120884 0.024508
0 0.495923 0.20002 0.354643 0.175216 0.0181827
0 0.454192 0.402814 0.346618 0.397918 0.017623
0 0.532117 0.178991 0.261676 0.0798648 0.0162936
0 0.439011 0.767336 0.0391324 0.249858 0.0142941
0 0.398276 0.794541 0.158826 0.410918 0.0126897
0 0.26975 0.609065 0.0481398 0.0942957 0.0125262
0 0.259809 0.546555 0.0398324 0.0746053 0.011419
0 0.442357 0.786913 0.0254066 0.188507 0.011312
0 0.404652 0.84533 0.095109 0.254548 0.0108621
0 0.366144 0.619884 0.15556 0.132551 0.0100176
0 0.42999 0.593686 0.266915 0.452567 0.0096624
0 0.406056 0.449793 0.238723 0.259928 0.00913791
0 0.545505 0.496223 0.618755 0.805906 0.00906848
0 0.39955 0.916903 0.081005 0.106285 0.00897078
0 0.491417 0.240741 0.384895 0.279679 0.00877975
0 0.250372 0.536946 0.0498365 0.0958323 0.00801257
0 0.241833 0.512176 0.0843976 0.183094 0.00731081
0 0.488287 0.546311 0.398919 0.800831 0.00714752
0 0.276389 0.372757 0.104111 0.227287 0.00713776
0 0.370332 0.888556 0.0203458 0.0208903 0.00708855
0 0.465504 0.486517 0.224281 0.273011 0.00680609
0 0.254329 0.554751 0.0309767 0.0493143 0.00669931
0 0.38282 0.477185 0.156294 0.187609 0.00649203
0 0.403961 0.530022 0.247444 0.239608 0.00645399
0 0.24389 0.505121 0.123602 0.285797 0.00635666
0 0.391746 0.68232 0.142591 0.192805 0.00620791
0 0.247152 0.533848 0.0611103 0.139731 0.00599057
0 0.437468 0.806185 0.0301692 0.192817 0.00584651
0 0.431304 0.751637 0.16673 0.491476 0.00563598
0 0.36871 0.680455 0.148325 0.250686 0.0054952
0 0.414294 0.728769 0.0499043 0.0725407 0.00545611
0 0.499263 0.308188 0.419948 0.444121 0.00543866
0 0.269516 0.614875 0.0421803 0.0644546 0.00543433
0 0.43279 0.648788 0.183771 0.443858 0.00519738
0 0.380334 0.917581 0.0578325 0.0832568 0.00502304
0 0.592622 0.201723 0.538436 0.313981 0.00497426
0 0.264748 0.59417 0.0555337 0.135647 0.00491064
0 0.41575 0.930132 0.0771406 0.0944601 0.00479707
0 0.447826 0.707624 0.0240786 0.0840468 0.00475252
0 0.410635 0.891342 0.0920323 0.162591 0.00472362
0 0.489439 0.186182 0.165876 0.0919841 0.00443784
0 0.358769 0.428452 0.0743194 0.0820598 0.00442405
0 0.236266 0.519967 0.0547709 0.11587 0.00442216
0 0.44478 0.805212 0.0221898 0.132983 0.00432653
0 0.428333 0.693577 0.0587717 0.162054 0.00430248
0 0.398074 0.706942 0.10851 0.180275 0.00418804
0 0.442147 0.785149 0.0204187 0.129799 0.00412572
0 0.399169 0.735503 0.0973332 0.298958 0.00409929
0 0.247081 0.386671 0.215199 0.246552 0.00374749
0 0.63302 0.393669 0.73396 0.787339 0.00366134
0 0.368349 0.910472 0.0371904 0.0623042 0.0035204
0 0.430829 0.716453 0.0455277 0.133539 0.00331403
0 0.260358 0.51815 0.0515888 0.134389 0.00326979
0 0.244041 0.464436 0.169227 0.352287 0.00326669
0 0.352242 0.658826 0.114622 0.148222 0.00326405
0 0.989356 0.922811 0.00491587 0.0354292 0.00326279
0 0.426111 0.787429 0.0718537 0.338749 0.00325788
0 0.288682 0.386313 0.313963 0.334592 0.00325197
0 0.986258 0.92174 0.0101786 0.0318371 0.00323028
0 0.362783 0.452195 0.44824 0.427004 0.00317933
0 0.985528 0.928173 0.0117754 0.0285521 0.00316888
0 0.255548 0.561392 0.0471246 0.0536768 0.00315745
0 0.356088 0.41168 0.0588472 0.0742568 0.00305958
0 0.559734 0.165197 0.259948 0.0672844 0.00305154
0 0.489875 0.486088 0.372117 0.440923 0.00295646
0 0.989266 0.928158 0.00855868 0.027009 0.00286239
0 0.547675 0.436475 0.509241 0.461342 0.0028525
0 0.368173 0.730688 0.161609 0.394103 0.0028505
0 0.450087 0.839683 0.0151562 0.0647657 0.00276919
0 0.447067 0.718699 0.0340167 0.0731265 0.00274426
0 0.316723 0.461351 0.0357059 0.0513597 0.00273444
0 0.385297 0.277594 0.0380647 0.0654873 0.00269426
0 0.980299 0.928014 0.0151239 0.0305588 0.00269094
0 0.533377 0.171764 0.457711 0.144864 0.00263397
0 0.459506 0.411546 0.30371 0.229498 0.002542
0 0.471634 0.490664 0.0639727 0.126362 0.00252815
0 0.377818 0.29235 0.0614764 0.0681587 0.00250031
0 0.410158 0.35141 0.761582 0.70282 0.00249826
0 0.420022 0.753799 0.0621223 0.218312 0.00249772
0 0.444213 0.80291 0.0270518 0.07254 0.00231472
0 0.344286 0.684569 0.0883166 0.119618 0.00229638
0 0.368446 0.900382 0.0280515 0.0468809 0.00220624
0 0.653869 0.248039 0.692262 0.484803 0.00219719
0 0.404305 0.944094 0.0581724 0.0666777 0.0021735
0 0.253663 0.375342 0.0841426 0.134657 0.00216044
0 0.257318 0.489806 0.104211 0.175106 0.00210917
0 0.399422 0.7358 0.0805845 0.13411 0.0020995
0 0.273306 0.625737 0.0522154 0.0688438 0.00209903
0 0.255917 0.578499 0.0514834 0.138267 0.00208528
0 0.41989 0.706474 0.0504355 0.0660842 0.0020691
0 0.44209 0.759312 0.0168313 0.15175 0.00205846
0 0.383682 0.896748 0.0559167 0.0899259 0.00203248
0 0.289595 0.370001 0.0455383 0.131675 0.00203167
0 0.443781 0.731599 0.0220526 0.121729 0.00202782
0 0.397878 0.954394 0.0494852 0.0425953 0.0020252
0 0.371061 0.417738 0.0929713 0.114654 0.00198997
0 0.442911 0.778322 0.0274552 0.0711271 0.00198181
0 0.445221 0.735993 0.0301566 0.205613 0.00193864
0 0.3667 0.68417 0.134534 0.16031 0.00192846
0 0.416617 0.667756 0.101503 0.194835 0.00192472
0 0.357079 0.420866 0.0496221 0.052297 0.00186443
0 0.38242 0.277016 0.0462847 0.0432644 0.00185913
0 0.480723 0.463821 0.165142 0.195141 0.00179575
0 0.532396 0.17894 0.167471 0.0719132 0.00174467
0 0.434338 0.836472 0.0550812 0.205846 0.00168939
0 0.460801 0.99218 0.0169025 0.0156394 0.00167636
0 0.479509 0.469213 0.0812402 0.152408 0.00161082
0 0.225604 0.485561 0.0732067 0.197443 0.0015856
0 0.448868 0.715412 0.0302829 0.11759 0.00158346
0 0.387787 0.895839 0.0743507 0.123573 0.00154731
0 0.257896 0.599836 0.107849 0.357228 0.00152313
0 0.447066 0.815985 0.0208462 0.0687014 0.00151745
0 0.267815 0.529472 0.0362737 0.0920756 0.00150291
0 0.444638 0.819384 0.0173586 0.101261 0.00148724
0 0.450219 0.840916 0.0113096 0.0508579 0.00148001
0 0.960443 0.972356 0.0791142 0.0552874 0.00143686
0 0.359182 0.305858 0.0343772 0.054955 0.00142043
0 0.373483 0.505788 0.124275 0.17665 0.00141213
0 0.434317 0.620156 0.0398903 0.0644819 0.00139319
0 0.45003 0.695716 0.051908 0.274122 0.00139155
0 0.261794 0.532144 0.0335776 0.0688756 0.00137358
0 0.244223 0.545765 0.230111 0.528419 0.00137293
0 0.280124 0.629133 0.034154 0.061469 0.00129844
0 0.214409 0.460813 0.119534 0.306498 0.00128916
0 0.993501 0.922966 0.01103 0.0358005 0.0012822
0 0.417633 0.90917 0.0624748 0.110357 0.00128139
0 0.451338 0.708195 0.0273187 0.0630046 0.00124047
0 0.410558 0.740814 0.0398645 0.0687069 0.00122668
0 0.60027 0.111538 0.61362 0.223077 0.00122365
0 0.466451 0.489577 0.120532 0.187315 0.00120311
0 0.234519 0.5203 0.044749 0.0697521 0.00119971
0 0.364666 0.304706 0.0577823 0.0842191 0.00117026
0 0.0636105 0.980029 0.117127 0.0365574 0.00116653
0 0.500438 0.466869 0.220346 0.411953 0.00116572
0 0.390658 0.28056 0.0358734 0.041883 0.00114982
0 0.39832 0.897399 0.187675 0.205201 0.00114513
0 0.363499 0.302123 0.0865162 0.0990615 0.00113601
0 0.461618 0.987711 0.018551 0.023651 0.00112509
0 0.039828 0.353818 0.0742447 0.0952332 0.00112391
0 0.971209 0.300622 0.0575812 0.132388 0.00110041
0 0.370802 0.280998 0.0626118 0.0666671 0.00108785
0 0.45798 0.655081 0.0225876 0.117931 0.0010697
0 0.977687 0.917606 0.0174679 0.0409154 0.00106708
0 0.265489 0.54468 0.082894 0.176904 0.00106572
0 0.222173 0.496848 0.0497883 0.150698 0.0010656
0 0.393677 0.930913 0.0625504 0.0724688 0.0010613
0 0.599749 0.340997 0.0461862 0.0624962 0.00106049
0 0.989669 0.925953 0.012674 0.0401277 0.00105971
0 0.987388 0.935466 0.0121678 0.0353695 0.00105058
0 0.386874 0.851037 0.087633 0.161998 0.00104879
0 0.391348 0.26609 0.0306626 0.0386507 0.0010394
0 0.982641 0.92347 0.0347172 0.0696842 0.00103644
0 0.976957 0.289823 0.0460857 0.179778 0.00102385
0 0.441276 0.636577 0.0793681 0.308687 0.00101133
0 0.363352 0.908171 0.0329943 0.0480826 0.00100603
0 0.88029 0.0196313 0.0368523 0.0315749 0.0010013
