0 0.501514 0.501882 0.0533386 0.043337 0.768156
0 0.98428 0.672502 0.0314396 0.0169132 0.164038
0 0.220345 0.825557 0.44069 0.348887 0.146721
0 0.963942 0.406577 0.0721151 0.0532154 0.140413
0 0.509701 0.503677 0.0489753 0.0351673 0.11917
0 0.993642 0.390635 0.0127168 0.0214403 0.113669
0 0.981188 0.67291 0.0376248 0.0226252 0.111997
0 0.576753 0.849679 0.846493 0.300641 0.0833931
0 0.380447 0.841238 0.760894 0.317523 0.0722742
0 0.37802 0.574405 0.0167542 0.0361996 0.0596148
0 0.949802 0.365452 0.0267918 0.0158268 0.0591265
0 0.140549 0.697596 0.240638 0.0947396 0.0540642
0 0.841481 0.33289 0.0504711 0.0263744 0.0446793
0 0.520871 0.745396 0.0209992 0.0144197 0.0414077
0 0.501912 0.504727 0.0694865 0.0843407 0.0404052
0 0.320962 0.629515 0.0944324 0.029331 0.0333993
0 0.322326 0.619985 0.10639 0.0506161 0.0316754
0 0.332313 0.794376 0.0626615 0.0581438 0.0313973
0 0.988775 0.391609 0.019722 0.02669 0.0289001
0 0.339657 0.815891 0.562069 0.368218 0.0214259
0 0.498064 0.491218 0.0506001 0.032186 0.0208673
0 0.105222 0.625124 0.202387 0.0576363 0.0196097
0 0.374617 0.579561 0.0178971 0.0438385 0.0175763
0 0.971087 0.293062 0.0426968 0.0409753 0.0171326
0 0.141886 0.675171 0.263978 0.103221 0.0167218
0 0.214238 0.78692 0.329363 0.42616 0.0157395
0 0.373208 0.589181 0.0255419 0.0709158 0.0156391
0 0.659692 0.785355 0.680615 0.42929 0.0143635
0 0.584765 0.780876 0.034757 0.0196896 0.0138917
0 0.514277 0.508844 0.0296793 0.0317964 0.0137022
0 0.94675 0.369008 0.0318459 0.0209097 0.01204
0 0.326965 0.608471 0.103659 0.0800581 0.0111934
0 0.277429 0.722958 0.01659 0.0592124 0.0106571
0 0.962078 0.402919 0.0758444 0.0854333 0.0106306
0 0.45166 0.84492 0.526021 0.310159 0.0105637
0 0.907468 0.90866 0.183704 0.114296 0.0102455
0 0.258918 0.767916 0.0338686 0.093754 0.0100825
0 0.982596 0.395442 0.0348082 0.0357251 0.00985167
0 0.250251 0.708891 0.0485777 0.0741441 0.00938952
0 0.368568 0.623651 0.0221945 0.0341578 0.00919809
0 0.490495 0.495454 0.0373573 0.0313487 0.009132
0 0.979074 0.677722 0.0418511 0.0278843 0.00895061
0 0.684974 0.887808 0.630053 0.224384 0.00873303
0 0.370335 0.631035 0.021987 0.0209392 0.00870401
0 0.259263 0.769212 0.0503819 0.11083 0.00817946
0 0.316169 0.577095 0.0246131 0.0218491 0.00808994
0 0.982509 0.667091 0.0349813 0.0220792 0.00776322
0 0.491574 0.498821 0.182766 0.263937 0.00776018
0 0.951074 0.375542 0.0400959 0.0335424 0.00756554
0 0.132851 0.700862 0.265703 0.142669 0.00753083
0 0.919024 0.993078 0.0206425 0.013844 0.00720467
0 0.960688 0.385169 0.0723785 0.065818 0.00683059
0 0.366786 0.603091 0.0339559 0.0742033 0.00659144
0 0.555122 0.990785 0.0295582 0.0184305 0.00649447
0 0.991391 0.390831 0.0172187 0.0344714 0.00599278
0 0.136606 0.707065 0.164666 0.103979 0.00585959
0 0.994474 0.38601 0.0110514 0.0174273 0.00553774
0 0.836199 0.336549 0.0443813 0.0206936 0.00510876
0 0.980811 0.67498 0.0383771 0.0516237 0.00491059
0 0.327758 0.788364 0.0505008 0.0430777 0.00458439
0 0.975177 0.67762 0.0454985 0.0206151 0.00455222
0 0.86238 0.902613 0.275239 0.127359 0.00452256
0 0.078136 0.619959 0.134492 0.0475438 0.00421371
0 0.913422 0.991959 0.0267191 0.0145296 0.00420248
0 0.751579 0.908256 0.0463226 0.0324652 0.00409597
0 0.258744 0.740597 0.0582758 0.150895 0.00406836
0 0.107836 0.643093 0.215671 0.0984648 0.00390046
0 0.358095 0.596179 0.044404 0.0759227 0.00366172
0 0.275067 0.720182 0.0258607 0.0659093 0.00360422
0 0.221618 0.959403 0.396463 0.0673101 0.00350792
0 0.372831 0.575279 0.0279894 0.0395549 0.00349941
0 0.152921 0.629653 0.266849 0.0844861 0.00344948
0 0.569218 0.903436 0.861564 0.193129 0.00340507
0 0.51701 0.747298 0.0258156 0.0138253 0.00340438
0 0.403122 0.666988 0.00976257 0.0126843 0.00332265
0 0.969246 0.297918 0.0566032 0.057786 0.00329037
0 0.158534 0.722201 0.253108 0.1383 0.00321082
0 0.752761 0.909677 0.0544672 0.0487974 0.00319341
0 0.317969 0.628893 0.0594063 0.0267781 0.00309939
0 0.249147 0.708672 0.0639657 0.12069 0.00304107
0 0.336605 0.729106 0.0427719 0.0229692 0.00296717
0 0.853186 0.32757 0.0662313 0.0291327 0.00291569
0 0.252451 0.767607 0.0277093 0.0817396 0.00282275
0 0.480019 0.859239 0.271036 0.268337 0.00271781
0 0.442427 0.739724 0.0817961 0.0627591 0.00269542
0 0.992483 0.396788 0.0150346 0.0276798 0.00267463
0 0.404441 0.66836 0.0141642 0.0134247 0.00266723
0 0.12128 0.654831 0.242561 0.197645 0.00265087
0 0.266136 0.771044 0.0471201 0.0700488 0.0026314
0 0.32024 0.589086 0.0691101 0.0500148 0.00262394
0 0.92568 0.398049 0.148641 0.222419 0.00258237
0 0.367896 0.607146 0.0196191 0.0599287 0.00257356
0 0.255768 0.753659 0.126913 0.192592 0.00255581
0 0.953915 0.93595 0.0921692 0.0354053 0.00251698
0 0.19068 0.860294 0.357313 0.262893 0.00246727
0 0.330659 0.622699 0.145976 0.142314 0.00245816
0 0.190749 0.748957 0.366296 0.259529 0.00243632
0 0.255138 0.757148 0.200878 0.277273 0.00239508
0 0.260946 0.715467 0.0527654 0.0852191 0.00236961
0 0.978583 0.395145 0.0428332 0.0604354 0.00232107
0 0.256937 0.790203 0.0358776 0.0596251 0.00230933
0 0.361918 0.616094 0.0296229 0.0385504 0.00225441
0 0.55572 0.987877 0.0395408 0.0242459 0.00224474
0 0.36027 0.603034 0.0309089 0.0556081 0.00224462
0 0.399599 0.666566 0.0122249 0.0141436 0.00224372
0 0.264072 0.816453 0.155605 0.195561 0.00222864
0 0.257164 0.558895 0.17264 0.0606619 0.00222801
0 0.487778 0.489552 0.0309031 0.0213191 0.00221977
0 0.333586 0.724997 0.0387027 0.0180779 0.00221482
0 0.982534 0.684977 0.0349318 0.0329512 0.00220249
0 0.39648 0.916785 0.792959 0.166429 0.00214287
0 0.298452 0.87604 0.596904 0.24792 0.00213495
0 0.504253 0.802703 0.771069 0.394594 0.00211863
0 0.384939 0.744748 0.0414528 0.0399705 0.00210064
0 0.0286187 0.718775 0.0430791 0.0532959 0.00206264
0 0.989173 0.671398 0.0216543 0.025325 0.00206014
0 0.894673 0.34374 0.172582 0.0840952 0.00203433
0 0.956622 0.369375 0.0867555 0.119902 0.00203341
0 0.846196 0.333881 0.0696331 0.0486623 0.00201208
0 0.342201 0.607717 0.0861911 0.0646409 0.00200796
0 0.900235 0.311058 0.19953 0.101673 0.0019955
0 0.25392 0.792498 0.0883473 0.121661 0.00195582
0 0.770221 0.865119 0.459558 0.256938 0.0019536
0 0.976042 0.287279 0.0417082 0.0342797 0.00194841
0 0.147304 0.785337 0.294609 0.429326 0.00190146
0 0.365772 0.629069 0.0275738 0.0237883 0.00190025
0 0.245086 0.682749 0.0708256 0.0625489 0.00187538
0 0.532589 0.967614 0.124434 0.0373562 0.00187339
0 0.303861 0.599245 0.24741 0.188552 0.00180263
0 0.226441 0.945601 0.452881 0.108208 0.00178617
0 0.310379 0.575154 0.0330445 0.0258945 0.00176386
0 0.333063 0.813339 0.0784885 0.086639 0.001762
0 0.375293 0.587854 0.013331 0.0592455 0.00175622
0 0.3143 0.580057 0.0356566 0.0242643 0.00169477
0 0.0939603 0.705254 0.127553 0.070629 0.0016928
0 0.482604 0.499607 0.0765174 0.0401326 0.00169232
0 0.320762 0.276198 0.0218415 0.0158181 0.00167413
0 0.92698 0.391352 0.14604 0.0734463 0.00166479
0 0.974972 0.300436 0.0470785 0.0382097 0.00164932
0 0.249167 0.78223 0.0584227 0.0737249 0.00163897
0 0.505515 0.516295 0.0485603 0.0364107 0.0016372
0 0.194379 0.743944 0.280916 0.19607 0.00162016
0 0.69622 0.930707 0.577693 0.138586 0.00161683
0 0.376886 0.576714 0.0257692 0.0511368 0.00160764
0 0.118835 0.607877 0.23767 0.170433 0.00160181
0 0.452097 0.764034 0.904195 0.40918 0.00155786
0 0.988203 0.665968 0.0235932 0.0209039 0.00154218
0 0.952899 0.40723 0.0517242 0.0431126 0.00154151
0 0.48782 0.772131 0.0553913 0.062187 0.00154124
0 0.23166 0.927263 0.46332 0.145473 0.00152601
0 0.322365 0.582574 0.0231579 0.0196959 0.00150012
0 0.379858 0.564386 0.0214057 0.019498 0.00149634
0 0.489057 0.509281 0.0758046 0.0433497 0.00144109
0 0.517348 0.498418 0.0697078 0.0445778 0.00142381
0 0.966038 0.942938 0.0679249 0.0378143 0.00139596
0 0.403283 0.669327 0.0195724 0.0167624 0.0013763
0 0.158522 0.810869 0.298305 0.266513 0.00136771
0 0.896578 0.341715 0.199997 0.124906 0.0013422
0 0.302516 0.760748 0.430587 0.364306 0.00133829
0 0.578436 0.778004 0.0291133 0.0187536 0.00133306
0 0.315735 0.780411 0.0219258 0.0252672 0.00131144
0 0.481621 0.784177 0.0688642 0.0495879 0.00127748
0 0.323243 0.610439 0.0835038 0.053346 0.00126264
0 0.0267496 0.696398 0.0370211 0.0525524 0.0012605
0 0.328002 0.938298 0.62832 0.123404 0.0012598
0 0.0863528 0.659242 0.160893 0.123648 0.00125157
0 0.952143 0.41241 0.0783771 0.04468 0.00118816
0 0.340677 0.25866 0.0242067 0.0163612 0.0011872
0 0.343679 0.588516 0.109443 0.0801842 0.00118153
0 0.352885 0.748121 0.0798274 0.0464248 0.00117358
0 0.585099 0.69313 0.829801 0.613741 0.00116936
0 0.521153 0.503652 0.0405102 0.0299397 0.00115415
0 0.983963 0.379966 0.0320748 0.0520988 0.00115212
0 0.522986 0.748373 0.0282071 0.013188 0.00115008
0 0.135054 0.675096 0.15008 0.0874954 0.00114377
0 0.093117 0.693784 0.174333 0.0970315 0.00113415
0 0.858013 0.898005 0.283973 0.203991 0.00113285
0 0.840717 0.346066 0.0507811 0.0372912 0.00112639
0 0.249907 0.71245 0.109025 0.128072 0.00112292
0 0.188579 0.538668 0.290838 0.0840555 0.00111822
0 0.949728 0.371995 0.0450191 0.0602501 0.00110844
0 0.750789 0.907316 0.0124114 0.033102 0.00108473
0 0.343143 0.603784 0.0553276 0.0513408 0.00106041
0 0.970474 0.281902 0.0493805 0.0503956 0.00104355
0 0.320089 0.27646 0.0288081 0.021986 0.00103562
0 0.990318 0.395784 0.0193629 0.0655404 0.00103464
0 0.224832 0.777611 0.030548 0.0397836 0.00102162
0 0.893919 0.304936 0.212161 0.167016 0.00101483
0 0.855295 0.368897 0.0483719 0.0281126 0.00101137
0 0.929516 0.563347 0.0137035 0.0124027 0.00100986
0 0.494362 0.764116 0.0335532 0.0423607 0.00100935
