0 0.488719 0.272719 0.128493 0.0647137 0.760305
0 0.567109 0.773453 0.0474159 0.0327293 0.687053
0 0.371613 0.633981 0.0311261 0.0844725 0.588994
0 0.369334 0.611312 0.0354867 0.137512 0.267068
0 0.0171666 0.827274 0.0145438 0.0260702 0.240214
0 0.36078 0.567388 0.0153965 0.0356062 0.201176
0 0.566756 0.776745 0.0538934 0.0522969 0.184225
0 0.522835 0.656572 0.0225684 0.0610704 0.1358
0 0.364224 0.592901 0.0251469 0.104603 0.125895
0 0.359059 0.562388 0.0135376 0.0321273 0.105543
0 0.37588 0.788033 0.0177915 0.0492656 0.0890712
0 0.374584 0.6448 0.0205995 0.0702755 0.0743935
0 0.150152 0.764635 0.018314 0.0229248 0.0715195
0 0.00719853 0.965746 0.0119191 0.013586 0.0645508
0 0.14554 0.410136 0.0510945 0.0339203 0.0552791
0 0.367224 0.620066 0.0244161 0.0921854 0.0433997
0 0.363249 0.572929 0.0152716 0.0482707 0.0420514
0 0.486347 0.289781 0.190558 0.166429 0.0392891
0 0.938465 0.84242 0.0708771 0.315087 0.0320042
0 0.0202606 0.830476 0.0157902 0.0212107 0.030406
0 0.470678 0.256031 0.174076 0.168381 0.0284298
0 0.360943 0.568555 0.0240547 0.0431484 0.024184
0 0.363355 0.574862 0.0209115 0.0624787 0.0237154
0 0.369074 0.608243 0.0356105 0.0621185 0.0227783
0 0.365772 0.613753 0.0641589 0.169247 0.0185713
0 0.487754 0.29433 0.125145 0.112978 0.0175281
0 0.564592 0.78533 0.0655899 0.0919626 0.0173003
0 0.00862247 0.966241 0.016371 0.0103132 0.0169303
0 0.529858 0.277173 0.0525971 0.0620114 0.0163812
0 0.0164941 0.825598 0.0231475 0.0301235 0.0149717
0 0.0150363 0.823702 0.0146263 0.0302942 0.0147201
0 0.516727 0.655289 0.0262472 0.062664 0.0143497
0 0.367024 0.618605 0.0184271 0.0599367 0.0140083
0 0.0107396 0.545017 0.0214793 0.0277144 0.0139975
0 0.145341 0.411012 0.0545918 0.0186719 0.0137727
0 0.462625 0.69816 0.019512 0.0699727 0.0133305
0 0.349411 0.517869 0.0110039 0.023255 0.0131405
0 0.306248 0.330718 0.0193723 0.0474841 0.0126035
0 0.30945 0.332352 0.0186749 0.0641137 0.0122571
0 0.00600838 0.96548 0.0120168 0.00960178 0.0118283
0 0.959193 0.843385 0.075812 0.31323 0.0117318
0 0.509976 0.285289 0.150588 0.0838565 0.0108405
0 0.519062 0.274675 0.0827627 0.0655996 0.0107729
0 0.460182 0.274409 0.0756747 0.0551671 0.0101629
0 0.146206 0.411155 0.0603801 0.0519063 0.00884615
0 0.570771 0.76595 0.0762721 0.101796 0.0084953
0 0.376724 0.632388 0.0617418 0.152501 0.00825393
0 0.342016 0.274898 0.0393626 0.0407907 0.00821758
0 0.488939 0.264059 0.0593418 0.0624891 0.00699718
0 0.00489212 0.96493 0.0090023 0.0114365 0.00690235
0 0.11051 0.789951 0.0187088 0.0246342 0.00675696
0 0.97795 0.839911 0.0440997 0.320179 0.00661587
0 0.935829 0.81574 0.128342 0.36852 0.00644115
0 0.365744 0.594707 0.0335821 0.0649751 0.00570167
0 0.461214 0.696912 0.0304595 0.0847822 0.00566146
0 0.561567 0.765089 0.0530954 0.0488551 0.00507544
0 0.493265 0.285503 0.095354 0.067467 0.00503861
0 0.350633 0.518837 0.0163948 0.0192695 0.00472555
0 0.462948 0.714426 0.0126212 0.0368851 0.00467465
0 0.295812 0.0354946 0.0241008 0.0361223 0.00445003
0 0.153589 0.638438 0.00925336 0.014723 0.00428025
0 0.365392 0.313748 0.0201671 0.0133596 0.00419733
0 0.122373 0.0211599 0.0286855 0.0373266 0.00416975
0 0.543386 0.749159 0.182313 0.284019 0.00401637
0 0.34894 0.523574 0.0108974 0.0284814 0.00384913
0 0.379004 0.785037 0.0213916 0.0367002 0.00381123
0 0.346959 0.605445 0.17022 0.267812 0.00381055
0 0.265994 0.715669 0.0144276 0.0116053 0.00380549
0 0.372831 0.663217 0.0140978 0.0412307 0.00368166
0 0.357651 0.613585 0.0334558 0.115872 0.00367393
0 0.294004 0.033777 0.015442 0.0416384 0.00362059
0 0.920006 0.840432 0.155008 0.319137 0.0035528
0 0.0906456 0.239459 0.01948 0.0222553 0.0034202
0 0.376007 0.789002 0.0248896 0.0586951 0.00324865
0 0.0185214 0.825163 0.0319141 0.0537407 0.00320323
0 0.0996476 0.881313 0.017084 0.0148895 0.0031527
0 0.304374 0.313882 0.0170854 0.0394138 0.00304889
0 0.983946 0.864923 0.0320431 0.268471 0.00289828
0 0.124217 0.0208475 0.0120116 0.0416949 0.00285969
0 0.585374 0.770403 0.0370772 0.0307087 0.00280033
0 0.472795 0.263871 0.111383 0.0644064 0.00278246
0 0.454614 0.692558 0.0469122 0.0876867 0.00270791
0 0.930107 0.862645 0.0490795 0.27014 0.00267302
0 0.365718 0.639948 0.0284764 0.0837021 0.0026535
0 0.530586 0.288366 0.0688173 0.0719098 0.00260388
0 0.391944 0.603805 0.194455 0.270723 0.00258229
0 0.575698 0.766857 0.0384143 0.0393633 0.002574
0 0.507478 0.322038 0.171711 0.143366 0.00253696
0 0.291138 0.0243098 0.0176686 0.0424498 0.0025107
0 0.518735 0.270342 0.0550084 0.0508847 0.00249159
0 0.447814 0.278913 0.0554605 0.0516419 0.00245515
0 0.54439 0.303965 0.144957 0.118397 0.00241969
0 0.154701 0.639694 0.0173953 0.022433 0.00241829
0 0.358589 0.566467 0.0232176 0.071983 0.00240713
0 0.38398 0.642052 0.0370039 0.0726691 0.00216155
0 0.341261 0.26871 0.0489392 0.0606518 0.00214584
0 0.355653 0.590763 0.0296298 0.0918586 0.00209725
0 0.358609 0.557268 0.0219891 0.0408703 0.00209484
0 0.520992 0.639127 0.02147 0.0357582 0.00204051
0 0.267181 0.7179 0.0165696 0.0122987 0.00203583
0 0.986023 0.912959 0.0249384 0.174082 0.00199241
0 0.948019 0.769682 0.103961 0.459547 0.0019779
0 0.0215148 0.824673 0.0179484 0.0259062 0.00192851
0 0.991439 0.944089 0.0171217 0.105213 0.00189896
0 0.433887 0.292481 0.02425 0.0233504 0.00189489
0 0.449307 0.710646 0.0448894 0.0753881 0.00187152
0 0.357639 0.554327 0.0145181 0.0203909 0.00183009
0 0.100817 0.876725 0.0323573 0.0209795 0.00179076
0 0.553406 0.771574 0.0441827 0.0327683 0.00178655
0 0.521598 0.667535 0.0203527 0.0473492 0.00174815
0 0.0136841 0.548278 0.0273682 0.0349307 0.0017472
0 0.4657 0.705283 0.028636 0.0617801 0.00168744
0 0.589339 0.789081 0.227649 0.301173 0.00168357
0 0.972392 0.887937 0.0494333 0.203137 0.00167367
0 0.00700546 0.965574 0.0140109 0.0245272 0.00166101
0 0.356924 0.583263 0.0628344 0.140571 0.00159769
0 0.366813 0.432393 0.0207987 0.0404166 0.00157128
0 0.346703 0.280553 0.0333869 0.0346068 0.00154553
0 0.309974 0.223892 0.0154696 0.0315939 0.00154023
0 0.468398 0.690445 0.0459066 0.09384 0.00153633
0 0.14113 0.581739 0.0222282 0.0379369 0.001449
0 0.285497 0.0196844 0.0157072 0.0331278 0.00144624
0 0.987704 0.939069 0.0245923 0.121006 0.00140424
0 0.490516 0.676576 0.0769856 0.101767 0.00139841
0 0.586197 0.774772 0.050465 0.0335832 0.00133995
0 0.42388 0.278457 0.217637 0.0869888 0.00129325
0 0.362837 0.310948 0.0204704 0.0155281 0.00125625
0 0.990568 0.921951 0.0185625 0.146164 0.00125545
0 0.515187 0.658839 0.0540809 0.0836907 0.00124851
0 0.376153 0.797554 0.0120246 0.0532199 0.00122199
0 0.348539 0.523203 0.0172574 0.0250572 0.00119516
0 0.306581 0.345221 0.019509 0.0697183 0.00119129
0 0.484081 0.238002 0.156887 0.115638 0.00118622
0 0.278763 0.488829 0.0314308 0.0277587 0.0011845
0 0.553506 0.778958 0.0307902 0.0308893 0.00117099
0 0.536476 0.281095 0.0371583 0.0523708 0.00116634
0 0.502267 0.271864 0.0569517 0.0605245 0.00112448
0 0.65604 0.477349 0.0158525 0.0137226 0.00111506
0 0.307018 0.119251 0.036203 0.0357668 0.00109881
0 0.101097 0.87805 0.0127966 0.0149683 0.00109826
0 0.501319 0.659521 0.0540281 0.0798933 0.00108647
0 0.312884 0.0844099 0.053964 0.0972187 0.00108288
0 0.323128 0.0723841 0.073563 0.137791 0.00107693
0 0.346167 0.516592 0.0109608 0.0201591 0.00106822
0 0.440471 0.28994 0.040076 0.0351189 0.00106344
0 0.549492 0.964864 0.0578981 0.0466911 0.00106088
0 0.365568 0.433189 0.0163682 0.0300909 0.00105538
0 0.521647 0.259571 0.27619 0.195167 0.00103001
0 0.99051 0.941194 0.0148193 0.0714125 0.00101804
0 0.145877 0.766911 0.0261034 0.0263484 0.00100514
