0 0.27499 0.0782733 0.051063 0.156547 0.698256
0 0.698499 0.5641 0.0659846 0.18995 0.663573
0 0.275066 0.11381 0.0468338 0.069613 0.163635
0 0.255001 0.0291504 0.0263228 0.0583008 0.118643
0 0.674112 0.732435 0.0253174 0.0224353 0.113173
0 0.333021 0.795572 0.0662719 0.0431653 0.105539
0 0.700385 0.560888 0.163322 0.242303 0.097439
0 0.712671 0.778713 0.015959 0.0312098 0.0846197
0 0.288904 0.176295 0.0167458 0.0194208 0.0606819
0 0.0828582 0.181445 0.142593 0.0785538 0.0531639
0 0.676722 0.736943 0.0239439 0.0306463 0.0519014
0 0.256485 0.0959211 0.147383 0.191842 0.0414112
0 0.708529 0.596789 0.0476474 0.140129 0.0372488
0 0.286313 0.0271503 0.0175819 0.0476167 0.030676
0 0.357344 0.464036 0.0515158 0.042836 0.0287581
0 0.291539 0.102279 0.164812 0.204558 0.0285823
0 0.263027 0.0711237 0.0549808 0.131125 0.0277111
0 0.712407 0.782182 0.0221989 0.0294447 0.0276402
0 0.288094 0.170529 0.0196398 0.0272661 0.0232522
0 0.697976 0.540918 0.0915197 0.165461 0.0201827
0 0.280643 0.0414416 0.0239182 0.0745239 0.0197673
0 0.382144 0.725585 0.192153 0.189013 0.0192808
0 0.347295 0.787346 0.0825019 0.0530669 0.0192226
0 0.285185 0.0724136 0.0420701 0.130878 0.0188145
0 0.191998 0.495676 0.0825589 0.0557999 0.0158091
0 0.320827 0.225583 0.019868 0.0345589 0.015705
0 0.669913 0.728366 0.0250052 0.0201098 0.0154331
0 0.31693 0.218331 0.0164967 0.0280661 0.0137459
0 0.326446 0.240451 0.0201713 0.0354178 0.0135062
0 0.717549 0.60568 0.0400523 0.116672 0.0108883
0 0.2763 0.0661675 0.0485424 0.0699065 0.010872
0 0.676483 0.877027 0.0198825 0.0430622 0.0107507
0 0.322651 0.240836 0.0236437 0.0459259 0.0105482
0 0.285513 0.0133685 0.0129956 0.0187751 0.0098
0 0.625577 0.66942 0.0274296 0.0397414 0.0092078
0 0.347075 0.798196 0.048516 0.0334558 0.00906109
0 0.690024 0.516429 0.0596025 0.113782 0.00890424
0 0.27038 0.118761 0.0612625 0.115554 0.0087015
0 0.631774 0.676065 0.0335144 0.0465017 0.00804856
0 0.365526 0.957803 0.0337728 0.0299036 0.0079846
0 0.285839 0.0204827 0.0148335 0.0330289 0.00789808
0 0.674275 0.739235 0.0342642 0.0531857 0.00743905
0 0.683321 0.749731 0.0247125 0.0314243 0.00740864
0 0.680261 0.562362 0.0862436 0.183801 0.00732143
0 0.681254 0.745648 0.0338484 0.0450697 0.00730928
0 0.328548 0.7974 0.0895094 0.0925592 0.00668774
0 0.358505 0.764995 0.153171 0.13333 0.00667066
0 0.682091 0.507801 0.0335202 0.0775485 0.00601687
0 0.670597 0.506482 0.0314985 0.075687 0.00587824
0 0.29054 0.167686 0.0229982 0.0399572 0.00586689
0 0.578655 0.414299 0.0184852 0.0505156 0.00565384
0 0.194617 0.511595 0.0758509 0.0798357 0.00540936
0 0.274432 0.0889001 0.0504718 0.0725165 0.00527834
0 0.673604 0.74407 0.0303747 0.0316454 0.00512294
0 0.720838 0.616478 0.0293211 0.08346 0.00507643
0 0.330809 0.24893 0.0245836 0.0387215 0.00505935
0 0.703624 0.610606 0.06691 0.179307 0.00484656
0 0.285494 0.635229 0.0182948 0.0301581 0.00428208
0 0.0915068 0.195501 0.183014 0.162713 0.00398149
0 0.692344 0.551215 0.0627891 0.134935 0.00389008
0 0.63538 0.689752 0.0225141 0.0328748 0.00377869
0 0.82282 0.911369 0.0173639 0.0277361 0.00370333
0 0.711097 0.573986 0.0614063 0.155904 0.00363784
0 0.667006 0.944923 0.0812596 0.0737225 0.0035997
0 0.677338 0.498074 0.039166 0.0559655 0.00337153
0 0.283452 0.161321 0.0262624 0.0481175 0.00329824
0 0.530316 0.951149 0.0747301 0.0883413 0.00329335
0 0.0962905 0.638356 0.0318133 0.029338 0.003269
0 0.252097 0.0809946 0.0472557 0.107697 0.00321598
0 0.0197407 0.754342 0.0209699 0.0464514 0.0031399
0 0.290353 0.167632 0.0343274 0.0631468 0.0031281
0 0.292632 0.0772615 0.0498043 0.154523 0.00310722
0 0.0874787 0.179291 0.0957497 0.066164 0.00305426
0 0.586732 0.605355 0.0330714 0.0287929 0.00302224
0 0.36842 0.95337 0.0266727 0.0292446 0.00300987
0 0.729446 0.630045 0.019383 0.0607348 0.00289407
0 0.263406 0.0241392 0.0279666 0.0416153 0.00289264
0 0.259007 0.0360387 0.0590152 0.0720775 0.00289263
0 0.61503 0.91797 0.201035 0.130323 0.00283921
0 0.287552 0.0612557 0.0295956 0.122511 0.00281618
0 0.711017 0.779242 0.0324989 0.0523397 0.00281585
0 0.824631 0.913141 0.0272129 0.0306194 0.00278528
0 0.291714 0.184296 0.0224342 0.0339094 0.0027582
0 0.867646 0.00989182 0.0123358 0.0129858 0.00270222
0 0.23811 0.0589824 0.0953475 0.117965 0.00268447
0 0.68715 0.521849 0.0432435 0.0856772 0.00264714
0 0.665562 0.730383 0.0211267 0.0199617 0.00263802
0 0.321538 0.231732 0.0306892 0.0641163 0.00262516
0 0.701319 0.575198 0.0562357 0.0700228 0.00253546
0 0.642002 0.694017 0.0125021 0.0313316 0.00247455
0 0.360611 0.748148 0.260954 0.18081 0.00244387
0 0.649575 0.930656 0.117033 0.104447 0.00241755
0 0.52324 0.695046 0.0402047 0.0342946 0.002398
0 0.333014 0.783973 0.0613329 0.0455614 0.00239534
0 0.287431 0.0476374 0.0194269 0.0922583 0.00238916
0 0.322221 0.219501 0.0141741 0.0243539 0.00237978
0 0.540935 0.96076 0.0708762 0.0597565 0.002333
0 0.714202 0.592475 0.0469132 0.06513 0.00233025
0 0.639303 0.685271 0.0215777 0.0494916 0.00232911
0 0.286993 0.00937264 0.0159575 0.0139195 0.00228791
0 0.372966 0.779177 0.146498 0.0577795 0.00227825
0 0.314089 0.226668 0.0221642 0.0345875 0.00227637
0 0.673827 0.540178 0.0551352 0.133181 0.00226025
0 0.644268 0.699566 0.0108047 0.0234423 0.00222924
0 0.345015 0.276618 0.0172239 0.0287458 0.00220655
0 0.718409 0.565502 0.0873176 0.188266 0.00215457
0 0.393449 0.756478 0.173293 0.11615 0.00214603
0 0.179069 0.00696827 0.0236207 0.0139365 0.00212322
0 0.342192 0.798111 0.260232 0.248687 0.00211032
0 0.574789 0.406209 0.0229559 0.0688375 0.00210789
0 0.191614 0.4998 0.101168 0.0906031 0.00208703
0 0.726348 0.622633 0.0205 0.062828 0.00205326
0 0.0209743 0.0411426 0.0227769 0.0285315 0.0020496
0 0.559075 0.56337 0.0134562 0.0248253 0.00199665
0 0.312968 0.207767 0.0208449 0.0304867 0.00197245
0 0.688811 0.75659 0.0252304 0.0320224 0.00195919
0 0.674755 0.750035 0.021394 0.0350764 0.0019354
0 0.27968 0.136471 0.0304095 0.0602612 0.00191427
0 0.672706 0.484043 0.0184746 0.0346552 0.00190626
0 0.367297 0.464754 0.0681623 0.0528484 0.00190382
0 0.234575 0.31124 0.0795395 0.0974008 0.0018956
0 0.228834 0.53737 0.0344676 0.0943875 0.00181347
0 0.626056 0.674257 0.0362926 0.0600113 0.0018134
0 0.336666 0.264473 0.024348 0.0351851 0.00179428
0 0.691006 0.592799 0.0693705 0.147386 0.00175146
0 0.86397 0.00824258 0.0191675 0.01194 0.00167284
0 0.251319 0.0397486 0.029075 0.0669679 0.0016633
0 0.980954 0.268168 0.0213743 0.0923984 0.00164156
0 0.260346 0.0774163 0.0518922 0.0635033 0.00163987
0 0.238349 0.521288 0.0157637 0.0572441 0.00154377
0 0.280414 0.156911 0.0392299 0.0558384 0.00152812
0 0.34597 0.799803 0.0800701 0.0396931 0.00151342
0 0.23247 0.537317 0.018626 0.0720531 0.00149481
0 0.696183 0.56336 0.0572123 0.0615985 0.00148292
0 0.27592 0.16541 0.0242997 0.0398996 0.00146192
0 0.662002 0.517526 0.0294914 0.0919443 0.00145725
0 0.236183 0.532526 0.0172597 0.0691951 0.00144032
0 0.697043 0.764686 0.0233521 0.0293441 0.00143744
0 0.987933 0.255616 0.0127472 0.0606035 0.00140088
0 0.664253 0.507673 0.0275101 0.063475 0.00138429
0 0.317657 0.22133 0.0324901 0.0601148 0.00138256
0 0.251819 0.106325 0.0538268 0.0853361 0.00137982
0 0.353078 0.00580961 0.0337972 0.0116192 0.00137769
0 0.248801 0.132059 0.187249 0.247843 0.00137631
0 0.656255 0.514056 0.0329012 0.0595969 0.00133481
0 0.849553 0.953858 0.0222757 0.0296104 0.00133149
0 0.661832 0.719967 0.0212949 0.0252861 0.0013279
0 0.0173883 0.755065 0.0189259 0.0336905 0.00132741
0 0.579177 0.420912 0.0245116 0.0607717 0.00131008
0 0.552625 0.857874 0.0220355 0.0279449 0.00129359
0 0.018681 0.75094 0.0124902 0.0452039 0.00128399
0 0.532337 0.543568 0.023702 0.0359875 0.00124005
0 0.277919 0.471136 0.0321631 0.0242403 0.00123584
0 0.385562 0.779733 0.179301 0.0877432 0.00123321
0 0.321022 0.09177 0.137839 0.18354 0.00123168
0 0.233535 0.0860048 0.112082 0.163875 0.00123108
0 0.251614 0.0915346 0.0395566 0.0769475 0.00123009
0 0.642463 0.691477 0.0183023 0.0301495 0.00122819
0 0.368558 0.95735 0.0383374 0.0477148 0.00121387
0 0.28755 0.640975 0.0241285 0.0352835 0.0011779
0 0.288438 0.0426522 0.0264624 0.061145 0.00117131
0 0.633847 0.702516 0.0158864 0.0233345 0.00116678
0 0.529868 0.541701 0.0296388 0.0487693 0.00116545
0 0.658075 0.955721 0.0759044 0.0509316 0.00115623
0 0.676369 0.881359 0.0272171 0.052463 0.00115512
0 0.582642 0.597872 0.0374709 0.0444725 0.001137
0 0.526086 0.539967 0.0217879 0.0303305 0.00110533
0 0.57872 0.423978 0.0159943 0.0504673 0.00110339
0 0.189934 0.584786 0.0752485 0.0340001 0.0011
0 0.181169 0.0144506 0.027343 0.0289012 0.00109492
0 0.278377 0.474041 0.0450728 0.0281305 0.0010758
0 0.109416 0.183533 0.104285 0.0637312 0.0010722
0 0.533564 0.940602 0.10348 0.0981918 0.00105379
0 0.331392 0.777505 0.0720543 0.0770539 0.00104959
0 0.685803 0.76095 0.0209785 0.0284416 0.00104543
0 0.756396 0.839657 0.0254425 0.0295467 0.00103159
0 0.283844 0.0293806 0.0244868 0.0587613 0.00103074
0 0.530334 0.517373 0.0302582 0.0285778 0.00102495
0 0.341446 0.269895 0.0258202 0.0387015 0.00101059
0 0.987226 0.266302 0.0219374 0.0857697 0.00100999
0 0.362769 0.382556 0.0444265 0.0285201 0.00100639
