0 0.749849 0.428559 0.0444539 0.0554722 0.798196
0 0.356583 0.0550809 0.0431217 0.0902559 0.65441
0 0.344794 0.0788386 0.0183509 0.0373322 0.476305
0 0.886019 0.809308 0.024157 0.0281172 0.463335
0 0.350716 0.0660848 0.0384251 0.0680329 0.262643
0 0.994132 0.976742 0.0117359 0.0328995 0.238824
0 0.347854 0.0755615 0.0256396 0.0483942 0.203119
0 0.702782 0.467074 0.0276567 0.0240769 0.130305
0 0.357159 0.0550126 0.0593212 0.110025 0.0737767
0 0.885073 0.81573 0.0215605 0.0322651 0.0706981
0 0.750378 0.435762 0.0641892 0.0975345 0.0567054
0 0.362022 0.0477775 0.0357774 0.0708435 0.0474512
0 0.884655 0.812117 0.0307579 0.0500307 0.045711
0 0.376065 0.0169286 0.0145921 0.0257497 0.0337378
0 0.991591 0.980612 0.0168183 0.0358595 0.0329606
0 0.703249 0.473767 0.0250689 0.0308854 0.0326659
0 0.878896 0.809367 0.0330217 0.0278406 0.0304273
0 0.368386 0.0442622 0.0405366 0.0885244 0.0263616
0 0.995252 0.971143 0.0094965 0.0226236 0.019849
0 0.761461 0.434356 0.0408654 0.0508505 0.0193988
0 0.993276 0.983164 0.0134471 0.0278715 0.0177407
0 0.88916 0.804184 0.0194086 0.0273455 0.0172693
0 0.74812 0.415427 0.0410475 0.0495898 0.0168091
0 0.708737 0.468422 0.0375119 0.0305102 0.012833
0 0.886831 0.82203 0.0248083 0.0481045 0.0107842
0 0.34553 0.0799219 0.17244 0.159844 0.0105531
0 0.726486 0.441987 0.0467649 0.0632327 0.010271
0 0.704405 0.475585 0.0345378 0.0617624 0.00972144
0 0.376859 0.0133908 0.0125779 0.0178575 0.00932973
0 0.371955 0.0544035 0.064376 0.100974 0.00874627
0 0.76043 0.426074 0.051421 0.0556448 0.0087267
0 0.753004 0.442107 0.0463447 0.0642707 0.00861796
0 0.741221 0.422709 0.0356045 0.0469327 0.00855631
0 0.352462 0.0483423 0.0404775 0.0612001 0.0085511
0 0.740149 0.403163 0.173038 0.24313 0.0085501
0 0.991012 0.974352 0.0179759 0.0512952 0.00822864
0 0.75329 0.445474 0.0286784 0.0480906 0.00817056
0 0.368156 0.0354114 0.0291321 0.0708228 0.0080815
0 0.37376 0.0112636 0.0193748 0.0175615 0.00758224
0 0.342386 0.0727842 0.0158921 0.0369594 0.00731993
0 0.369181 0.024002 0.0225296 0.039667 0.00663937
0 0.37356 0.0204554 0.0150748 0.0259594 0.00663725
0 0.340793 0.0885569 0.0132021 0.0319928 0.00654032
0 0.743158 0.42077 0.0519214 0.0801167 0.0064792
0 0.739018 0.437254 0.045819 0.0497855 0.00624739
0 0.348659 0.0850339 0.019974 0.048892 0.00593867
0 0.991768 0.973062 0.0139313 0.0334503 0.00495451
0 0.704589 0.487968 0.0205317 0.0290009 0.00466505
0 0.0943575 0.063437 0.0116258 0.0171098 0.00458136
0 0.87879 0.820548 0.0355068 0.0398895 0.00416233
0 0.376257 0.0254447 0.0198217 0.0435954 0.00415733
0 0.751413 0.414101 0.0469734 0.0320922 0.00401063
0 0.771542 0.441441 0.195882 0.238409 0.00377004
0 0.877118 0.812137 0.0543131 0.0430082 0.0037539
0 0.759568 0.416299 0.0735939 0.1078 0.00375042
0 0.886346 0.817106 0.0513096 0.046656 0.00359044
0 0.728653 0.441201 0.0711147 0.0825026 0.00355996
0 0.508158 0.968135 0.0318563 0.0400307 0.0035019
0 0.993626 0.966577 0.0127483 0.0249424 0.00322977
0 0.740727 0.461385 0.0731364 0.102373 0.00316685
0 0.739257 0.439534 0.0255175 0.0454451 0.00274721
0 0.982828 0.980345 0.0274834 0.0393096 0.00261093
0 0.982846 0.878304 0.0185417 0.0311354 0.00250588
0 0.76871 0.433106 0.0617944 0.0595164 0.00244116
0 0.978457 0.879639 0.0171158 0.0248299 0.00243321
0 0.500222 0.968523 0.021953 0.0372604 0.00231474
0 0.694482 0.00788231 0.0210834 0.0157646 0.00230849
0 0.714546 0.455233 0.0454624 0.0489817 0.00225636
0 0.716975 0.448187 0.180247 0.18708 0.0022301
0 0.876414 0.803325 0.0483278 0.0412218 0.00222538
0 0.097258 0.0622201 0.0159073 0.0193752 0.00211583
0 0.737098 0.420127 0.0774214 0.127129 0.00208067
0 0.359854 0.0752603 0.0390224 0.068383 0.00201951
0 0.696719 0.0153503 0.0185676 0.0239761 0.00186919
0 0.734215 0.448307 0.0352497 0.0531304 0.00184773
0 0.359133 0.01787 0.0329495 0.0340453 0.00184689
0 0.00710525 0.00965658 0.0142105 0.0167898 0.00178167
0 0.338625 0.0602238 0.0845015 0.120448 0.00158835
0 0.341771 0.0917779 0.0199184 0.0307805 0.00158262
0 0.737543 0.413486 0.029911 0.0469744 0.00154753
0 0.987657 0.986787 0.0187876 0.026426 0.00153053
0 0.863815 0.808667 0.0437485 0.0360292 0.00148127
0 0.865302 0.813134 0.0300394 0.026223 0.00142658
0 0.719159 0.472911 0.059479 0.0770011 0.00142647
0 0.985074 0.853601 0.0222149 0.0618755 0.00140942
0 0.742526 0.469147 0.0902971 0.138341 0.00140807
0 0.716118 0.00518998 0.0201792 0.01038 0.00137728
0 0.711582 0.490322 0.0423263 0.0500394 0.00136983
0 0.688962 0.00739828 0.0301875 0.0147966 0.001328
0 0.0935583 0.0668888 0.0179013 0.0261335 0.00131674
0 0.377353 0.0395941 0.0769126 0.0791883 0.00131536
0 0.357706 0.967881 0.0316914 0.0376045 0.00126941
0 0.896541 0.804563 0.0254189 0.0314724 0.00124981
0 0.879053 0.824594 0.0449682 0.0669985 0.00119679
0 0.98293 0.874022 0.0140228 0.0307554 0.00112222
0 0.742314 0.401378 0.0412994 0.0863221 0.00111296
0 0.981666 0.884917 0.0223988 0.0444031 0.00111168
0 0.332489 0.0811249 0.0272952 0.0396041 0.00109671
0 0.986098 0.985545 0.0278049 0.0243298 0.00109161
0 0.989813 0.882611 0.0170448 0.0494011 0.00106758
0 0.00582237 0.0141718 0.0116447 0.0277264 0.00105552
0 0.873144 0.822053 0.0777395 0.059181 0.00103515
0 0.714081 0.455271 0.0322729 0.0318574 0.00102991
0 0.34988 0.0333132 0.0432918 0.0614821 0.00101011
