0 0.533993 0.528713 0.174308 0.121597 0.787502
0 0.141164 0.421696 0.0359105 0.0921803 0.609582
0 0.163668 0.348053 0.0244903 0.048404 0.601996
0 0.112068 0.304056 0.07421 0.131629 0.428287
0 0.0955632 0.458372 0.0420065 0.0461414 0.375412
0 0.236537 0.511226 0.0347975 0.0753797 0.233284
0 0.0576361 0.109906 0.110749 0.108699 0.209504
0 0.241783 0.510852 0.029698 0.0609804 0.132401
0 0.223975 0.514405 0.041806 0.0808472 0.107077
0 0.0408753 0.421476 0.0813268 0.282522 0.0957217
0 0.0572958 0.130002 0.114592 0.0633948 0.0732229
0 0.141514 0.417088 0.0467211 0.118259 0.0673522
0 0.50955 0.519957 0.11252 0.100206 0.0655122
0 0.240772 0.499343 0.0355341 0.0549371 0.0602832
0 0.146274 0.437179 0.0305199 0.0526253 0.053793
0 0.161159 0.339965 0.0206302 0.0429007 0.0272805
0 0.099223 0.29913 0.174785 0.221924 0.0263943
0 0.0716759 0.0983516 0.143352 0.167568 0.0238301
0 0.181431 0.41224 0.0245863 0.0503302 0.022827
0 0.122116 0.4066 0.0860283 0.253479 0.0226473
0 0.217741 0.0719804 0.10117 0.130187 0.0222487
0 0.164151 0.360376 0.0205173 0.0680255 0.0215239
0 0.333542 0.628394 0.0496022 0.0521611 0.0214253
0 0.143502 0.413437 0.0758858 0.179728 0.0212503
0 0.227936 0.526539 0.0272244 0.0610919 0.0203816
0 0.158749 0.356212 0.0223204 0.0751758 0.020143
0 0.536771 0.530782 0.094633 0.108917 0.0200052
0 0.0649119 0.426453 0.129824 0.307587 0.0184903
0 0.107798 0.26996 0.0700674 0.0621276 0.0176453
0 0.105357 0.454178 0.0203291 0.0372489 0.0152096
0 0.177207 0.405328 0.0271923 0.0618765 0.0146791
0 0.494335 0.508156 0.0885722 0.0751988 0.014199
0 0.149005 0.442868 0.0235448 0.0379556 0.0137029
0 0.111754 0.320001 0.0843698 0.208199 0.0134976
0 0.21997 0.497054 0.036236 0.084362 0.0134728
0 0.0717842 0.0896823 0.126049 0.133529 0.0134003
0 0.181687 0.396547 0.0335098 0.0894527 0.0132913
0 0.137563 0.349428 0.0932446 0.227009 0.0130076
0 0.158915 0.354667 0.0407199 0.0845162 0.010672
0 0.232137 0.511204 0.069431 0.121254 0.0105855
0 0.141266 0.400824 0.0319871 0.0975922 0.0102403
0 0.101377 0.441348 0.0711241 0.121848 0.00944267
0 0.160135 0.33839 0.0386758 0.0465664 0.00921115
0 0.064464 0.0766327 0.091207 0.10418 0.00875154
0 0.168202 0.38545 0.0432704 0.127618 0.00841986
0 0.108275 0.298756 0.0560208 0.0686566 0.00806585
0 0.196274 0.452996 0.023675 0.0477393 0.0080531
0 0.136437 0.353309 0.12793 0.281898 0.00793949
0 0.0476373 0.132656 0.0908929 0.0459427 0.00785095
0 0.232247 0.487508 0.0335087 0.0667507 0.00742575
0 0.568425 0.52227 0.146013 0.12065 0.00738147
0 0.0980611 0.406217 0.178925 0.315494 0.00710636
0 0.185052 0.42539 0.0224673 0.0458236 0.00692932
0 0.174345 0.39392 0.0371553 0.0771449 0.00686315
0 0.180586 0.393988 0.0432301 0.117629 0.00656139
0 0.116679 0.271602 0.0965539 0.185958 0.00588286
0 0.219954 0.495845 0.0292022 0.0553609 0.00585632
0 0.171394 0.400613 0.0758018 0.178959 0.00552087
0 0.153898 0.449287 0.0186509 0.0373573 0.00547813
0 0.100933 0.315044 0.0571936 0.11063 0.0054064
0 0.0900073 0.466145 0.0390648 0.0482727 0.00513904
0 0.0420908 0.471385 0.0730711 0.174096 0.00499824
0 0.34263 0.634852 0.0303396 0.045441 0.00498389
0 0.188195 0.431313 0.0283412 0.0803524 0.00490935
0 0.122556 0.326196 0.0259406 0.0580461 0.00486723
0 0.166788 0.325446 0.022094 0.0552638 0.0048377
0 0.106032 0.451416 0.0390975 0.0572717 0.00481445
0 0.0971739 0.269496 0.0539462 0.0503757 0.00454872
0 0.539147 0.564853 0.167664 0.190238 0.00452987
0 0.32597 0.619274 0.0566154 0.0570071 0.0045248
0 0.216186 0.105515 0.120636 0.210565 0.00451854
0 0.19305 0.443174 0.0779892 0.177772 0.00445189
0 0.186056 0.406564 0.0265566 0.0562373 0.00444441
0 0.188843 0.393556 0.0291849 0.0963804 0.00439648
0 0.170654 0.345016 0.0277919 0.0494016 0.00431887
0 0.0952518 0.443499 0.120188 0.238742 0.00431848
0 0.216131 0.511385 0.030186 0.0670696 0.00414613
0 0.533312 0.50567 0.156979 0.0957598 0.00413234
0 0.176531 0.415262 0.0231371 0.0487568 0.00410139
0 0.249438 0.515695 0.0316454 0.0687509 0.00376479
0 0.167221 0.350027 0.057638 0.10902 0.00374046
0 0.138311 0.35133 0.210612 0.341086 0.00357476
0 0.0412377 0.143954 0.0824753 0.051938 0.00334706
0 0.127243 0.315749 0.044177 0.100236 0.00325672
0 0.154543 0.343948 0.0205037 0.0442971 0.00323206
0 0.23124 0.540064 0.0208083 0.0363873 0.0031639
0 0.0844006 0.410241 0.168801 0.219445 0.00305838
0 0.190187 0.43175 0.0398334 0.108263 0.00303352
0 0.181514 0.395497 0.0250046 0.0597594 0.0030089
0 0.140961 0.39948 0.0353434 0.0578246 0.00300564
0 0.243975 0.0301649 0.0438076 0.0374497 0.00299696
0 0.239884 0.0398311 0.0631031 0.0582228 0.00298525
0 0.559559 0.554283 0.122569 0.0806317 0.00297076
0 0.253655 0.0166503 0.0367303 0.023236 0.00296058
0 0.0988561 0.32554 0.119466 0.306458 0.0029384
0 0.107933 0.24961 0.0597089 0.0643815 0.00293671
0 0.141885 0.434883 0.194952 0.303692 0.0028686
0 0.166703 0.181109 0.0130584 0.0411805 0.00277371
0 0.20015 0.443575 0.0278967 0.0644567 0.00274067
0 0.1241 0.337376 0.0223542 0.0431718 0.00268298
0 0.18989 0.44017 0.0239177 0.0491782 0.00262944
0 0.208521 0.198828 0.122842 0.390421 0.00260953
0 0.22843 0.481152 0.0685396 0.135403 0.00259797
0 0.581327 0.559131 0.0848708 0.0524663 0.00259376
0 0.217946 0.522104 0.0640051 0.109194 0.0024973
0 0.334343 0.637134 0.0832671 0.10025 0.00248542
0 0.238472 0.524544 0.0267755 0.0515294 0.00248212
0 0.136834 0.0921795 0.259385 0.156037 0.00248162
0 0.17592 0.306313 0.0177272 0.0413537 0.00248066
0 0.171314 0.319942 0.0198973 0.0578794 0.00247934
0 0.314045 0.581573 0.0769785 0.0314407 0.00245246
0 0.0038226 0.201836 0.0076452 0.012512 0.00241059
0 0.166829 0.324454 0.0334921 0.064098 0.00240982
0 0.241735 0.498991 0.215633 0.245822 0.00239999
0 0.111148 0.449492 0.0598833 0.0932714 0.0023846
0 0.0746114 0.116479 0.142203 0.0707267 0.00236709
0 0.100102 0.0797678 0.200204 0.159536 0.00236413
0 0.0909 0.309246 0.0903378 0.192591 0.00234897
0 0.0860122 0.268842 0.0281813 0.0316938 0.00233751
0 0.207781 0.153475 0.0924964 0.260783 0.00233624
0 0.0618837 0.370151 0.123767 0.2957 0.00231316
0 0.0451145 0.402542 0.0646435 0.096634 0.00229247
0 0.109928 0.455379 0.0210419 0.0323612 0.00225704
0 0.0364726 0.0984396 0.0289659 0.0458943 0.00224778
0 0.268282 0.00615776 0.0184634 0.012242 0.00220664
0 0.0916984 0.472981 0.072929 0.114471 0.00219329
0 0.0883414 0.136135 0.176683 0.192147 0.0020657
0 0.566264 0.529763 0.238552 0.158945 0.00202663
0 0.0518222 0.963128 0.0871503 0.0509182 0.00202027
0 0.234724 0.097287 0.194969 0.194574 0.00200523
0 0.10848 0.233768 0.0429882 0.0364245 0.00199887
0 0.0437808 0.103806 0.0699678 0.0658134 0.00198875
0 0.485074 0.523173 0.108752 0.121519 0.00198396
0 0.222111 0.0497747 0.079776 0.078233 0.0019499
0 0.139646 0.440299 0.0363681 0.0645604 0.00193818
0 0.206253 0.466925 0.0490348 0.138314 0.00193764
0 0.259951 0.0115369 0.0267761 0.013503 0.00189463
0 0.133638 0.261451 0.217237 0.40011 0.00188071
0 0.137332 0.387418 0.0299036 0.0653677 0.00186852
0 0.190189 0.380658 0.0390514 0.117406 0.00182714
0 0.275577 0.00595787 0.0220889 0.0119157 0.00182697
0 0.138636 0.308165 0.0377482 0.0991838 0.0018173
0 0.15767 0.396702 0.0325567 0.0872507 0.00181636
0 0.176844 0.317198 0.0252513 0.0524648 0.0018122
0 0.116006 0.530867 0.0224133 0.0321535 0.00181208
0 0.21379 0.497511 0.0311865 0.0722983 0.0017696
0 0.0437471 0.365274 0.0816347 0.213959 0.00174314
0 0.144658 0.449748 0.0400471 0.0869088 0.00173992
0 0.1855 0.400576 0.205916 0.294846 0.00170306
0 0.17431 0.356424 0.0947795 0.239692 0.00169951
0 0.17323 0.393125 0.0269125 0.0512117 0.00169787
0 0.23282 0.473514 0.10781 0.240707 0.00163125
0 0.700672 0.0622704 0.00817213 0.0163273 0.00162026
0 0.0264855 0.139353 0.0495817 0.0409922 0.00161567
0 0.0773682 0.0443604 0.0293243 0.0329556 0.00161479
0 0.118273 0.533571 0.0304048 0.0396008 0.00160848
0 0.248733 0.0203198 0.0443574 0.0257067 0.00159071
0 0.488838 0.734824 0.0576007 0.0413916 0.00159022
0 0.231438 0.475915 0.0453939 0.10273 0.00158094
0 0.0940221 0.26028 0.0459468 0.0486176 0.00155966
0 0.343255 0.636031 0.0422724 0.0573758 0.00155749
0 0.194461 0.449279 0.0319881 0.0670142 0.00155698
0 0.196492 0.414506 0.0505362 0.134384 0.00152784
0 0.0967882 0.471844 0.0457879 0.069706 0.00151027
0 0.553773 0.503205 0.187657 0.161901 0.00145212
0 0.700585 0.0666557 0.0129609 0.0141608 0.0014368
0 0.173354 0.295912 0.0185356 0.0443088 0.00141621
0 0.207407 0.138502 0.186375 0.265247 0.00141532
0 0.175326 0.333316 0.0252506 0.060855 0.00139909
0 0.516506 0.602488 0.190291 0.305609 0.00137511
0 0.0817212 0.365191 0.163442 0.335493 0.00134826
0 0.0604959 0.481419 0.0816004 0.133361 0.00133155
0 0.201536 0.0755838 0.213744 0.151168 0.00129667
0 0.124628 0.353859 0.0201175 0.0319366 0.00129641
0 0.173035 0.317798 0.0303359 0.0708025 0.00128925
0 0.0680567 0.07087 0.0723521 0.0749667 0.00128531
0 0.35028 0.633988 0.0239405 0.0385143 0.0012481
0 0.195698 0.461001 0.019691 0.0380816 0.00123733
0 0.265871 0.0118198 0.0237967 0.0236396 0.00121541
0 0.118459 0.312519 0.0482307 0.0743064 0.00120963
0 0.266724 0.58644 0.0467588 0.0277415 0.00120516
0 0.195994 0.452438 0.0381489 0.102267 0.0011853
0 0.319467 0.618915 0.0951481 0.118223 0.00116327
0 0.087948 0.275734 0.0288033 0.037812 0.00116305
0 0.127031 0.317012 0.0341254 0.0713641 0.00114795
0 0.540203 0.474726 0.242742 0.234915 0.00114334
0 0.159889 0.325899 0.0264438 0.054295 0.00112691
0 0.19856 0.388866 0.0758867 0.170302 0.00110547
0 0.351343 0.6345 0.0311641 0.0535938 0.00109708
0 0.0723859 0.0491301 0.0386909 0.041637 0.00107116
0 0.0451751 0.135107 0.0903501 0.0925732 0.00106053
0 0.590778 0.567209 0.0729532 0.0507683 0.00105998
0 0.354884 0.638402 0.019384 0.043894 0.00105324
0 0.0544129 0.157804 0.0993216 0.110163 0.00103801
0 0.105 0.262652 0.0539806 0.0493365 0.00102097
0 0.0762727 0.0814124 0.0610818 0.061195 0.00101401
0 0.178034 0.368405 0.0452483 0.108039 0.00101147
0 0.0803473 0.0959963 0.112286 0.0915487 0.00100846
0 0.213506 0.493833 0.0228927 0.0500834 0.00100808
