0 0.274004 0.580713 0.104812 0.207229 0.791157
0 0.398679 0.860663 0.0733291 0.166687 0.716336
0 0.333136 0.183221 0.08796 0.244484 0.706239
0 0.663225 0.706134 0.0168574 0.0214921 0.656083
0 0.342909 0.127081 0.0681735 0.140113 0.469168
0 0.467573 0.54875 0.0132854 0.0167876 0.275372
0 0.0773968 0.196887 0.0138677 0.052533 0.180637
0 0.0544215 0.676805 0.037149 0.0390484 0.128143
0 0.348506 0.183631 0.167469 0.284291 0.120769
0 0.398038 0.858143 0.165065 0.215615 0.0882999
0 0.465401 0.551273 0.0194513 0.0195224 0.0860922
0 0.282196 0.573513 0.167105 0.221796 0.0744132
0 0.00709806 0.0187943 0.0141961 0.03625 0.0666723
0 0.0604822 0.015539 0.0132674 0.0299527 0.0486986
0 0.305705 0.735768 0.0262191 0.0310769 0.0459401
0 0.0774553 0.19855 0.0202905 0.0609454 0.0391543
0 0.0875835 0.330439 0.0504467 0.0495032 0.0355014
0 0.107852 0.328314 0.0219208 0.042315 0.0334024
0 0.00635571 0.0128542 0.0127114 0.0257084 0.0325744
0 0.0613952 0.0268469 0.0218969 0.0536938 0.0318596
0 0.665068 0.705128 0.0266644 0.0230507 0.0314758
0 0.267681 0.582914 0.125399 0.139211 0.0204828
0 0.0616254 0.0191266 0.0181202 0.0363373 0.0202329
0 0.270577 0.627063 0.0848379 0.118344 0.0168942
0 0.983985 0.00956388 0.0222473 0.0176372 0.0167858
0 0.076755 0.333051 0.0496781 0.0526312 0.0147928
0 0.344177 0.102836 0.0534487 0.0871084 0.0143998
0 0.662582 0.711366 0.0286142 0.0545799 0.0106736
0 0.409785 0.85747 0.0642939 0.135769 0.0105602
0 0.345533 0.118342 0.172831 0.221008 0.0101092
0 0.568858 0.0772927 0.0181085 0.011655 0.00982373
0 0.300652 0.73978 0.0292265 0.0392828 0.00909491
0 0.00960629 0.0232566 0.0152373 0.0419229 0.00873613
0 0.339582 0.118597 0.0527688 0.0701855 0.00847104
0 0.356833 0.158095 0.122179 0.23085 0.0072306
0 0.0815829 0.333574 0.0346432 0.0368132 0.0070993
0 0.471091 0.553032 0.0175171 0.0180653 0.00709669
0 0.0658717 0.0311266 0.0364745 0.0546009 0.00668789
0 0.0103206 0.0197476 0.0206412 0.0394951 0.00668159
0 0.471157 0.547704 0.0173304 0.0160525 0.006313
0 0.296243 0.574662 0.0944454 0.233855 0.00600296
0 0.240976 0.588288 0.125302 0.204967 0.00577497
0 0.857395 0.350781 0.00738087 0.0154038 0.00568611
0 0.262232 0.620421 0.156899 0.189389 0.00549837
0 0.302218 0.279512 0.0177095 0.0496142 0.00543127
0 0.128013 0.417593 0.0152545 0.0289837 0.00535504
0 0.456443 0.55808 0.0373614 0.0349828 0.00514349
0 0.10311 0.328961 0.0313929 0.053807 0.00494347
0 0.467331 0.552938 0.0267504 0.0264308 0.00476736
0 0.355402 0.0859473 0.0317557 0.0527541 0.00461403
0 0.247539 0.639525 0.0522896 0.0741253 0.00460958
0 0.397226 0.898124 0.0691163 0.105628 0.00450788
0 0.513867 0.489825 0.0125023 0.0125529 0.00437702
0 0.823184 0.345074 0.00537148 0.011288 0.00435229
0 0.303731 0.737311 0.0373183 0.0527232 0.0043293
0 0.255404 0.608866 0.093203 0.140552 0.00428468
0 0.393387 0.907716 0.0585104 0.0716579 0.00401449
0 0.465021 0.559661 0.0256304 0.0343124 0.00393936
0 0.351844 0.0938863 0.0415983 0.0598944 0.00389088
0 0.392571 0.827895 0.0856261 0.174521 0.00379061
0 0.419057 0.861519 0.0950114 0.171483 0.00351831
0 0.304826 0.184936 0.114505 0.272866 0.00338479
0 0.374206 0.881412 0.155259 0.180088 0.00338171
0 0.858171 0.355092 0.0147745 0.0176691 0.00333721
0 0.661843 0.717114 0.0219776 0.0324246 0.00333033
0 0.259891 0.651297 0.0694744 0.0823084 0.0033249
0 0.0449667 0.0179664 0.0315512 0.0351889 0.00320337
0 0.859765 0.347458 0.012888 0.0195903 0.00306182
0 0.330422 0.229956 0.0650265 0.214871 0.00283713
0 0.86359 0.357082 0.011965 0.0223886 0.00282201
0 0.318179 0.515687 0.0179763 0.0528162 0.00281692
0 0.865693 0.366223 0.0192034 0.0280838 0.00280935
0 0.234473 0.566557 0.184198 0.233196 0.00279608
0 0.986564 0.0128739 0.0182062 0.0163607 0.00274807
0 0.0038731 0.0165826 0.00747142 0.0326362 0.00266912
0 0.652743 0.704214 0.0379334 0.0246243 0.0026259
0 0.980109 0.0440087 0.037587 0.0839322 0.00262479
0 0.404929 0.826737 0.0587781 0.152311 0.00261743
0 0.464525 0.557421 0.0306644 0.0648021 0.00258064
0 0.355123 0.114996 0.0705038 0.1165 0.00258063
0 0.394583 0.848006 0.0569744 0.0658621 0.00252704
0 0.0116593 0.0132417 0.0159877 0.0264834 0.00251956
0 0.00555392 0.0180992 0.0111078 0.0276356 0.00250319
0 0.653496 0.706652 0.025462 0.0269046 0.00248308
0 0.0793214 0.210124 0.0210463 0.0589529 0.00248163
0 0.388751 0.879321 0.0759995 0.124667 0.00245538
0 0.855429 0.34996 0.0141804 0.0186877 0.00242935
0 0.975494 0.918699 0.0105686 0.0231213 0.00234672
0 0.320421 0.590786 0.193254 0.205746 0.00224112
0 0.160225 0.919951 0.016946 0.032011 0.0022313
0 0.82114 0.344958 0.0112934 0.0167889 0.00222865
0 0.0666197 0.0199705 0.031882 0.039941 0.00219856
0 0.085087 0.197544 0.0236663 0.052705 0.00218016
0 0.319295 0.234275 0.0541432 0.185485 0.00216485
0 0.450662 0.556041 0.033406 0.028178 0.00216297
0 0.985011 0.0147587 0.0243319 0.0267102 0.00214828
0 0.0447627 0.0202416 0.0489996 0.0404833 0.00211499
0 0.826442 0.34175 0.0144903 0.0222178 0.002084
0 0.0627722 0.0399292 0.027527 0.0456085 0.00207709
0 0.982634 0.0388679 0.0252436 0.069912 0.00207066
0 0.0775983 0.320201 0.0552714 0.0686455 0.00207052
0 0.362041 0.0821361 0.0250699 0.0409577 0.00206226
0 0.30611 0.729298 0.0226933 0.0288951 0.00205705
0 0.0122236 0.0233342 0.0244471 0.0466683 0.00198898
0 0.00740434 0.0276947 0.0148087 0.0428513 0.00193377
0 0.302928 0.18686 0.074159 0.230853 0.0018926
0 0.857185 0.366049 0.0142132 0.0387312 0.00188496
0 0.870482 0.364137 0.0223707 0.0464413 0.00187788
0 0.861897 0.352613 0.0155592 0.031297 0.00184312
0 0.320974 0.51084 0.0169636 0.0416688 0.00184006
0 0.857111 0.368098 0.0173525 0.0262539 0.0018163
0 0.335949 0.178819 0.0647083 0.148402 0.00178324
0 0.124398 0.421171 0.0177976 0.0253761 0.00177499
0 0.360706 0.118866 0.0917912 0.157868 0.00177015
0 0.454817 0.550945 0.0363105 0.0306888 0.00175872
0 0.835788 0.982338 0.0124521 0.0251146 0.00172301
0 0.0824412 0.31646 0.096068 0.143263 0.00170869
0 0.0647836 0.679632 0.0707787 0.0452949 0.00163809
0 0.407286 0.92049 0.0335888 0.051016 0.00160346
0 0.276567 0.16754 0.188213 0.24225 0.00156732
0 0.30394 0.269827 0.0278496 0.085825 0.00149113
0 0.449206 0.561849 0.0472551 0.0369497 0.0014821
0 0.867967 0.353909 0.0182009 0.0326105 0.0014546
0 0.671159 0.707888 0.0270393 0.0311705 0.00145201
0 0.00281523 0.00799035 0.00563046 0.0159807 0.00143778
0 0.360403 0.0728673 0.0249717 0.0236458 0.00143461
0 0.974506 0.0592802 0.0509871 0.116112 0.00142298
0 0.309038 0.531871 0.032241 0.0684025 0.00134182
0 0.861555 0.364321 0.0181135 0.0459426 0.00131594
0 0.326892 0.208237 0.0754583 0.133035 0.00131358
0 0.489242 0.5205 0.0215523 0.014401 0.00131043
0 0.981958 0.0109247 0.0323099 0.0218495 0.00128804
0 0.842108 0.988127 0.0120035 0.0237452 0.00128196
0 0.0488477 0.665669 0.0210383 0.0260105 0.00126303
0 0.840268 0.981614 0.0104475 0.0325111 0.00125177
0 0.0742647 0.210885 0.0181685 0.0696989 0.00122073
0 0.259028 0.530787 0.169818 0.240958 0.00119907
0 0.629812 0.973351 0.0501854 0.0532975 0.00119807
0 0.0605904 0.673601 0.0534333 0.0462784 0.00118421
0 0.972517 0.957647 0.0549658 0.0847052 0.00118068
0 0.262705 0.693384 0.0260744 0.037764 0.00117351
0 0.00499607 0.00802882 0.00999215 0.0150266 0.00117199
0 0.300617 0.271343 0.0229148 0.0573745 0.00116794
0 0.0598326 0.0489994 0.0216394 0.0237886 0.0011516
0 0.277506 0.65265 0.0813407 0.0973272 0.00110217
0 0.31252 0.51878 0.0265301 0.068538 0.00110194
0 0.124578 0.419529 0.0227684 0.0356333 0.00106948
0 0.0536848 0.666065 0.0285568 0.0395569 0.00106508
0 0.266517 0.683935 0.0374502 0.0465795 0.00102837
0 0.309021 0.537117 0.0471346 0.112804 0.00101279
