0 0.411282 0.312373 0.113504 0.11202 0.674961
0 0.953319 0.0876343 0.0885895 0.160819 0.539921
0 0.938535 0.0798262 0.0548201 0.042355 0.484635
0 0.944001 0.0827243 0.0745871 0.0716455 0.434364
0 0.607086 0.540266 0.103124 0.146468 0.37949
0 0.99295 0.443259 0.0140994 0.0588049 0.229281
0 0.597063 0.668297 0.206549 0.301759 0.226669
0 0.993907 0.841442 0.0121868 0.044721 0.166197
0 0.984639 0.555392 0.0307213 0.0864088 0.150321
0 0.593257 0.592586 0.184581 0.198956 0.114927
0 0.407637 0.309821 0.163703 0.162349 0.107733
0 0.991271 0.142944 0.0174582 0.0852613 0.0896501
0 0.6226 0.540735 0.066983 0.130676 0.0896489
0 0.945673 0.104502 0.108654 0.209005 0.0798852
0 0.770511 0.481896 0.0652544 0.0394716 0.0780211
0 0.4173 0.348626 0.125134 0.16933 0.0749004
0 0.599817 0.549204 0.171355 0.183425 0.0586229
0 0.205444 0.00808589 0.0250355 0.0161718 0.0443714
0 0.934532 0.0882219 0.130937 0.176444 0.0408745
0 0.777005 0.481154 0.0524853 0.0287057 0.0395666
0 0.630782 0.555347 0.0475518 0.140672 0.0389566
0 0.970681 0.151696 0.0186329 0.0264112 0.0383659
0 0.94429 0.0600396 0.0717789 0.100543 0.036957
0 0.764066 0.502876 0.0807835 0.0799838 0.0359347
0 0.978752 0.114997 0.0392178 0.174449 0.0343426
0 0.972769 0.149377 0.0245041 0.0341716 0.0337382
0 0.987396 0.140051 0.025207 0.101531 0.0329203
0 0.988742 0.139926 0.0203026 0.0674308 0.0313918
0 0.97168 0.135456 0.0531536 0.129302 0.0282095
0 0.19695 0.0102827 0.0511642 0.0205655 0.027277
0 0.967214 0.0992185 0.0655723 0.198437 0.0266561
0 0.958102 0.053099 0.0837963 0.106198 0.0238191
0 0.99077 0.840721 0.0184592 0.0467793 0.022245
0 0.980844 0.762149 0.0383117 0.0560529 0.0210259
0 0.756696 0.481939 0.0633776 0.0483427 0.0207121
0 0.759357 0.518011 0.0885063 0.139783 0.0195234
0 0.429612 0.379133 0.145 0.24177 0.0182203
0 0.991944 0.432894 0.0161127 0.0495394 0.0169171
0 0.585048 0.474604 0.0399064 0.0166644 0.0163176
0 0.928584 0.0822018 0.0349676 0.0434197 0.0150847
0 0.574368 0.606362 0.147855 0.110316 0.0149176
0 0.971886 0.705337 0.0562278 0.15251 0.014137
0 0.592275 0.478192 0.0652822 0.0245716 0.0128755
0 0.950995 0.0872494 0.0970453 0.0938075 0.0124486
0 0.583259 0.475603 0.0493121 0.0235229 0.0124036
0 0.822513 0.8404 0.11942 0.250519 0.0121521
0 0.209083 0.00624049 0.0211939 0.012481 0.0113481
0 0.961247 0.834419 0.0268885 0.0327248 0.0112942
0 0.992479 0.16252 0.0150413 0.0481627 0.0107464
0 0.99221 0.834047 0.0121147 0.0381817 0.0106517
0 0.385036 0.314831 0.0603707 0.0936887 0.0102972
0 0.598061 0.488469 0.0741327 0.0429872 0.0101082
0 0.994837 0.83285 0.010326 0.0345812 0.00921055
0 0.9577 0.134613 0.0846 0.107679 0.0084598
0 0.589721 0.51331 0.10106 0.0968999 0.00835873
0 0.967712 0.659269 0.0645757 0.305622 0.00796106
0 0.920673 0.113643 0.158654 0.227287 0.00794704
0 0.341453 0.311007 0.0221837 0.0395637 0.00753692
0 0.367593 0.311964 0.0365369 0.0748727 0.00697656
0 0.757374 0.551524 0.103295 0.197591 0.00695574
0 0.994334 0.433543 0.0113326 0.0428686 0.00686771
0 0.984439 0.123113 0.0311211 0.119621 0.00639332
0 0.946811 0.115673 0.083497 0.114224 0.00629636
0 0.186101 0.00964518 0.0329898 0.0192904 0.00608017
0 0.532886 0.559664 0.0428671 0.0267337 0.00601781
0 0.990884 0.841403 0.018232 0.0624275 0.00585961
0 0.988531 0.162796 0.0229375 0.05599 0.00584225
0 0.0351565 0.151969 0.0611096 0.098206 0.00579825
0 0.982543 0.520545 0.0345386 0.150244 0.00563839
0 0.627828 0.573965 0.0903187 0.195228 0.00549054
0 0.539454 0.584256 0.0785068 0.0719247 0.00546155
0 0.361646 0.308116 0.0263865 0.0507444 0.00544187
0 0.974525 0.153039 0.0425291 0.097591 0.00543317
0 0.455799 0.358221 0.0837839 0.135482 0.00535156
0 0.475314 0.3451 0.0253473 0.0370525 0.00528892
0 0.955044 0.177023 0.0899114 0.342196 0.00526351
0 0.620642 0.587777 0.209841 0.261218 0.00502905
0 0.965544 0.1414 0.0541708 0.0837233 0.00498259
0 0.992967 0.174277 0.0140669 0.0374228 0.0049182
0 0.624428 0.526264 0.0955243 0.125934 0.00488074
0 0.45408 0.378362 0.11947 0.193456 0.00483126
0 0.531349 0.565678 0.0511447 0.0379991 0.00448136
0 0.453682 0.359446 0.0610836 0.0959066 0.00443919
0 0.979589 0.555092 0.0320724 0.0690126 0.00441669
0 0.985538 0.536931 0.0280247 0.0958618 0.00426023
0 0.979508 0.747123 0.0409848 0.103019 0.00424867
0 0.624142 0.566048 0.0442371 0.107577 0.00417806
0 0.584645 0.525086 0.125686 0.134206 0.00412538
0 0.931395 0.0737966 0.0482468 0.046769 0.00412016
0 0.985516 0.443142 0.0231867 0.0574366 0.00382925
0 0.975557 0.549267 0.0488857 0.109825 0.00381543
0 0.995291 0.451668 0.00941753 0.0541748 0.00379944
0 0.458743 0.340412 0.0506185 0.0914151 0.00376977
0 0.7998 0.853772 0.177859 0.292457 0.00372545
0 0.631599 0.523342 0.201017 0.181308 0.00367194
0 0.3969 0.32499 0.0835676 0.098697 0.00349262
0 0.266973 0.0939104 0.0436317 0.0521758 0.00340572
0 0.641159 0.564305 0.0534622 0.140501 0.00336009
0 0.785448 0.478348 0.0450803 0.0271811 0.0032731
0 0.955532 0.00704 0.0158405 0.012697 0.00326309
0 0.456913 0.429635 0.0873662 0.164908 0.00320181
0 0.745937 0.481354 0.0398658 0.0364306 0.00317501
0 0.547137 0.600915 0.0934177 0.101358 0.00313279
0 0.458433 0.368689 0.0414317 0.0804959 0.0031189
0 0.974583 0.159735 0.0290712 0.0486503 0.00309731
0 0.420788 0.378932 0.118207 0.0872156 0.00303897
0 0.752259 0.541036 0.179626 0.18952 0.00300848
0 0.991701 0.455104 0.0165988 0.0621962 0.00298062
0 0.271574 0.00654968 0.0233565 0.0130994 0.00297612
0 0.470879 0.444613 0.0469856 0.118028 0.00292251
0 0.471639 0.342717 0.0305909 0.0550642 0.00289938
0 0.694659 0.741299 0.430508 0.517402 0.00276138
0 0.406006 0.341965 0.104065 0.102424 0.00273643
0 0.989901 0.177551 0.0200403 0.053954 0.0027291
0 0.989605 0.431564 0.0207896 0.0653569 0.00272419
0 0.99426 0.144346 0.01148 0.0688648 0.0027035
0 0.936747 0.0473887 0.0475193 0.0771454 0.00268152
0 0.267697 0.017707 0.0327726 0.0324571 0.00251282
0 0.269387 0.0309354 0.0393939 0.050992 0.00249783
0 0.868241 0.92351 0.0354486 0.0595539 0.0024495
0 0.668504 0.803676 0.0318414 0.0414284 0.00244624
0 0.628131 0.540835 0.0477604 0.071885 0.00244355
0 0.989914 0.534092 0.0201729 0.0814286 0.0024082
0 0.986603 0.489322 0.0267946 0.169043 0.00240671
0 0.563837 0.564908 0.121418 0.0807955 0.00238442
0 0.267312 0.0687803 0.0456449 0.10632 0.00236071
0 0.754853 0.476319 0.0489505 0.038621 0.00227285
0 0.992541 0.12371 0.0149176 0.0626369 0.00225175
0 0.760385 0.483979 0.0864665 0.0927645 0.00224413
0 0.266587 0.0847842 0.0357942 0.0505138 0.0022316
0 0.967761 0.103477 0.0644785 0.105533 0.00216469
0 0.524989 0.580573 0.0492862 0.0565593 0.00215124
0 0.393771 0.3403 0.0708306 0.0630102 0.00212871
0 0.406856 0.180851 0.016192 0.0146071 0.00211322
0 0.990048 0.156166 0.0199049 0.0827282 0.00209258
0 0.747127 0.488941 0.0502994 0.050859 0.00206157
0 0.98684 0.173582 0.0213339 0.0988706 0.00204606
0 0.591818 0.487677 0.0704061 0.0670361 0.00204289
0 0.990053 0.29867 0.0169554 0.0315337 0.00197346
0 0.988899 0.829738 0.0222012 0.0702387 0.00195385
0 0.946021 0.139828 0.107958 0.279657 0.0019424
0 0.967402 0.179103 0.0651955 0.220745 0.00191453
0 0.375667 0.323309 0.0522367 0.0768129 0.00188856
0 0.985464 0.122087 0.0290715 0.0664286 0.00185469
0 0.382153 0.341077 0.0442821 0.0470057 0.00183066
0 0.404633 0.303146 0.0590723 0.0661669 0.00178186
0 0.985216 0.535631 0.0295672 0.0576795 0.00177209
0 0.458779 0.273741 0.0192875 0.0222521 0.00174389
0 0.748704 0.475194 0.0299637 0.0367388 0.00174232
0 0.340358 0.301705 0.030052 0.0459647 0.00173687
0 0.475721 0.402146 0.173329 0.254212 0.00170908
0 0.980743 0.671655 0.0385138 0.135506 0.0017087
0 0.532032 0.602644 0.0926573 0.142545 0.00168928
0 0.647244 0.541826 0.0983844 0.141521 0.0016858
0 0.972463 0.510299 0.0550732 0.182067 0.00168379
0 0.931447 0.186721 0.137106 0.373441 0.00165602
0 0.990357 0.450381 0.0192867 0.0780452 0.00164695
0 0.867626 0.920669 0.0288002 0.0431238 0.00164136
0 0.94889 0.00634414 0.0182087 0.0126883 0.00161366
0 0.578472 0.480537 0.0441543 0.0245062 0.00160162
0 0.471497 0.353215 0.0381961 0.0765836 0.00158853
0 0.566571 0.515126 0.240559 0.236857 0.00158126
0 0.565969 0.566727 0.134881 0.132104 0.00156924
0 0.968877 0.550107 0.0622458 0.178866 0.00156631
0 0.371331 0.299693 0.0455422 0.0653376 0.00153363
0 0.447004 0.376919 0.0611566 0.0693654 0.00151427
0 0.435223 0.365577 0.085477 0.102329 0.00150967
0 0.576864 0.473711 0.0319464 0.0227589 0.00148124
0 0.262502 0.0912966 0.0321096 0.0378949 0.00148047
0 0.783989 0.504939 0.187979 0.275437 0.00146908
0 0.536635 0.569311 0.0621688 0.0624506 0.00143846
0 0.473798 0.442268 0.0722741 0.129883 0.00143709
0 0.992165 0.82862 0.0143709 0.0595921 0.00142265
0 0.456385 0.274937 0.0206954 0.0299 0.00142073
0 0.965396 0.827529 0.0423214 0.0677588 0.00141618
0 0.932863 0.0726687 0.067263 0.070946 0.0013847
0 0.606674 0.521857 0.057907 0.06645 0.00135852
0 0.19226 0.0168895 0.0481135 0.0321982 0.0013563
0 0.345027 0.320425 0.0283245 0.0392074 0.00134692
0 0.453472 0.330423 0.028728 0.0884736 0.0013199
0 0.371742 0.326023 0.0317043 0.0719957 0.00131851
0 0.973036 0.666303 0.0539287 0.190352 0.00131668
0 0.982433 0.178545 0.035133 0.21841 0.00129696
0 0.939421 0.652081 0.121159 0.392227 0.00129648
0 0.483519 0.396197 0.263413 0.294744 0.00129508
0 0.947168 0.152533 0.105665 0.21688 0.00127472
0 0.990202 0.533095 0.0195954 0.0491331 0.00127178
0 0.736021 0.50476 0.114242 0.0854008 0.00124879
0 0.787755 0.477287 0.0386591 0.0170875 0.00124607
0 0.979771 0.773081 0.0358591 0.101226 0.00124391
0 0.703683 0.548255 0.247813 0.197678 0.00123678
0 0.984252 0.440462 0.0314952 0.0715278 0.00122862
0 0.370749 0.299404 0.0262303 0.0710656 0.00120253
0 0.971542 0.0422811 0.0569163 0.0828119 0.00116374
0 0.623201 0.690584 0.139199 0.287265 0.00114394
0 0.362772 0.297188 0.0315416 0.0574773 0.00113313
0 0.270948 0.10424 0.0367569 0.0443007 0.00113234
0 0.274891 0.00528304 0.0151193 0.0105661 0.00112719
0 0.458912 0.322517 0.0793361 0.116203 0.00110958
0 0.431515 0.29626 0.101452 0.0829452 0.00109968
0 0.936109 0.0965776 0.0625032 0.0709085 0.00107497
0 0.965657 0.00438143 0.0307245 0.00876287 0.00107292
0 0.96716 0.841526 0.0282955 0.0305128 0.00107127
0 0.600242 0.481356 0.0575096 0.0353305 0.00106917
0 0.179323 0.344986 0.0308076 0.0394561 0.00105965
0 0.531612 0.592704 0.0548214 0.079632 0.00102561
0 0.973803 0.513914 0.0523933 0.236325 0.00101565
0 0.966615 0.68754 0.0535233 0.128363 0.00100943
0 0.443462 0.433127 0.198516 0.275366 0.0010024
0 0.624607 0.563551 0.0382774 0.0607376 0.00100186
