0 0.0539176 0.412049 0.0625711 0.120258 0.795353
0 0.371215 0.388994 0.0784526 0.0587872 0.725784
0 0.445068 0.716549 0.0738138 0.070408 0.670336
0 0.552091 0.562377 0.0432755 0.0688272 0.56093
0 0.488603 0.488246 0.022615 0.112621 0.495719
0 0.455078 0.0233659 0.0602728 0.0210209 0.449315
0 0.940568 0.815328 0.118863 0.0531368 0.418812
0 0.595502 0.235345 0.0392865 0.0625859 0.238643
0 0.293104 0.435523 0.0278086 0.0220595 0.180388
0 0.387656 0.249848 0.0202776 0.0544624 0.178673
0 0.671116 0.515074 0.0526649 0.0206145 0.139361
0 0.48953 0.482748 0.0205327 0.0709691 0.116912
0 0.428606 0.235477 0.0217979 0.0357181 0.0991171
0 0.492671 0.502528 0.0179568 0.116444 0.0726933
0 0.0535612 0.406694 0.0556978 0.0686653 0.0661338
0 0.712443 0.720286 0.0481041 0.0582646 0.0532594
0 0.0630651 0.402997 0.12613 0.192294 0.0495907
0 0.437842 0.720034 0.0572229 0.0522451 0.0428793
0 0.561568 0.560058 0.0662466 0.0936218 0.0412883
0 0.364142 0.385408 0.055732 0.0466986 0.0407123
0 0.542122 0.565173 0.0242249 0.0645483 0.0401581
0 0.934539 0.814122 0.120368 0.0811313 0.0396149
0 0.462822 0.714444 0.0685653 0.0717954 0.037894
0 0.597782 0.0638985 0.0920091 0.126262 0.036189
0 0.376419 0.383235 0.0971002 0.104117 0.0347755
0 0.385394 0.25598 0.0281921 0.0655953 0.0303258
0 0.567673 0.560006 0.0504288 0.064684 0.0278079
0 0.451673 0.437464 0.0228619 0.0333484 0.0247368
0 0.371507 0.404433 0.0734488 0.0734319 0.0243205
0 0.594615 0.241623 0.0487692 0.0849743 0.0237469
0 0.0813953 0.936177 0.160379 0.111874 0.0234759
0 0.386582 0.240134 0.0198111 0.0391365 0.0224379
0 0.4917 0.499826 0.0232623 0.0710449 0.0224231
0 0.645229 0.187808 0.444755 0.375617 0.0222456
0 0.44243 0.704267 0.180923 0.196668 0.0220765
0 0.455362 0.0298122 0.061987 0.0596243 0.0214084
0 0.935556 0.941868 0.128888 0.106411 0.0213334
0 0.384308 0.397522 0.191069 0.194639 0.0185922
0 0.457819 0.0250747 0.0614208 0.0372192 0.0173969
0 0.600684 0.247779 0.0307679 0.0887615 0.0168517
0 0.591073 0.230738 0.0246785 0.0528183 0.0163927
0 0.806247 0.823217 0.0537317 0.0190723 0.0162473
0 0.591394 0.225151 0.0344427 0.0504586 0.0149421
0 0.461612 0.10129 0.0209925 0.0121756 0.014649
0 0.350938 0.36244 0.180823 0.187572 0.0145261
0 0.427113 0.237282 0.0281573 0.0520205 0.0145204
0 0.392345 0.251897 0.038949 0.0727601 0.0132004
0 0.608845 0.216941 0.25102 0.254834 0.0127144
0 0.732119 0.9192 0.039521 0.154951 0.0127012
0 0.720738 0.718686 0.057392 0.0777236 0.0126988
0 0.668943 0.27457 0.0221923 0.0297212 0.0125261
0 0.957175 0.809684 0.0856497 0.0460543 0.0115154
0 0.763836 0.631443 0.107056 0.0893136 0.0105615
0 0.495439 0.49345 0.0286324 0.11288 0.010418
0 0.586418 0.0562273 0.0680145 0.0992227 0.0102878
0 0.919976 0.804151 0.160048 0.195037 0.0101816
0 0.354081 0.968274 0.0396498 0.052338 0.00989127
0 0.484906 0.459809 0.0164525 0.0563491 0.00955128
0 0.364471 0.744632 0.0184089 0.0362843 0.00953593
0 0.711991 0.922259 0.0273346 0.118711 0.00953528
0 0.391452 0.396732 0.0771413 0.0562286 0.00946102
0 0.521482 0.0807928 0.173393 0.137523 0.00915092
0 0.560558 0.112994 0.103902 0.0703309 0.0090285
0 0.561396 0.0873592 0.221398 0.172149 0.00848372
0 0.54542 0.552165 0.0259442 0.0668602 0.00841726
0 0.583607 0.154671 0.287307 0.304607 0.00828306
0 0.588325 0.218963 0.0203902 0.0353405 0.00807743
0 0.360771 0.377441 0.0664931 0.0373633 0.00795769
0 0.483508 0.506689 0.0316758 0.132923 0.00791244
0 0.390065 0.262829 0.0197694 0.0697956 0.00783597
0 0.427178 0.229031 0.0181511 0.0336252 0.00774635
0 0.260884 0.991285 0.0308455 0.0174297 0.00759384
0 0.563389 0.552833 0.0348308 0.0526438 0.00721844
0 0.599178 0.24257 0.113498 0.196572 0.00704557
0 0.446786 0.433294 0.0290532 0.0361071 0.00695135
0 0.598333 0.0866438 0.134596 0.173288 0.00693476
0 0.668548 0.518648 0.065819 0.0386791 0.00692407
0 0.56263 0.119303 0.149536 0.0925182 0.00689478
0 0.760996 0.650419 0.126714 0.135262 0.00673994
0 0.590509 0.25121 0.0724947 0.135825 0.00660359
0 0.450269 0.0698278 0.0198442 0.033223 0.0066009
0 0.0859202 0.0417486 0.0136134 0.0151015 0.00650955
0 0.578474 0.553789 0.225314 0.226457 0.00641092
0 0.600639 0.258215 0.0471348 0.0914553 0.00629487
0 0.709866 0.922663 0.021849 0.0784889 0.00626875
0 0.556538 0.115521 0.0479766 0.0478853 0.0061678
0 0.666257 0.510436 0.065002 0.0266314 0.0061042
0 0.519035 0.535464 0.0667684 0.181819 0.0060139
0 0.491321 0.469115 0.0305436 0.0960478 0.00595198
0 0.07354 0.410925 0.107279 0.114978 0.00593678
0 0.453438 0.0617466 0.0253707 0.0457039 0.00589127
0 0.426917 0.71697 0.0455114 0.037186 0.00570354
0 0.666684 0.524105 0.0652152 0.0848134 0.00564307
0 0.468719 0.0243615 0.0695135 0.0264596 0.00525416
0 0.599841 0.22847 0.0641803 0.0916934 0.00525229
0 0.388072 0.39163 0.053165 0.054693 0.00522454
0 0.477895 0.494214 0.0524047 0.149053 0.00503639
0 0.293999 0.438285 0.0413485 0.0512865 0.00499419
0 0.469809 0.720857 0.107294 0.0746067 0.00487337
0 0.386002 0.232837 0.0260059 0.0433228 0.00476771
0 0.474518 0.0226236 0.0631248 0.0177463 0.0046501
0 0.383131 0.410618 0.0897784 0.093906 0.00456183
0 0.414764 0.167107 0.0115502 0.0137803 0.00452413
0 0.81381 0.824985 0.0829083 0.0204426 0.00442092
0 0.489577 0.515561 0.0211523 0.104953 0.00430766
0 0.865351 0.821465 0.249358 0.0396723 0.00426462
0 0.781721 0.634615 0.0752012 0.0638143 0.00422388
0 0.710529 0.941177 0.0234993 0.0787123 0.00414836
0 0.00858826 0.992013 0.0171765 0.0159738 0.00414651
0 0.493411 0.512308 0.0185185 0.065971 0.00409994
0 0.542534 0.582608 0.196625 0.235442 0.00405407
0 0.71026 0.931895 0.0164238 0.0651791 0.00404825
0 0.0493302 0.440318 0.0473587 0.058409 0.00397896
0 0.488086 0.524113 0.0290448 0.171973 0.0039503
0 0.422294 0.230768 0.0244088 0.038513 0.00372571
0 0.609554 0.135376 0.0231107 0.0408207 0.00370625
0 0.796413 0.632111 0.0410122 0.0341797 0.00368332
0 0.385462 0.544283 0.021745 0.0285006 0.00354678
0 0.739903 0.912188 0.0343348 0.120435 0.00343681
0 0.932908 0.894979 0.0236378 0.017412 0.00337869
0 0.658951 0.515165 0.0537642 0.0300431 0.00337109
0 0.482663 0.461162 0.0294304 0.0640049 0.00331612
0 0.381834 0.792062 0.021822 0.0379248 0.00331389
0 0.377114 0.252565 0.0494049 0.0742714 0.00330624
0 0.756567 0.67881 0.128333 0.287363 0.0033008
0 0.596165 0.0991769 0.311344 0.198354 0.00326804
0 0.576503 0.037632 0.0548798 0.0595929 0.00325345
0 0.726691 0.704619 0.0797952 0.0957188 0.00321022
0 0.4236 0.709544 0.0313974 0.0270911 0.00317738
0 0.455778 0.01624 0.0576426 0.0277106 0.00314842
0 0.65819 0.172302 0.295784 0.344604 0.00312794
0 0.173043 0.934905 0.0241191 0.0618992 0.00310404
0 0.940848 0.81048 0.0595533 0.0567385 0.00308245
0 0.294647 0.429203 0.0279426 0.0224749 0.00307652
0 0.471354 0.498249 0.073097 0.190267 0.00295421
0 0.881797 0.817016 0.236406 0.0607821 0.00288308
0 0.439898 0.0206563 0.0410073 0.0192298 0.00280536
0 0.465409 0.712493 0.0461363 0.0637936 0.00277108
0 0.0415921 0.408646 0.0537332 0.108336 0.00274459
0 0.56179 0.0978667 0.170077 0.131923 0.00274307
0 0.562742 0.81388 0.220486 0.242319 0.00268079
0 0.442584 0.735023 0.0619529 0.088481 0.00265567
0 0.493989 0.501039 0.0703771 0.189195 0.00265332
0 0.710805 0.948016 0.0334107 0.0988974 0.00263542
0 0.359695 0.818457 0.0199095 0.0842773 0.00261009
0 0.668764 0.270966 0.0352518 0.0344213 0.00255151
0 0.350516 0.382067 0.037086 0.0338775 0.00249081
0 0.531996 0.563945 0.0264359 0.064855 0.00248394
0 0.391073 0.252425 0.0716132 0.0914131 0.00243407
0 0.056218 0.388373 0.0545007 0.0831408 0.00240952
0 0.922367 0.937151 0.155266 0.125699 0.00240127
0 0.444898 0.428603 0.0225032 0.0318479 0.00238084
0 0.731262 0.215427 0.537477 0.430854 0.00237716
0 0.451906 0.702919 0.0667052 0.0630033 0.002362
0 0.403735 0.242391 0.0235997 0.0365915 0.00224507
0 0.776363 0.866598 0.0116634 0.0245644 0.00220574
0 0.429604 0.247139 0.0263678 0.0434171 0.00217749
0 0.0415735 0.447785 0.0402544 0.0426188 0.00217048
0 0.453368 0.062658 0.0397675 0.0682841 0.00215724
0 0.738785 0.719645 0.0878021 0.182068 0.00214614
0 0.369494 0.794175 0.0123624 0.0351351 0.00210794
0 0.701719 0.484414 0.0227873 0.019066 0.00204762
0 0.456915 0.371599 0.0222375 0.0393023 0.00204201
0 0.447866 0.435033 0.0367546 0.0577898 0.00204046
0 0.0852014 0.905895 0.141511 0.0549881 0.00200253
0 0.93502 0.898099 0.0297153 0.0143017 0.00199818
0 0.55039 0.109407 0.0666402 0.0643954 0.00199293
0 0.583654 0.125942 0.236866 0.186656 0.00198966
0 0.402512 0.402279 0.0500809 0.0437478 0.00197636
0 0.411632 0.166968 0.0110038 0.0148268 0.00196063
0 0.704058 0.716968 0.0376259 0.0506956 0.00192324
0 0.00874231 0.989061 0.0150801 0.0213217 0.00192211
0 0.441596 0.429227 0.0368272 0.0389855 0.00190982
0 0.343555 0.374154 0.0301486 0.0231674 0.00190594
0 0.204332 0.99174 0.0252608 0.0142414 0.00188701
0 0.401187 0.404325 0.0293186 0.0390391 0.00188509
0 0.457218 0.0493433 0.0908746 0.0986865 0.00187652
0 0.935277 0.822165 0.0903089 0.051178 0.00186922
0 0.883988 0.991749 0.0217306 0.0165014 0.001867
0 0.426897 0.725829 0.0904235 0.0727447 0.00186675
0 0.648728 0.517415 0.0261673 0.0259928 0.0018534
0 0.368994 0.796704 0.0217896 0.0497743 0.00185062
0 0.686284 0.23591 0.298608 0.344218 0.001837
0 0.585227 0.213342 0.0220222 0.0305821 0.00182353
0 0.621834 0.101972 0.204148 0.197343 0.00181273
0 0.605689 0.265016 0.0681498 0.146876 0.00180802
0 0.172354 0.426649 0.0141947 0.0138779 0.00178415
0 0.0356384 0.445601 0.019202 0.0338351 0.00176802
0 0.668516 0.561115 0.0513215 0.0550777 0.00175312
0 0.474528 0.0223909 0.0420085 0.0145481 0.00175083
0 0.922642 0.827234 0.0890083 0.0370171 0.00174683
0 0.483533 0.449001 0.0158918 0.038239 0.00174148
0 0.394358 0.409286 0.046103 0.0492996 0.00173301
0 0.387833 0.268919 0.0313966 0.0983043 0.00172379
0 0.704187 0.48914 0.0214593 0.0224576 0.00172341
0 0.433713 0.232696 0.0271499 0.0431195 0.00169934
0 0.36775 0.737425 0.0171765 0.044204 0.00166403
0 0.0347198 0.442787 0.027803 0.0394497 0.00161061
0 0.45316 0.0367015 0.0925214 0.073403 0.00159999
0 0.671117 0.20286 0.0249581 0.0278752 0.00159341
0 0.71856 0.891648 0.0300611 0.120829 0.00158158
0 0.375177 0.736646 0.0341599 0.0458449 0.0015773
0 0.584452 0.232554 0.0339928 0.048058 0.00157035
0 0.40639 0.780641 0.0132112 0.0455326 0.00155537
0 0.670616 0.508034 0.0680711 0.0619212 0.00155421
0 0.832849 0.826793 0.150453 0.0224257 0.00155027
0 0.0841432 0.0403217 0.0115692 0.0201355 0.00154893
0 0.347801 0.377401 0.0543234 0.0305994 0.00154453
0 0.888203 0.989358 0.0317766 0.0212848 0.00152626
0 0.361931 0.738372 0.021454 0.0433418 0.00152283
0 0.71295 0.708106 0.042285 0.0498769 0.0014949
0 0.362296 0.970568 0.0242233 0.0538069 0.00148245
0 0.0872772 0.0391794 0.0152993 0.0245002 0.00147064
0 0.561554 0.249276 0.252004 0.293116 0.00147046
0 0.740899 0.894118 0.0316175 0.0654642 0.00145885
0 0.446769 0.0141434 0.0493934 0.0217281 0.0014502
0 0.328934 0.408787 0.09535 0.0723731 0.00143437
0 0.357798 0.809235 0.0179849 0.0591679 0.00142867
0 0.931825 0.898001 0.0292711 0.0201235 0.00142729
0 0.335655 0.376349 0.0235179 0.0224941 0.00142398
0 0.362113 0.807171 0.0170203 0.0612772 0.0014235
0 0.66224 0.521685 0.137629 0.227892 0.00140969
0 0.746751 0.657323 0.217862 0.347184 0.00140214
0 0.583415 0.118421 0.108611 0.143285 0.00140201
0 0.470765 0.026867 0.0980732 0.0281647 0.00139377
0 0.57607 0.0288749 0.0459166 0.0426917 0.00138853
0 0.735171 0.898016 0.054891 0.13678 0.00138542
0 0.514394 0.18813 0.37965 0.329773 0.00137996
0 0.479928 0.483478 0.0340839 0.106699 0.00137784
0 0.691618 0.502712 0.0448271 0.0369535 0.00137514
0 0.729589 0.944371 0.0279442 0.0987181 0.001363
0 0.706085 0.72842 0.0380612 0.0409852 0.0013519
0 0.526704 0.529792 0.0794131 0.123081 0.00135145
0 0.963401 0.807592 0.057366 0.0434799 0.00135008
0 0.675739 0.530187 0.0814063 0.0516968 0.00134995
0 0.417296 0.742152 0.202422 0.179783 0.00134966
0 0.715592 0.737928 0.0942223 0.212421 0.00134608
0 0.345903 0.86344 0.0520154 0.198698 0.00133127
0 0.420035 0.408357 0.0971021 0.07768 0.00131567
0 0.432914 0.700548 0.052539 0.0438121 0.00131451
0 0.886706 0.987371 0.0211761 0.0240004 0.00131018
0 0.387532 0.230054 0.0372282 0.0811015 0.00130617
0 0.0360988 0.45467 0.0238019 0.0293508 0.00130457
0 0.00714871 0.0102259 0.0142974 0.0154161 0.0013012
0 0.58224 0.222449 0.0280858 0.0483566 0.00127815
0 0.972803 0.808793 0.0543941 0.0350653 0.00127679
0 0.391464 0.251501 0.100823 0.163812 0.00127654
0 0.537506 0.750911 0.147213 0.111158 0.00126999
0 0.387304 0.792185 0.0212974 0.0330145 0.00125699
0 0.37261 0.252763 0.0742042 0.142397 0.00123722
0 0.516253 0.154725 0.233418 0.288824 0.00122833
0 0.3567 0.831236 0.0237098 0.100976 0.00122614
0 0.359023 0.740681 0.0308329 0.0666211 0.00122276
0 0.376894 0.798998 0.0276766 0.0512172 0.00122113
0 0.0823277 0.422374 0.164655 0.189768 0.00121936
0 0.460404 0.0682705 0.0599199 0.0860399 0.00121112
0 0.480412 0.533621 0.0388193 0.156583 0.00120915
0 0.387365 0.537212 0.0218117 0.0292187 0.00120077
0 0.473191 0.0262522 0.0540022 0.0172173 0.00119143
0 0.505768 0.540307 0.199677 0.282744 0.00118636
0 0.577936 0.954366 0.0998952 0.0809275 0.00116824
0 0.0580054 0.379977 0.0492227 0.055211 0.00116117
0 0.560972 0.959339 0.0824861 0.062163 0.00115752
0 0.533943 0.0997549 0.126892 0.100881 0.0011548
0 0.443817 0.688763 0.0839658 0.113859 0.00115477
0 0.698485 0.494433 0.0226093 0.0299481 0.00114399
0 0.741819 0.734212 0.140958 0.327085 0.0011275
0 0.392549 0.274462 0.0139185 0.0474517 0.00112037
0 0.456211 0.445645 0.0217174 0.0321254 0.00111622
0 0.440645 0.0339856 0.0854253 0.0599828 0.00111131
0 0.760865 0.650073 0.0761686 0.142013 0.00110107
0 0.735929 0.90828 0.0316899 0.071043 0.00109675
0 0.834254 0.342686 0.0713318 0.0602215 0.00109628
0 0.574347 0.573216 0.112965 0.164595 0.00109296
0 0.569943 0.0225078 0.0335039 0.0393601 0.00108781
0 0.531544 0.560344 0.0433991 0.0700441 0.0010878
0 0.437126 0.745805 0.0897303 0.141835 0.00108599
0 0.489964 0.738359 0.23306 0.207249 0.00108575
0 0.0490523 0.424515 0.0554314 0.0724618 0.00107108
0 0.442857 0.772016 0.0903447 0.22131 0.00107046
0 0.439013 0.0239008 0.0571393 0.023585 0.00106441
0 0.382831 0.225335 0.0276622 0.0490176 0.00105163
0 0.541395 0.575684 0.0185512 0.0545928 0.00104759
0 0.354849 0.817204 0.034253 0.109476 0.00104451
0 0.586249 0.959206 0.0764278 0.0611015 0.00104262
0 0.475101 0.714022 0.0303138 0.0646063 0.00104168
0 0.398519 0.751306 0.0209665 0.0298891 0.00103272
0 0.462667 0.0347144 0.0923007 0.0501088 0.00103054
0 0.382048 0.548258 0.0225647 0.0297883 0.00102488
0 0.720224 0.951684 0.0440008 0.0963911 0.00102422
0 0.39762 0.401694 0.0999865 0.0723483 0.00101349
0 0.384397 0.788388 0.0325756 0.0499325 0.00100978
0 0.0721743 0.416282 0.0626044 0.104766 0.00100742
0 0.411125 0.234886 0.0211564 0.0376422 0.00100617
0 0.608621 0.239976 0.0542977 0.0852084 0.00100543
