0 0.393686 0.669763 0.176275 0.0681573 0.719946
0 0.491769 0.492152 0.0937923 0.052684 0.709382
0 0.493221 0.496785 0.112679 0.0814786 0.120578
0 0.545701 0.543777 0.0453992 0.0404128 0.118855
0 0.51241 0.496171 0.126761 0.0606224 0.106708
0 0.490053 0.489878 0.060392 0.0526634 0.0724313
0 0.38626 0.657767 0.20783 0.149652 0.0606631
0 0.535142 0.456025 0.190798 0.122943 0.057754
0 0.881032 0.491243 0.014369 0.0420934 0.04912
0 0.833891 0.55066 0.0731785 0.120601 0.0434517
0 0.544718 0.546697 0.031271 0.0371289 0.040848
0 0.54816 0.540835 0.0624888 0.0545269 0.0384423
0 0.543119 0.531861 0.0906823 0.0559666 0.0328768
0 0.766676 0.717154 0.0258639 0.0352407 0.0325854
0 0.594126 0.441075 0.0620378 0.0733459 0.027319
0 0.398593 0.669444 0.0961773 0.0648832 0.0216034
0 0.505959 0.476418 0.12112 0.0856318 0.0211485
0 0.493531 0.49821 0.200973 0.193112 0.0205697
0 0.4719 0.504876 0.0566123 0.0286612 0.0201536
0 0.477918 0.501509 0.0743272 0.0381613 0.0141948
0 0.5638 0.438783 0.18436 0.12471 0.0122608
0 0.559574 0.526731 0.0999869 0.099454 0.0122458
0 0.967527 0.705785 0.0461889 0.0646209 0.0116552
0 0.594315 0.438714 0.102503 0.0928347 0.011436
0 0.613952 0.984384 0.0276407 0.0272259 0.0110204
0 0.879406 0.493031 0.0188755 0.0538227 0.0105867
0 0.818606 0.53769 0.0514372 0.0930963 0.00967892
0 0.375266 0.686955 0.257771 0.128755 0.00938655
0 0.461641 0.50549 0.0373152 0.0222604 0.00838846
0 0.524143 0.486445 0.165634 0.0809754 0.00837225
0 0.536324 0.514946 0.153857 0.0926407 0.00798675
0 0.583323 0.00832446 0.0136288 0.0118198 0.00756941
0 0.842312 0.534494 0.101028 0.144475 0.00717522
0 0.403946 0.655063 0.161613 0.0587158 0.00579162
0 0.540059 0.463696 0.0131508 0.0207176 0.00578989
0 0.547635 0.555662 0.0638197 0.064516 0.00522036
0 0.481579 0.500441 0.094888 0.0501244 0.00502631
0 0.612975 0.434789 0.0884987 0.0778306 0.00497458
0 0.822612 0.562969 0.0601789 0.117354 0.00494996
0 0.846116 0.567232 0.0465385 0.090104 0.00487362
0 0.557625 0.534967 0.0479438 0.0581178 0.00444621
0 0.540593 0.464652 0.0341245 0.026784 0.00420125
0 0.821743 0.458944 0.021813 0.033513 0.00413692
0 0.593884 0.425062 0.0542248 0.0609834 0.00399345
0 0.552934 0.548555 0.0461888 0.0435925 0.00376853
0 0.484089 0.479513 0.0890806 0.0632358 0.00372424
0 0.844272 0.547638 0.179532 0.190285 0.00368415
0 0.563691 0.532702 0.0617192 0.0778526 0.00366993
0 0.424707 0.674092 0.125607 0.0709103 0.00334787
0 0.767323 0.71707 0.0360337 0.0494547 0.00323316
0 0.806202 0.517766 0.0329874 0.0435017 0.00321121
0 0.804663 0.506973 0.0322422 0.0258859 0.00305434
0 0.58676 0.0074252 0.0177805 0.0148504 0.00281187
0 0.879233 0.485153 0.0138626 0.0420015 0.00273766
0 0.87407 0.510016 0.0260511 0.0842543 0.00271563
0 0.629592 0.412728 0.0609426 0.02534 0.00266468
0 0.538394 0.538937 0.234428 0.214253 0.0026213
0 0.537493 0.468092 0.0493423 0.0342043 0.00261273
0 0.50969 0.490565 0.0695195 0.0487327 0.00259611
0 0.528204 0.534948 0.121169 0.0724391 0.00258447
0 0.620605 0.979475 0.0406574 0.025569 0.00249126
0 0.842982 0.571211 0.0633694 0.112607 0.0024886
0 0.439847 0.242972 0.0144505 0.0114498 0.00246614
0 0.299656 0.672528 0.428714 0.0951908 0.00245243
0 0.417181 0.668234 0.0931643 0.0519856 0.00243221
0 0.463192 0.382544 0.0216147 0.0217934 0.00234252
0 0.862463 0.549161 0.0818167 0.139013 0.00231602
0 0.35174 0.676049 0.202453 0.0708771 0.00229974
0 0.585071 0.445421 0.253858 0.188576 0.00218642
0 0.586497 0.43283 0.0458341 0.0623116 0.00216571
0 0.857202 0.568288 0.0383541 0.0804579 0.00214143
0 0.616628 0.438077 0.115519 0.112034 0.00213529
0 0.808537 0.528597 0.0352383 0.0555654 0.00208246
0 0.20084 0.04707 0.0160584 0.0157452 0.00207741
0 0.457321 0.510245 0.0276754 0.0255456 0.00205463
0 0.884334 0.485795 0.0153028 0.0376671 0.00193248
0 0.265914 0.663964 0.531827 0.171399 0.00190138
0 0.44178 0.237877 0.0096487 0.01783 0.00189463
0 0.958655 0.698758 0.0727177 0.0938385 0.00185312
0 0.814868 0.498914 0.0363352 0.0428009 0.00185163
0 0.799087 0.516067 0.0200077 0.0373976 0.00183784
0 0.56437 0.500001 0.117557 0.103978 0.00181968
0 0.554735 0.485642 0.173117 0.108904 0.00178163
0 0.260145 0.694863 0.488375 0.0877849 0.00177297
0 0.56438 0.542329 0.0446132 0.0573333 0.00176293
0 0.519475 0.424993 0.148631 0.118085 0.00172178
0 0.538445 0.465803 0.0214357 0.0194374 0.00169146
0 0.944969 0.682193 0.0928928 0.11326 0.00168215
0 0.605574 0.481959 0.0232673 0.0283428 0.00168095
0 0.602825 0.431503 0.0467302 0.0532609 0.00165083
0 0.608434 0.981386 0.0373523 0.0263773 0.00156482
0 0.868581 0.565981 0.0354359 0.0696039 0.00155198
0 0.820245 0.493798 0.0274212 0.0290385 0.00144972
0 0.482944 0.470257 0.115225 0.114471 0.00142963
0 0.568987 0.495395 0.161284 0.16835 0.00142024
0 0.874234 0.512942 0.0400429 0.121447 0.00141364
0 0.549469 0.563974 0.0990281 0.137448 0.00140251
0 0.198736 0.0479181 0.0137155 0.0220599 0.0013985
0 0.583468 0.0101728 0.0170843 0.0194975 0.00134884
0 0.583664 0.450473 0.061607 0.0725923 0.00134656
0 0.481651 0.510318 0.11201 0.0603621 0.00133254
0 0.915192 0.653404 0.145007 0.169173 0.00132732
0 0.3733 0.653421 0.187638 0.0701469 0.0013137
0 0.00640158 0.00866053 0.0128032 0.0151448 0.00129419
0 0.42132 0.689052 0.342698 0.174654 0.00126346
0 0.576581 0.00693728 0.0221084 0.0136563 0.0012458
0 0.622651 0.416056 0.0838235 0.0344927 0.00120714
0 0.34748 0.675279 0.135487 0.0580176 0.00117255
0 0.537172 0.462606 0.0941822 0.0745031 0.00116484
0 0.439637 0.241858 0.0168291 0.0190988 0.00114051
0 0.441433 0.238533 0.0149604 0.0219027 0.00113858
0 0.536367 0.535181 0.0528496 0.0549024 0.00112593
0 0.401112 0.660254 0.0563939 0.0677014 0.00111852
0 0.496129 0.520304 0.11447 0.0977221 0.00111844
0 0.808595 0.518124 0.0431097 0.0724642 0.00108356
0 0.563715 0.423198 0.12764 0.10683 0.00108083
0 0.00495853 0.0196884 0.00991707 0.0295212 0.00107877
0 0.900579 0.604814 0.157651 0.198819 0.00105658
0 0.857177 0.560856 0.0515394 0.105289 0.00104905
0 0.395877 0.629576 0.309753 0.174357 0.00104634
0 0.822865 0.484504 0.0247299 0.0328109 0.00101865
0 0.881513 0.483663 0.019453 0.0503221 0.00101576
