0 0.505186 0.499598 0.0745025 0.0399936 0.739947
0 0.986248 0.559028 0.0275043 0.03777 0.142522
0 0.503835 0.504831 0.0876993 0.082806 0.0801553
0 0.502189 0.508999 0.0863144 0.0482305 0.0334072
0 0.523228 0.494251 0.0486994 0.0359137 0.0176169
0 0.4925 0.499404 0.177271 0.218736 0.0132174
0 0.0806016 0.0140211 0.0134026 0.0136609 0.010649
0 0.519463 0.501135 0.0739875 0.0493742 0.00821145
0 0.0123236 0.534635 0.0113384 0.0193778 0.00782966
0 0.00486703 0.0112644 0.00973406 0.0144188 0.00686086
0 0.504849 0.49171 0.0587094 0.0514542 0.00628233
0 0.985611 0.566025 0.0248371 0.0295278 0.0053962
0 0.98303 0.551832 0.0339394 0.0458178 0.00435611
0 0.98728 0.56195 0.0254395 0.0542109 0.00421562
0 0.979358 0.156542 0.0304295 0.0457577 0.00413321
0 0.683933 0.966013 0.0344876 0.0467701 0.00339099
0 0.00683107 0.00982248 0.0128692 0.0178096 0.00300744
0 0.978185 0.566507 0.0341091 0.0324168 0.00294038
0 0.478154 0.502585 0.12311 0.0510666 0.00284664
0 0.409106 0.0934731 0.0212963 0.070436 0.00258719
0 0.0824367 0.83476 0.00749471 0.0110489 0.00242598
0 0.682302 0.95818 0.0234651 0.0351307 0.00242386
0 0.0143971 0.532594 0.0150895 0.024601 0.00237673
0 0.618139 0.00631033 0.0216608 0.0108086 0.00216654
0 0.0820043 0.0138321 0.0170383 0.0179593 0.00215544
0 0.501868 0.483577 0.0745396 0.0547529 0.00215543
0 0.00366826 0.0125957 0.00733651 0.0211236 0.002106
0 0.977566 0.559363 0.0305719 0.0310579 0.00193342
0 0.686609 0.95605 0.0283915 0.0538689 0.00190957
0 0.528244 0.49026 0.0301271 0.0279953 0.00179245
0 0.789619 0.0371776 0.0116619 0.0120409 0.00171112
0 0.9762 0.560259 0.0475999 0.0492529 0.00167106
0 0.690228 0.965288 0.0162334 0.0316113 0.00161009
0 0.612357 0.00594106 0.0203844 0.0106008 0.00159373
0 0.975559 0.14581 0.0315653 0.0264481 0.00158314
0 0.00867195 0.537584 0.0110744 0.0278912 0.0014162
0 0.0826876 0.835286 0.0107989 0.0160542 0.00134635
0 0.683907 0.966169 0.0506034 0.0676616 0.00130498
0 0.00543125 0.0128977 0.0108625 0.0240908 0.00128238
0 0.654081 0.00397017 0.0161504 0.00709897 0.00128104
0 0.984123 0.573013 0.0317545 0.0681718 0.001276
0 0.970025 0.598419 0.0599505 0.1028 0.00125534
0 0.13533 0.471748 0.00312498 0.0190074 0.00124153
0 0.64814 0.00431009 0.0206919 0.00762725 0.00123204
0 0.489208 0.501068 0.0682817 0.0451833 0.00122515
0 0.410142 0.0893652 0.035401 0.0858259 0.00121882
0 0.414205 0.972736 0.0410892 0.0448748 0.00116629
0 0.0777999 0.0127091 0.0226766 0.0169456 0.00114938
0 0.831772 0.0199141 0.0179411 0.0309018 0.0011377
0 0.452549 0.992954 0.0126979 0.0140922 0.00113655
0 0.427877 0.600419 0.0106537 0.0131523 0.00111844
0 0.450866 0.981524 0.0100666 0.0314066 0.00111652
0 0.83735 0.973541 0.0547195 0.0529171 0.0010746
0 0.0833745 0.832308 0.0152028 0.0178379 0.00104357
