0 0.492226 0.504214 0.0311792 0.0560742 0.391042
0 0.495415 0.497619 0.0237747 0.0413775 0.107914
0 0.497886 0.483118 0.0217979 0.0170032 0.075595
0 0.484346 0.508016 0.0404042 0.0601826 0.0729626
0 0.31704 0.253027 0.0729138 0.0413871 0.0298744
0 0.293689 0.268868 0.135758 0.0892681 0.0125139
0 0.489822 0.515069 0.0597698 0.0938532 0.00771529
0 0.478093 0.517841 0.0315242 0.0504259 0.00540076
0 0.232735 0.289956 0.316426 0.124609 0.00526679
0 0.498139 0.511211 0.0322778 0.0644442 0.00523061
0 0.141295 0.392813 0.160415 0.0882206 0.00476947
0 0.269054 0.277354 0.203397 0.0988825 0.0047205
0 0.813676 0.0341788 0.0199863 0.0194432 0.00386378
0 0.494614 0.482742 0.0235191 0.0276301 0.00342469
0 0.134353 0.42576 0.230514 0.174907 0.0032732
0 0.479928 0.524297 0.0349878 0.0817613 0.00309077
0 0.205513 0.347266 0.34746 0.194138 0.00307417
0 0.514377 0.286793 0.0157254 0.0126593 0.0026446
0 0.186662 0.307621 0.256652 0.108659 0.00262955
0 0.129637 0.39548 0.147715 0.057091 0.00248978
0 0.179806 0.381771 0.256143 0.14093 0.00244453
0 0.536676 0.970771 0.039242 0.0474611 0.00231998
0 0.813215 0.0354718 0.0272961 0.0238008 0.00227308
0 0.47325 0.530384 0.0178635 0.0393469 0.00226281
0 0.989922 0.974293 0.0178774 0.0451258 0.00221427
0 0.317683 0.257643 0.136999 0.0559681 0.00216793
0 0.495991 0.479395 0.0200772 0.0189116 0.00187738
0 0.0179093 0.720853 0.0101946 0.0417348 0.00186666
0 0.115816 0.404987 0.111035 0.0638494 0.00176866
0 0.801695 0.597123 0.00784359 0.0309369 0.0017297
0 0.359831 0.257964 0.230142 0.0890803 0.00172681
0 0.151905 0.401956 0.207607 0.119137 0.00172497
0 0.991289 0.977664 0.00918846 0.0367586 0.00168459
0 0.992486 0.961418 0.00515003 0.0139116 0.00165446
0 0.989376 0.966625 0.00911179 0.0226627 0.0016289
0 0.0242772 0.720296 0.00744998 0.0270663 0.0016059
0 0.288099 0.29459 0.509485 0.144742 0.00157758
0 0.989914 0.96124 0.00891457 0.0168285 0.00151905
0 0.991144 0.965942 0.00912933 0.0180288 0.00149904
0 0.471802 0.529829 0.0104994 0.0325659 0.00146719
0 0.527057 0.972452 0.0248281 0.047401 0.00144853
0 0.491797 0.498891 0.204839 0.25043 0.00143936
0 0.490308 0.48501 0.0227282 0.0243807 0.00140631
0 0.0221338 0.726965 0.0089488 0.0402059 0.00140004
0 0.509348 0.508004 0.0627604 0.0683865 0.00134674
0 0.0257838 0.725451 0.00922609 0.0291007 0.00134521
0 0.490111 0.49294 0.056639 0.0579617 0.00133793
0 0.558361 0.186848 0.0286918 0.0257279 0.00132301
0 0.242507 0.386582 0.401015 0.250224 0.00130719
0 0.476392 0.523535 0.067909 0.106804 0.00127379
0 0.454097 0.622786 0.00993938 0.0195519 0.00122829
0 0.515416 0.289816 0.0176289 0.014939 0.00117836
0 0.0190203 0.723125 0.0267934 0.078476 0.00116574
0 0.292211 0.343128 0.559883 0.22091 0.00113089
0 0.0243126 0.737816 0.032043 0.0759405 0.00111595
0 0.451343 0.503765 0.194769 0.21144 0.00106987
0 0.686825 0.110774 0.449109 0.190358 0.00106738
0 0.0274463 0.716302 0.0127949 0.0499267 0.00100472
