0 0.498759 0.503193 0.173335 0.200371 0.808895
0 0.846976 0.936749 0.0781193 0.0406218 0.100054
0 0.398881 0.917776 0.0791628 0.0961178 0.098782
0 0.934533 0.907375 0.018532 0.0248007 0.0741961
0 0.470402 0.850401 0.222572 0.23477 0.0666092
0 0.506772 0.806564 0.132807 0.12794 0.0224069
0 0.897799 0.915508 0.0173807 0.0190903 0.0133998
0 0.262043 0.939626 0.0145586 0.0239576 0.0128237
0 0.418022 0.891547 0.123964 0.149314 0.0127332
0 0.694957 0.880669 0.132066 0.0702101 0.0126851
0 0.85615 0.722159 0.041647 0.0261676 0.00989086
0 0.391697 0.912019 0.111742 0.144923 0.00981922
0 0.478324 0.523903 0.121147 0.170075 0.00919498
0 0.497055 0.815787 0.213946 0.187096 0.00905588
0 0.652943 0.920502 0.10709 0.0291244 0.00883598
0 0.00738149 0.0120123 0.014763 0.0188618 0.00866861
0 0.00583043 0.0148911 0.0116609 0.0267841 0.00715001
0 0.466745 0.817924 0.313471 0.233134 0.0071383
0 0.262949 0.507984 0.525899 0.317953 0.0070472
0 0.389279 0.929684 0.0624859 0.0754978 0.0065193
0 0.936942 0.911365 0.0167311 0.031282 0.00648595
0 0.540272 0.853638 0.521365 0.288799 0.00582859
0 0.41973 0.507412 0.46713 0.242447 0.00544456
0 0.443712 0.841287 0.173605 0.175051 0.00533534
0 0.929587 0.914047 0.0332066 0.0300209 0.00528256
0 0.7908 0.895927 0.0358318 0.0366947 0.00515302
0 0.394912 0.920897 0.247229 0.158207 0.00487348
0 0.84698 0.943949 0.104733 0.0821991 0.00444972
0 0.300183 0.464507 0.600366 0.478855 0.00434404
0 0.990917 0.672004 0.0181659 0.0640036 0.00425202
0 0.157663 0.533848 0.315325 0.113835 0.00421123
0 0.913689 0.643432 0.160025 0.147158 0.00416681
0 0.432985 0.889795 0.215894 0.200796 0.00413702
0 0.40052 0.915708 0.0556359 0.0726379 0.00390441
0 0.507182 0.51905 0.156621 0.1319 0.00382922
0 0.29642 0.555409 0.59284 0.144422 0.00381851
0 0.500213 0.476479 0.151652 0.131134 0.0037503
0 0.527122 0.515392 0.282511 0.217714 0.00363697
0 0.19024 0.514289 0.36421 0.245322 0.00351404
0 0.506193 0.504138 0.0942253 0.158065 0.00343873
0 0.782095 0.738044 0.0193022 0.0319665 0.00331557
0 0.64196 0.915272 0.0951255 0.0303841 0.00320177
0 0.0543821 0.607224 0.0894401 0.0242122 0.00305216
0 0.819644 0.947073 0.0261919 0.0283178 0.00289408
0 0.81823 0.95111 0.0172171 0.0215841 0.00284314
0 0.293602 0.663883 0.547264 0.470448 0.00253008
0 0.419394 0.86204 0.350294 0.251526 0.00240582
0 0.370665 0.903833 0.345341 0.185217 0.00239383
0 0.383509 0.942435 0.0429441 0.0488775 0.00238625
0 0.294642 0.594385 0.541842 0.235251 0.00227711
0 0.603905 0.813504 0.747642 0.360558 0.00226425
0 0.427309 0.533054 0.326037 0.186427 0.00220387
0 0.249862 0.560831 0.496006 0.104473 0.00220003
0 0.278891 0.584871 0.0166003 0.0156675 0.00219494
0 0.743777 0.493912 0.0123543 0.0115304 0.00216865
0 0.506784 0.44943 0.144995 0.098955 0.00216774
0 0.15485 0.494679 0.309701 0.18246 0.00211515
0 0.827314 0.936901 0.0627378 0.0476404 0.00205867
0 0.864498 0.722838 0.03295 0.0228961 0.00201677
0 0.0669489 0.601597 0.119592 0.0254444 0.00199098
0 0.413763 0.851479 0.554841 0.23342 0.00195839
0 0.229477 0.573958 0.145792 0.0516798 0.00194077
0 0.461406 0.706614 0.922812 0.562117 0.00192267
0 0.514786 0.794938 0.0927732 0.12178 0.00178795
0 0.669691 0.90112 0.255725 0.0978727 0.00177347
0 0.841219 0.909572 0.299962 0.180855 0.00177239
0 0.508029 0.605015 0.0163647 0.0281754 0.00174754
0 0.449484 0.531852 0.120987 0.147614 0.00174193
0 0.378957 0.950831 0.0246356 0.0284328 0.00170239
0 0.583394 0.537474 0.227378 0.196587 0.0016792
0 0.464532 0.551049 0.0792414 0.120833 0.00165665
0 0.280278 0.587673 0.0217802 0.0177062 0.00163631
0 0.420417 0.914122 0.0903905 0.105734 0.00163592
0 0.696407 0.879173 0.0892418 0.0597284 0.00161392
0 0.683145 0.885084 0.167121 0.0963219 0.00153657
0 0.0150122 0.0088257 0.0300245 0.0176514 0.00152824
0 0.863718 0.931191 0.0585459 0.037528 0.00149817
0 0.134246 0.531185 0.228693 0.0790468 0.00149807
0 0.634114 0.863415 0.0238337 0.0254839 0.00148555
0 0.899845 0.913331 0.0234949 0.0238106 0.00145914
0 0.844269 0.954724 0.0756332 0.0516911 0.00145361
0 0.479144 0.47481 0.228447 0.239782 0.00144626
0 0.588774 0.532404 0.378608 0.241787 0.00142954
0 0.00821216 0.0168764 0.0164243 0.0336852 0.001406
0 0.472803 0.47054 0.152238 0.168291 0.00138654
0 0.449885 0.494168 0.147361 0.208133 0.00138572
0 0.670888 0.866582 0.11041 0.041275 0.0013529
0 0.940222 0.906593 0.0283838 0.0281559 0.00135218
0 0.987905 0.67327 0.0241896 0.0783155 0.00131797
0 0.632931 0.862667 0.0172686 0.0196323 0.00131365
0 0.48272 0.818094 0.133599 0.118688 0.00130365
0 0.495078 0.770997 0.68649 0.345235 0.00129759
0 0.416632 0.895323 0.053424 0.0751112 0.00128721
0 0.814497 0.943749 0.0254189 0.0318203 0.0012582
0 0.928964 0.908254 0.0276123 0.0273565 0.00123791
0 0.664143 0.85178 0.457744 0.20161 0.0012372
0 0.0131116 0.0147742 0.0262233 0.0280013 0.00123379
0 0.774302 0.471604 0.0125995 0.0163672 0.00119661
0 0.65341 0.917142 0.120092 0.0575903 0.0011924
0 0.399071 0.410895 0.479443 0.331126 0.00114279
0 0.160871 0.571526 0.313662 0.0959806 0.0011084
0 0.445129 0.513205 0.070598 0.15758 0.00106318
0 0.350341 0.545013 0.690869 0.226938 0.00105443
0 0.659746 0.892995 0.609012 0.214011 0.00105055
0 0.261022 0.942376 0.020733 0.0301054 0.00104599
0 0.744641 0.490357 0.0114508 0.011404 0.00103637
0 0.786665 0.741083 0.019239 0.0241312 0.00102442
0 0.665085 0.90256 0.412302 0.175782 0.00101279
0 0.934601 0.907345 0.0277657 0.0588129 0.00100511
