0 0.500953 0.50331 0.0258097 0.0469674 0.353956
0 0.761945 0.399982 0.0681577 0.0642696 0.343865
0 0.759641 0.461135 0.0364414 0.0342335 0.174862
0 0.393682 0.0413694 0.0585696 0.0477857 0.11762
0 0.931077 0.775485 0.0237804 0.0387643 0.101911
0 0.916327 0.497581 0.167346 0.13035 0.0795119
0 0.894379 0.654368 0.0623808 0.0958202 0.0536526
0 0.935277 0.578816 0.0264336 0.0365878 0.0360153
0 0.987165 0.855833 0.0235849 0.0519459 0.0318958
0 0.76003 0.40974 0.0678481 0.113866 0.0273678
0 0.953598 0.670488 0.0243544 0.0128673 0.0268899
0 0.961521 0.706441 0.0103134 0.023624 0.0265479
0 0.762667 0.467518 0.0327711 0.0341443 0.0265265
0 0.761779 0.464254 0.0413498 0.0506038 0.0229598
0 0.766505 0.481007 0.0289706 0.0150052 0.0223886
0 0.861921 0.455702 0.0287447 0.0385264 0.0222908
0 0.380572 0.0382779 0.0833127 0.0575398 0.0199985
0 0.861034 0.0355181 0.0154211 0.0174658 0.0162181
0 0.871169 0.623266 0.031251 0.040891 0.0134438
0 0.934743 0.769454 0.0281111 0.0464597 0.0125879
0 0.818261 0.522765 0.0313881 0.0464417 0.010492
0 0.813371 0.576524 0.0352097 0.0458799 0.00976764
0 0.923958 0.35617 0.0166731 0.0191878 0.00957962
0 0.745322 0.40095 0.182206 0.230132 0.00917099
0 0.984629 0.859247 0.0230614 0.035519 0.00894369
0 0.934334 0.777091 0.0177296 0.0309956 0.00868832
0 0.805025 0.562388 0.0613295 0.0808197 0.00862722
0 0.926972 0.718541 0.0324484 0.0493338 0.00837919
0 0.930892 0.77649 0.0300135 0.0539152 0.0065383
0 0.876787 0.631678 0.0346767 0.0441073 0.00637223
0 0.762389 0.445934 0.0479372 0.0530932 0.00606489
0 0.385461 0.0442426 0.0897808 0.087206 0.0057316
0 0.899047 0.668956 0.0465267 0.0714395 0.00568712
0 0.809289 0.571454 0.0482872 0.0594475 0.00545426
0 0.961922 0.710456 0.0139719 0.0260474 0.00539945
0 0.960575 0.703315 0.0144543 0.0200053 0.00514348
0 0.864537 0.592074 0.0140835 0.0206685 0.00497667
0 0.899487 0.666925 0.0783121 0.136782 0.00488074
0 0.502428 0.503066 0.0476937 0.0586265 0.004844
0 0.958775 0.667881 0.0336481 0.0185624 0.00472189
0 0.979202 0.857801 0.020747 0.0389099 0.00466694
0 0.987184 0.918989 0.0203247 0.0425005 0.00463012
0 0.886699 0.643502 0.0442898 0.0784993 0.00449627
0 0.990916 0.404173 0.0181684 0.0528444 0.00440126
0 0.973571 0.807548 0.0517206 0.0538061 0.00408491
0 0.934539 0.578157 0.0404119 0.0730413 0.00405164
0 0.99247 0.611931 0.0111244 0.0159822 0.00374933
0 0.945468 0.764058 0.0382149 0.0470541 0.00350882
0 0.743644 0.368723 0.294445 0.196761 0.00347355
0 0.9928 0.396842 0.0144002 0.0347344 0.00323254
0 0.848545 0.573803 0.0151039 0.020264 0.00316743
0 0.980601 0.551287 0.0232016 0.0379047 0.00311123
0 0.403725 0.047534 0.0400751 0.0443075 0.00310621
0 0.501212 0.516688 0.0220184 0.0399167 0.00309611
0 0.868786 0.458283 0.0368586 0.036128 0.00305515
0 0.952522 0.00893554 0.0234251 0.0178711 0.00302815
0 0.498464 0.490034 0.0216722 0.0577327 0.00300943
0 0.895331 0.360388 0.0188547 0.0146791 0.00290831
0 0.95267 0.75935 0.0331808 0.0494747 0.00287121
0 0.50512 0.520947 0.0194265 0.0340261 0.00282867
0 0.921266 0.498226 0.0961206 0.127981 0.00263695
0 0.5087 0.502903 0.0312207 0.0465482 0.00263472
0 0.960597 0.700682 0.0213676 0.0200357 0.00257403
0 0.81579 0.514604 0.027434 0.0351235 0.00250368
0 0.817225 0.532266 0.0406958 0.0681939 0.00246089
0 0.933825 0.583107 0.0421127 0.124782 0.00242683
0 0.879295 0.071105 0.0229628 0.0448123 0.0024209
0 0.990511 0.960766 0.0173059 0.0292463 0.00241505
0 0.764304 0.454683 0.0372152 0.0328446 0.00239334
0 0.977529 0.500219 0.0449416 0.0503439 0.00233512
0 0.877942 0.635783 0.0453804 0.0693829 0.00230043
0 0.753433 0.460047 0.0240365 0.0269186 0.00226621
0 0.862158 0.039477 0.0183517 0.020634 0.00222006
0 0.805093 0.567059 0.0746474 0.117745 0.00217878
0 0.362652 0.0391246 0.120162 0.0782493 0.00216246
0 0.843527 0.569239 0.0171841 0.0280761 0.00215642
0 0.986812 0.968337 0.0240028 0.040152 0.00213022
0 0.350787 0.0666005 0.207305 0.133201 0.00206402
0 0.902223 0.631144 0.11767 0.236631 0.00201606
0 0.922949 0.711201 0.0350601 0.0449074 0.00199837
0 0.903 0.674916 0.0372852 0.0519969 0.00199401
0 0.490816 0.505304 0.0484459 0.0481254 0.00195
0 0.925297 0.727741 0.0273115 0.0340607 0.00194749
0 0.756403 0.389803 0.0555082 0.048885 0.00193847
0 0.76668 0.479845 0.0306136 0.0247561 0.0019189
0 0.769876 0.482354 0.0232601 0.011125 0.00190877
0 0.855504 0.577688 0.0106018 0.0191457 0.00182264
0 0.917022 0.520629 0.119327 0.140477 0.00175469
0 0.895497 0.360782 0.0252144 0.0197986 0.00169577
0 0.766357 0.441567 0.0856697 0.13787 0.00169017
0 0.496548 0.519833 0.0309992 0.0495091 0.00168441
0 0.852266 0.576779 0.01094 0.0165526 0.00163184
0 0.387728 0.0839184 0.284555 0.167837 0.0016055
0 0.654284 0.971284 0.0443525 0.0533476 0.00160294
0 0.967624 0.505151 0.064751 0.0731877 0.00159857
0 0.860669 0.454434 0.0420715 0.0505344 0.0015956
0 0.923669 0.712455 0.0507431 0.0852809 0.00158949
0 0.350027 0.0338973 0.13226 0.0595604 0.0015371
0 0.968342 0.822602 0.0514139 0.0952943 0.00153162
0 0.916144 0.656852 0.111 0.176192 0.00151937
0 0.868839 0.601663 0.0183012 0.0210324 0.00151752
0 0.773936 0.386551 0.0757385 0.0636109 0.00148639
0 0.994465 0.392925 0.0110706 0.0231328 0.00146847
0 0.989156 0.858076 0.0216876 0.0723377 0.00145892
0 0.983051 0.752831 0.013331 0.0247931 0.00142688
0 0.881907 0.657645 0.0458818 0.0906003 0.00142573
0 0.932813 0.741399 0.0375769 0.077255 0.00140077
0 0.790495 0.561357 0.114266 0.19325 0.00139384
0 0.988799 0.604194 0.0123701 0.0284023 0.00138437
0 0.376237 0.0342918 0.0504037 0.0529829 0.00134959
0 0.812253 0.547086 0.0580933 0.0897254 0.00134874
0 0.879622 0.0795845 0.0324142 0.0548868 0.0012934
0 0.9504 0.671546 0.0226212 0.02187 0.00124686
0 0.820127 0.584258 0.0235949 0.0331433 0.00120923
0 0.992494 0.612567 0.0150111 0.0201857 0.00118304
0 0.977653 0.554336 0.0163883 0.0237073 0.00118065
0 0.895638 0.653712 0.196275 0.259064 0.00117296
0 0.948669 0.615022 0.00958443 0.0324547 0.00113834
0 0.784501 0.970345 0.0449486 0.0443037 0.00110196
0 0.509527 0.515047 0.0205808 0.0395008 0.00108416
0 0.882751 0.657763 0.0717215 0.145216 0.00107966
0 0.496339 0.488495 0.0574293 0.0777129 0.00105933
0 0.501921 0.520403 0.0294328 0.0612785 0.00105004
0 0.500825 0.504697 0.0749286 0.115545 0.00104006
0 0.922064 0.360639 0.0192663 0.0226187 0.00103968
0 0.935318 0.738288 0.063504 0.0732126 0.00103605
0 0.388756 0.054755 0.0719079 0.0613737 0.00103528
