0 0.545142 0.665687 0.0340729 0.080299 0.623911
0 0.376913 0.286421 0.0294407 0.0605162 0.409131
0 0.484089 0.674906 0.0205124 0.0208011 0.325288
0 0.43767 0.358373 0.0302012 0.125552 0.181251
0 0.437479 0.343493 0.0202083 0.114806 0.151
0 0.438919 0.331957 0.0180951 0.0602028 0.139968
0 0.546328 0.654278 0.028084 0.0598152 0.115784
0 0.545101 0.688581 0.036643 0.122992 0.0956003
0 0.373194 0.276813 0.0358196 0.0670235 0.0776554
0 0.505455 0.617157 0.0171028 0.0396914 0.0737161
0 0.437005 0.383646 0.0321444 0.0778342 0.0702352
0 0.546039 0.66893 0.0472675 0.101291 0.0580813
0 0.338866 0.653755 0.0240528 0.017266 0.0541413
0 0.279769 0.0989306 0.0120212 0.0214596 0.0513739
0 0.540685 0.658801 0.0278297 0.0590974 0.0415422
0 0.377904 0.29983 0.0268577 0.0619718 0.0388582
0 0.431776 0.394731 0.0248466 0.0488421 0.0366406
0 0.371104 0.28475 0.0478347 0.0861904 0.0365844
0 0.429333 0.361769 0.032524 0.0681027 0.0345186
0 0.507596 0.623701 0.0182983 0.0331468 0.0332243
0 0.430235 0.463039 0.0242022 0.0471912 0.030622
0 0.436872 0.321274 0.0175452 0.0594341 0.0304438
0 0.381856 0.293183 0.0567995 0.0972118 0.0302615
0 0.992056 0.0197061 0.0158877 0.0338888 0.0297356
0 0.499514 0.618414 0.0153814 0.0341126 0.0295157
0 0.443641 0.356251 0.0570541 0.144185 0.0271674
0 0.060203 0.67954 0.0624957 0.0436256 0.0271477
0 0.437749 0.720205 0.0274261 0.0383196 0.0269755
0 0.436887 0.341724 0.0155692 0.0569551 0.0266114
0 0.432876 0.341737 0.0271618 0.0823423 0.0250535
0 0.114574 0.702822 0.0451882 0.0519526 0.0242092
0 0.113791 0.921445 0.0200312 0.019105 0.0226399
0 0.546007 0.677875 0.0597651 0.138055 0.0221163
0 0.546712 0.705723 0.030242 0.0893454 0.0206798
0 0.431385 0.47489 0.031009 0.0670491 0.0195428
0 0.447135 0.506433 0.0576904 0.143566 0.0188084
0 0.437982 0.324142 0.0250694 0.0844993 0.0184889
0 0.447482 0.383018 0.0504773 0.0887743 0.0184482
0 0.160333 0.717841 0.0433756 0.0644439 0.016969
0 0.424379 0.340563 0.0656348 0.126421 0.0166362
0 0.00809184 0.744187 0.0122373 0.0147792 0.0165489
0 0.278822 0.102818 0.0144092 0.0225616 0.0163295
0 0.546378 0.714368 0.0239969 0.0485322 0.0160983
0 0.504829 0.618519 0.0236749 0.0482836 0.016082
0 0.439149 0.401795 0.0384521 0.05333 0.0155881
0 0.361767 0.280378 0.0299124 0.0531162 0.0144181
0 0.376845 0.314891 0.019456 0.0308942 0.0143997
0 0.392986 0.361401 0.0208421 0.0223381 0.0138931
0 0.432608 0.369188 0.0238346 0.110188 0.0137138
0 0.138159 0.712833 0.0678592 0.0740108 0.0127022
0 0.544839 0.687935 0.0373462 0.0706521 0.0123414
0 0.482313 0.621062 0.0270639 0.0347857 0.0122518
0 0.497431 0.629377 0.0284205 0.0439387 0.0113916
0 0.420015 0.366172 0.0292435 0.0364769 0.0110495
0 0.438577 0.308609 0.0163394 0.0508356 0.0107156
0 0.387698 0.300381 0.0732098 0.128317 0.010578
0 0.500072 0.605313 0.0159656 0.0313737 0.0105251
0 0.568796 0.963249 0.0183422 0.0188438 0.0103694
0 0.429222 0.38319 0.025858 0.0683028 0.0101347
0 0.540536 0.674895 0.0302691 0.068923 0.00984976
0 0.0967028 0.692997 0.0701375 0.062411 0.00947019
0 0.402324 0.364793 0.0336065 0.0319169 0.00942225
0 0.380937 0.325665 0.0234548 0.0387759 0.00915459
0 0.362741 0.289102 0.0249961 0.0417729 0.00896606
0 0.525503 0.660949 0.0372212 0.0601851 0.00889448
0 0.550362 0.707203 0.0252515 0.0592809 0.0085548
0 0.50947 0.641189 0.0160945 0.027574 0.00849342
0 0.379101 0.314141 0.0262137 0.04053 0.00819462
0 0.121456 0.706616 0.0646483 0.0678803 0.00773102
0 0.430125 0.459144 0.0203542 0.0270119 0.00765744
0 0.497382 0.628146 0.0211135 0.0252372 0.00763892
0 0.0727541 0.684304 0.0905732 0.0525803 0.00749815
0 0.992409 0.0132547 0.0151822 0.0220829 0.00742442
0 0.421972 0.359075 0.0254556 0.059888 0.00735731
0 0.45892 0.566185 0.0204672 0.0296948 0.00725123
0 0.384148 0.291793 0.0344946 0.0684569 0.00716372
0 0.437135 0.353834 0.030824 0.068975 0.0069406
0 0.279736 0.9588 0.0312338 0.0367193 0.0068666
0 0.989472 0.0201362 0.0210567 0.0386312 0.00685581
0 0.42603 0.393656 0.0181024 0.0390757 0.00676796
0 0.530312 0.662301 0.0862742 0.170061 0.00641698
0 0.489604 0.675992 0.0375092 0.0543584 0.00631522
0 0.523397 0.653746 0.0182071 0.0366646 0.00629468
0 0.555639 0.683905 0.0512758 0.109627 0.00624152
0 0.00877255 0.7461 0.0165634 0.018288 0.00617789
0 0.477222 0.722432 0.0181323 0.0251241 0.00615447
0 0.459394 0.357246 0.0695856 0.134392 0.00589299
0 0.527942 0.662457 0.0609636 0.0660601 0.00587487
0 0.406478 0.35959 0.0362876 0.0330901 0.00580896
0 0.510791 0.633695 0.0187838 0.0440357 0.00575509
0 0.0371694 0.957914 0.0488341 0.0733828 0.00566943
0 0.43138 0.314893 0.0337099 0.0819149 0.00554229
0 0.440883 0.331104 0.0729825 0.151566 0.0052239
0 0.514783 0.643 0.0166723 0.0329395 0.00517541
0 0.277678 0.0947967 0.0175805 0.0242652 0.00504561
0 0.456948 0.557037 0.0214037 0.0358151 0.00494258
0 0.50194 0.615549 0.0360071 0.0642974 0.00480554
0 0.475248 0.717644 0.0209958 0.026429 0.00462869
0 0.20529 0.436302 0.0407441 0.0994204 0.00446526
0 0.460368 0.575208 0.0236403 0.026813 0.0044287
0 0.365654 0.271989 0.0698071 0.122173 0.0043996
0 0.278867 0.100479 0.0191862 0.0321138 0.00437548
0 0.444391 0.722615 0.0412849 0.0316966 0.00435075
0 0.381844 0.328689 0.0331994 0.052565 0.00433233
0 0.383949 0.340754 0.0238049 0.0284866 0.00426902
0 0.52573 0.665568 0.0268874 0.043768 0.0041772
0 0.499648 0.641442 0.0219605 0.0308993 0.0041756
0 0.438052 0.364532 0.0398485 0.0705814 0.00415364
0 0.389572 0.352174 0.0206839 0.0207312 0.00399787
0 0.370385 0.260418 0.0399213 0.0636463 0.00393475
0 0.195015 0.604353 0.094224 0.0676428 0.00385423
0 0.543255 0.68679 0.189525 0.268886 0.00379494
0 0.396407 0.359081 0.0298378 0.0351565 0.00378142
0 0.38863 0.346132 0.0249294 0.0280911 0.00377543
0 0.352308 0.278439 0.0276237 0.0479321 0.00375639
0 0.363524 0.300978 0.0229189 0.0381426 0.003695
0 0.444055 0.555642 0.0219161 0.0262887 0.00364378
0 0.426089 0.405015 0.0200038 0.0441974 0.00358458
0 0.546512 0.726466 0.0208863 0.0431022 0.00356907
0 0.348354 0.265687 0.0236137 0.0433832 0.00355726
0 0.504127 0.606016 0.0241952 0.0464108 0.00354741
0 0.446026 0.346228 0.182444 0.222131 0.00350198
0 0.0778068 0.00708046 0.027792 0.0141609 0.00348368
0 0.0343493 0.126148 0.0537826 0.0769738 0.00347312
0 0.560437 0.691326 0.0373055 0.0881697 0.00346532
0 0.494322 0.598017 0.019748 0.0300468 0.00338501
0 0.28198 0.111106 0.017757 0.0288536 0.00338408
0 0.148638 0.63224 0.0322808 0.0211593 0.00334896
0 0.476473 0.619021 0.024336 0.0363482 0.00334373
0 0.485311 0.609837 0.0206061 0.0282538 0.00331595
0 0.234742 0.0147638 0.0199119 0.0250836 0.00331159
0 0.455605 0.404851 0.0422081 0.0499722 0.00324562
0 0.546552 0.714558 0.0438297 0.0912862 0.00320835
0 0.560565 0.687228 0.0679142 0.141997 0.00314897
0 0.498434 0.630459 0.0404238 0.0786145 0.00312506
0 0.45316 0.537051 0.0522829 0.138172 0.00299689
0 0.456285 0.562047 0.0323244 0.0540984 0.00297235
0 0.316194 0.192184 0.016105 0.0241433 0.0029675
0 0.233691 0.00837672 0.0175869 0.0154383 0.00296124
0 0.113357 0.925263 0.0236153 0.0202494 0.00294184
0 0.342996 0.255883 0.0218753 0.044212 0.00287864
0 0.510189 0.650652 0.0184904 0.0287366 0.0027857
0 0.385084 0.304702 0.0401659 0.0661817 0.00273821
0 0.358011 0.270779 0.0327902 0.0504746 0.00273652
0 0.539433 0.705232 0.0211112 0.0543009 0.00272793
0 0.166423 0.717582 0.0455047 0.0479369 0.00272248
0 0.537288 0.717747 0.0197978 0.0395721 0.00272137
0 0.349573 0.811451 0.0911522 0.0740103 0.00271303
0 0.995194 0.0174038 0.00961122 0.0302653 0.00269152
0 0.286063 0.733506 0.0343605 0.0334507 0.0026653
0 0.396088 0.295678 0.176295 0.24926 0.00263942
0 0.434231 0.552918 0.0165428 0.0180624 0.00263851
0 0.423254 0.38061 0.0223141 0.0307465 0.00263489
0 0.518075 0.676346 0.0338791 0.048302 0.00262201
0 0.284016 0.104162 0.014982 0.0253946 0.00259274
0 0.0508237 0.674257 0.0394628 0.043912 0.00257544
0 0.987697 0.00937255 0.0234755 0.0187451 0.00252863
0 0.132553 0.25984 0.0611331 0.0337977 0.00251953
0 0.454544 0.548728 0.0212607 0.0495986 0.00251181
0 0.382632 0.567778 0.0387762 0.040024 0.0024653
0 0.991168 0.453885 0.0107943 0.0551216 0.00242662
0 0.484078 0.673765 0.0244834 0.029591 0.00241005
0 0.534586 0.647878 0.0271626 0.0488392 0.00240647
0 0.5213 0.677373 0.0527206 0.0558868 0.00240021
0 0.297612 0.151853 0.017827 0.0279644 0.00232094
0 0.485652 0.593228 0.0215292 0.0255333 0.00229691
0 0.0652427 0.691039 0.0832782 0.0991524 0.00229307
0 0.240124 0.0149669 0.0200758 0.0229095 0.00228743
0 0.476055 0.616294 0.0342919 0.0450331 0.00228628
0 0.445963 0.544754 0.0231 0.0359474 0.00224861
0 0.378099 0.260586 0.0263844 0.0597252 0.00221474
0 0.435622 0.547389 0.0169829 0.0261721 0.00217308
0 0.337717 0.241396 0.0229192 0.0383892 0.00213991
0 0.465072 0.581223 0.024804 0.0264024 0.00211736
0 0.00747147 0.74133 0.0149429 0.0184988 0.00211372
0 0.241209 0.00927514 0.0149466 0.0157934 0.00211318
0 0.450705 0.565435 0.0274376 0.0322491 0.00211213
0 0.546268 0.72287 0.0292027 0.0547676 0.00210042
0 0.437749 0.297307 0.0171741 0.0394332 0.0020695
0 0.294222 0.147083 0.0182039 0.027983 0.00206763
0 0.385211 0.317353 0.0356224 0.0421316 0.00205941
0 0.268557 0.0671978 0.0181129 0.0346408 0.00205358
0 0.0953597 0.698308 0.100413 0.0934661 0.00204581
0 0.432342 0.41113 0.0243288 0.0414279 0.00203874
0 0.502866 0.600817 0.0183436 0.0352739 0.00203293
0 0.526484 0.67666 0.0292648 0.056608 0.00203071
0 0.500963 0.614819 0.0782069 0.116725 0.00196142
0 0.572207 0.965933 0.0231162 0.0191723 0.00193294
0 0.64514 0.469757 0.0259952 0.0765044 0.00192537
0 0.548154 0.741049 0.0183382 0.0314208 0.00192388
0 0.511536 0.657052 0.192525 0.248243 0.00192345
0 0.484955 0.635332 0.03416 0.0353699 0.00192132
0 0.391681 0.366367 0.0265645 0.0214114 0.00191222
0 0.273508 0.0797366 0.0205625 0.0425451 0.00188633
0 0.452745 0.55915 0.0504044 0.0520813 0.00188545
0 0.201531 0.422543 0.0402434 0.0652449 0.00188171
0 0.46531 0.410772 0.0304227 0.0370911 0.00187737
0 0.338023 0.654556 0.036109 0.0232489 0.00186634
0 0.480002 0.672624 0.0156618 0.0218439 0.00183377
0 0.477713 0.626419 0.0234485 0.0305778 0.00182996
0 0.334496 0.232055 0.0235655 0.0415926 0.00180962
0 0.435778 0.722571 0.0388154 0.0559807 0.00180675
0 0.347509 0.293306 0.195912 0.241068 0.00180526
0 0.437143 0.302645 0.0280704 0.0703569 0.00179045
0 0.00600555 0.745071 0.0120111 0.0134936 0.00178741
0 0.341091 0.803929 0.09966 0.107537 0.00178251
0 0.251345 0.944905 0.0355855 0.03874 0.00177171
0 0.00526212 0.742776 0.00892225 0.0140107 0.00175398
0 0.274762 0.956165 0.0430995 0.0452772 0.00174479
0 0.376171 0.317843 0.0515184 0.0835895 0.00171649
0 0.284172 0.954971 0.0250399 0.024925 0.00171141
0 0.598625 0.865834 0.015646 0.0329422 0.00170702
0 0.97333 0.301657 0.0279972 0.0434001 0.00168676
0 0.319507 0.202253 0.0204807 0.0298069 0.00166186
0 0.352254 0.291316 0.0282224 0.0452461 0.00165497
0 0.557072 0.742774 0.017835 0.028858 0.00165081
0 0.426194 0.345923 0.0324074 0.0680204 0.00163838
0 0.553171 0.72661 0.0177658 0.0493755 0.00162773
0 0.284136 0.0964913 0.0191185 0.0254419 0.00162145
0 0.132676 0.393128 0.166507 0.0487189 0.00161202
0 0.484145 0.685012 0.028201 0.0649046 0.00160825
0 0.482738 0.348155 0.189089 0.178281 0.00156862
0 0.437624 0.493047 0.034292 0.0927111 0.00156551
0 0.990094 0.0242433 0.0198129 0.0484865 0.00154689
0 0.429797 0.451906 0.0241839 0.023558 0.00152076
0 0.460646 0.574553 0.0315702 0.0425449 0.00151963
0 0.459831 0.382223 0.0648296 0.0758918 0.0015114
0 0.435024 0.459298 0.02026 0.0390243 0.00150928
0 0.0403571 0.123607 0.0382895 0.0640552 0.0015029
0 0.337509 0.253265 0.0214552 0.0355161 0.00149933
0 0.429805 0.509905 0.0354749 0.098331 0.00148326
0 0.550078 0.751382 0.0171095 0.0229669 0.00146197
0 0.106968 0.711473 0.0752036 0.0896187 0.00145439
0 0.545512 0.639034 0.026944 0.0639591 0.00138261
0 0.347991 0.262272 0.0358192 0.0560938 0.00137042
0 0.199858 0.408264 0.0351442 0.0432077 0.00137039
0 0.440651 0.411217 0.0321217 0.0408614 0.00136024
0 0.277553 0.0854985 0.0201808 0.0383606 0.00133371
0 0.510092 0.610391 0.023735 0.0521753 0.00133266
0 0.47972 0.679069 0.0179502 0.0272087 0.00132639
0 0.282496 0.0958009 0.0316396 0.0642878 0.00132121
0 0.527029 0.67763 0.0207454 0.0458864 0.00132035
0 0.597651 0.855941 0.0164108 0.0324926 0.00131362
0 0.469207 0.588781 0.0283758 0.0213127 0.00131212
0 0.423277 0.41181 0.0191753 0.0345485 0.00130853
0 0.457769 0.412484 0.0306504 0.0355804 0.00130761
0 0.411196 0.375915 0.0296031 0.0303803 0.00130362
0 0.493789 0.656736 0.0288708 0.0342381 0.00129294
0 0.225013 0.964682 0.0302498 0.0390707 0.00128978
0 0.276666 0.0929161 0.0256315 0.0406369 0.00128397
0 0.272171 0.962792 0.0267786 0.0302155 0.00128348
0 0.525434 0.719876 0.0284409 0.0375954 0.00127975
0 0.994657 0.453351 0.00755997 0.0516715 0.00126697
0 0.476851 0.626615 0.0301578 0.0448371 0.00125772
0 0.474478 0.348712 0.0990908 0.167403 0.00124532
0 0.322176 0.215441 0.0178655 0.0310149 0.00123915
0 0.571809 0.782128 0.0256173 0.0376995 0.00121333
0 0.355348 0.257604 0.0334548 0.0619718 0.00121127
0 0.401133 0.289512 0.0609782 0.0870315 0.00120824
0 0.992783 0.464311 0.0144341 0.0750875 0.00120643
0 0.424535 0.385882 0.0688063 0.122848 0.00119329
0 0.450396 0.529054 0.182651 0.237322 0.00117729
0 0.578853 0.790916 0.0221174 0.0429655 0.00117399
0 0.978117 0.30236 0.0148214 0.0256508 0.0011732
0 0.500181 0.612459 0.112376 0.204041 0.00116675
0 0.572658 0.959226 0.0272346 0.0282152 0.00115796
0 0.557103 0.767746 0.0193943 0.0264102 0.00114661
0 0.485027 0.636478 0.022108 0.0310076 0.0011452
0 0.458369 0.560715 0.0457155 0.0902729 0.0011431
0 0.151832 0.719218 0.0798296 0.0905584 0.00113476
0 0.525825 0.360198 0.212716 0.127131 0.00113086
0 0.384923 0.275003 0.0299178 0.0788077 0.00112307
0 0.555144 0.755098 0.0150176 0.0201221 0.00110954
0 0.552458 0.638461 0.0217393 0.0474641 0.00110928
0 0.48518 0.663202 0.032467 0.0405035 0.00109657
0 0.472406 0.549809 0.0950024 0.169769 0.00109629
0 0.574668 0.791243 0.0264504 0.0345707 0.00108948
0 0.354086 0.283665 0.0404487 0.0829258 0.00107738
0 0.994533 0.45426 0.0109348 0.0644868 0.00105865
0 0.249946 0.959869 0.0610249 0.0482435 0.00105826
0 0.0443191 0.949932 0.0360988 0.0741219 0.00105377
0 0.231062 0.980337 0.0179643 0.0393255 0.00105028
0 0.596638 0.843605 0.020566 0.0324738 0.00104406
0 0.358418 0.24832 0.0439002 0.0803669 0.00103383
0 0.331353 0.217951 0.025191 0.0438699 0.00102629
0 0.299066 0.165845 0.0179767 0.027884 0.00101948
0 0.311415 0.180343 0.0203741 0.0263414 0.00100275
