0 0.50915 0.504852 0.0633329 0.0457615 0.813526
0 0.372088 0.182317 0.0297393 0.0224803 0.157862
0 0.125627 0.748196 0.0604122 0.0285716 0.0942962
0 0.50495 0.513155 0.0715762 0.0889158 0.0801777
0 0.132876 0.263207 0.0269851 0.0364546 0.073856
0 0.233127 0.783667 0.0147541 0.0221279 0.0696595
0 0.0592345 0.806281 0.0623853 0.0319979 0.0588231
0 0.283023 0.271197 0.0153983 0.014932 0.048304
0 0.520627 0.504876 0.0417927 0.0383625 0.0369454
0 0.506514 0.515777 0.0636686 0.0519383 0.0364177
0 0.0533229 0.268551 0.0128809 0.016912 0.0347068
0 0.463682 0.65816 0.0120359 0.0324305 0.0304622
0 0.140723 0.801435 0.051499 0.0481054 0.0273227
0 0.452303 0.964628 0.0543527 0.0579269 0.0235647
0 0.0851413 0.720074 0.120191 0.0370034 0.0231779
0 0.105478 0.731463 0.103185 0.0429087 0.0225524
0 0.502422 0.493919 0.0633159 0.0513893 0.0209969
0 0.0451473 0.509755 0.0469887 0.0735166 0.0197889
0 0.494984 0.505066 0.0571153 0.0484084 0.018436
0 0.350627 0.687987 0.0106952 0.0197226 0.0161571
0 0.223586 0.116311 0.01783 0.0296826 0.0157081
0 0.307623 0.723765 0.0228335 0.0562065 0.0151182
0 0.418577 0.559059 0.0139341 0.0163803 0.0147338
0 0.448911 0.377097 0.0280883 0.0568965 0.0127496
0 0.492511 0.500462 0.166491 0.252587 0.0125943
0 0.27063 0.742694 0.0203639 0.0173892 0.0106474
0 0.131697 0.263657 0.0326229 0.0507314 0.0101143
0 0.234788 0.148756 0.016251 0.02152 0.00860526
0 0.0607407 0.806451 0.068294 0.0498814 0.00825126
0 0.452159 0.390841 0.0283032 0.0708018 0.00822647
0 0.135791 0.790233 0.0538157 0.0481398 0.00822075
0 0.00447266 0.478237 0.00894533 0.0170743 0.00774016
0 0.447132 0.363166 0.0293316 0.0364409 0.00761254
0 0.0830812 0.796469 0.0915938 0.0447402 0.00758751
0 0.22486 0.117606 0.0235082 0.0401495 0.00706673
0 0.380533 0.665584 0.0211421 0.0330017 0.00697738
0 0.129288 0.747893 0.0708215 0.0491646 0.00694099
0 0.451594 0.40487 0.030763 0.114183 0.0059011
0 0.350326 0.688812 0.0168996 0.0212984 0.00564168
0 0.501184 0.385115 0.05964 0.0363407 0.00556683
0 0.0555555 0.270415 0.0125869 0.0202214 0.00540528
0 0.235008 0.788766 0.0172683 0.0233519 0.0049927
0 0.392792 0.118638 0.0129752 0.021134 0.00485381
0 0.507045 0.479703 0.0985202 0.13493 0.00480425
0 0.0796187 0.712757 0.108662 0.0318645 0.00447212
0 0.462716 0.642532 0.0141543 0.0356845 0.00434741
0 0.461491 0.630613 0.0145092 0.0235733 0.00407128
0 0.462257 0.649738 0.0167657 0.0513192 0.00405671
0 0.463937 0.969898 0.039727 0.0602036 0.00393625
0 0.0906527 0.726035 0.148312 0.0514033 0.00365504
0 0.231722 0.783248 0.019379 0.0290679 0.00352025
0 0.440693 0.968867 0.064917 0.0618988 0.00349437
0 0.452206 0.365535 0.0336531 0.0487579 0.00343704
0 0.0326941 0.619428 0.058817 0.057736 0.00331441
0 0.128018 0.741032 0.0612577 0.0266886 0.0032462
0 0.53751 0.353066 0.14532 0.0971471 0.00319647
0 0.101688 0.739643 0.137287 0.0925221 0.0031355
0 0.0827056 0.732187 0.0997846 0.0583616 0.00304493
0 0.507008 0.491882 0.0710664 0.0792073 0.0030099
0 0.49298 0.380826 0.0662404 0.0540742 0.00295725
0 0.360117 0.737007 0.017902 0.0162081 0.00290736
0 0.476352 0.297179 0.0429644 0.0493483 0.00288348
0 0.139835 0.787687 0.0534094 0.0295885 0.00286047
0 0.489634 0.509612 0.0805245 0.115295 0.0028409
0 0.46316 0.622854 0.0154819 0.0299983 0.00281916
0 0.134998 0.745939 0.0504891 0.0234577 0.00275269
0 0.135436 0.271035 0.0217735 0.0376507 0.0027054
0 0.296487 0.0374473 0.0200494 0.0305515 0.00270538
0 0.269325 0.983315 0.0500247 0.0333704 0.00269794
0 0.523564 0.501072 0.031797 0.0291542 0.00267709
0 0.447916 0.195498 0.0280209 0.112494 0.00266739
0 0.287227 0.886022 0.0317093 0.0524254 0.00265298
0 0.279237 0.271656 0.0156355 0.0126967 0.0025533
0 0.089743 0.715859 0.159946 0.0922032 0.00253974
0 0.481348 0.915854 0.0167518 0.0295691 0.00247756
0 0.227061 0.125387 0.0217734 0.0361255 0.00243902
0 0.448396 0.363947 0.0348831 0.0713172 0.00242979
0 0.426461 0.989529 0.0182424 0.0192724 0.00242717
0 0.448699 0.559575 0.023834 0.0243961 0.00237434
0 0.0429391 0.511799 0.0603793 0.0998323 0.00227537
0 0.0550981 0.71255 0.0558559 0.0264925 0.0022522
0 0.112235 0.747033 0.103243 0.0311315 0.0022471
0 0.456025 0.358312 0.0252995 0.0381284 0.00223945
0 0.165413 0.370217 0.0164072 0.0143038 0.00223345
0 0.0111132 0.30904 0.0170149 0.0158091 0.00220228
0 0.373362 0.186112 0.0402826 0.0585951 0.00219019
0 0.39184 0.330274 0.0529795 0.0208825 0.00210326
0 0.426046 0.346495 0.0898778 0.0552594 0.00209937
0 0.171792 0.666826 0.0877653 0.082593 0.00207955
0 0.0563011 0.505956 0.0553565 0.074108 0.00206465
0 0.27612 0.983472 0.0354128 0.0283134 0.00205657
0 0.469497 0.349742 0.0252279 0.0361334 0.00204283
0 0.231356 0.139347 0.0252888 0.0411682 0.00202442
0 0.397569 0.0372647 0.0252058 0.0427801 0.00201092
0 0.0586352 0.81402 0.0546603 0.0283939 0.00200301
0 0.31582 0.443429 0.0208071 0.0250831 0.00196699
0 0.505877 0.283854 0.0216958 0.0571149 0.00196035
0 0.309284 0.713347 0.0224989 0.0375417 0.00195865
0 0.428375 0.984654 0.0204374 0.029355 0.00194143
0 0.0553909 0.816797 0.0770817 0.100897 0.00191123
0 0.411865 0.33711 0.0932735 0.0364051 0.00190506
0 0.465665 0.659043 0.0172041 0.0479829 0.00189581
0 0.232466 0.148676 0.0240708 0.0260089 0.00187363
0 0.454277 0.385761 0.0603437 0.110399 0.00181917
0 0.326728 0.251551 0.0212901 0.0238987 0.00180538
0 0.423512 0.560649 0.0183176 0.0163548 0.00177376
0 0.285222 0.274168 0.0211841 0.0132303 0.00175583
0 0.453659 0.55811 0.0239902 0.024953 0.00172266
0 0.0110946 0.377882 0.0122099 0.0299855 0.00170809
0 0.140896 0.266172 0.0278595 0.0352472 0.00170008
0 0.222152 0.101121 0.0230151 0.0619819 0.00166073
0 0.264771 0.742527 0.0288532 0.0187814 0.00164677
0 0.226186 0.115766 0.0303119 0.0599999 0.00164427
0 0.37832 0.672432 0.0198032 0.0367922 0.00160867
0 0.450753 0.430965 0.034726 0.114926 0.00159901
0 0.457005 0.563243 0.0222313 0.0270678 0.0015956
0 0.0224856 0.02006 0.018877 0.0317184 0.00158823
0 0.412479 0.127494 0.0168207 0.0141111 0.00156886
0 0.432925 0.957674 0.0923165 0.0846526 0.00156027
0 0.483293 0.368184 0.0572124 0.0665987 0.0015371
0 0.464249 0.695427 0.0151226 0.020961 0.00153669
0 0.457271 0.443263 0.021102 0.0687567 0.00148041
0 0.101191 0.74656 0.202382 0.233729 0.0014605
0 0.257157 0.61104 0.0370702 0.0386469 0.00145222
0 0.0529735 0.270179 0.0181726 0.0239052 0.0014492
0 0.463315 0.781276 0.0107933 0.0219073 0.00144108
0 0.498023 0.577964 0.074769 0.171453 0.00143609
0 0.466151 0.780319 0.00968628 0.0292294 0.00142485
0 0.982764 0.964777 0.0344715 0.0704455 0.00142051
0 0.461121 0.953139 0.0723572 0.093721 0.00141841
0 0.0981301 0.742196 0.13336 0.0489725 0.00141374
0 0.510913 0.36407 0.0971943 0.0861472 0.00140184
0 0.465575 0.350914 0.0375533 0.04334 0.00139902
0 0.237654 0.15219 0.0238287 0.0196623 0.00138869
0 0.33939 0.6562 0.0134485 0.0320285 0.00138387
0 0.50188 0.371539 0.0734287 0.0637794 0.00136932
0 0.444307 0.95664 0.0762849 0.0605049 0.0013654
0 0.353851 0.956835 0.0511482 0.0238188 0.00135727
0 0.394827 0.121213 0.0132312 0.0216022 0.00135416
0 0.08829 0.788789 0.145798 0.0974625 0.00135352
0 0.488885 0.377871 0.0786264 0.0809184 0.00135041
0 0.982905 0.97476 0.0336489 0.0479933 0.00134848
0 0.13208 0.798313 0.0842007 0.0556542 0.0013443
0 0.463769 0.792957 0.0132751 0.0200054 0.00132694
0 0.135141 0.263985 0.0475332 0.0408527 0.00131118
0 0.302967 0.807193 0.0259347 0.0293022 0.0013011
0 0.43435 0.968509 0.0485087 0.046105 0.00128857
0 0.9665 0.905967 0.0175028 0.0192081 0.00126598
0 0.458967 0.659959 0.0201479 0.038424 0.00126506
0 0.303255 0.718833 0.0194999 0.042205 0.00126198
0 0.463849 0.771195 0.0109107 0.021147 0.00125763
0 0.0563225 0.802395 0.101028 0.099309 0.00123846
0 0.438777 0.355238 0.0792352 0.0647825 0.0012294
0 0.456441 0.430462 0.0425609 0.171459 0.00122903
0 0.512265 0.531537 0.0867188 0.109629 0.00122665
0 0.426583 0.37079 0.0766315 0.0952979 0.00121919
0 0.991084 0.0718108 0.014327 0.0344333 0.00121338
0 0.212692 0.735605 0.00947161 0.0201563 0.00120877
0 0.485933 0.431272 0.092907 0.182991 0.00120312
0 0.519102 0.504535 0.0571116 0.0569568 0.00118048
0 0.444691 0.205558 0.0267859 0.0681104 0.00117828
0 0.135826 0.790982 0.0889773 0.0917518 0.00117477
0 0.404435 0.334024 0.084904 0.0250909 0.00116859
0 0.0157689 0.988007 0.025688 0.0239851 0.00115836
0 0.12551 0.755346 0.112572 0.085722 0.00112672
0 0.136034 0.723139 0.105411 0.0625876 0.00111461
0 0.545362 0.319709 0.154446 0.0242521 0.00111417
0 0.318626 0.439782 0.0213274 0.0354412 0.00109774
0 0.498071 0.461269 0.212643 0.236913 0.00109271
0 0.20905 0.663618 0.0183379 0.0219287 0.00109235
0 0.462124 0.591708 0.0188221 0.0382905 0.00108968
0 0.464297 0.489958 0.0218901 0.0373236 0.00108312
0 0.455613 0.168138 0.0498415 0.209691 0.00108026
0 0.97424 0.501374 0.0247263 0.0495775 0.00106824
0 0.46285 0.480679 0.0210431 0.0352113 0.00106674
0 0.962869 0.905144 0.0240501 0.0267714 0.00106354
0 0.487885 0.512292 0.0455702 0.0464585 0.00106154
0 0.975125 0.553152 0.0206467 0.0481251 0.00106143
0 0.482559 0.405608 0.0727018 0.143552 0.00105727
0 0.267426 0.74321 0.0326893 0.027692 0.00105653
0 0.46019 0.580451 0.0209231 0.0411286 0.00102862
0 0.467452 0.657883 0.0269085 0.0608599 0.00102432
0 0.456185 0.418666 0.0238566 0.116676 0.00101938
0 0.458499 0.642489 0.0233712 0.0525419 0.00101893
0 0.113227 0.745353 0.0651724 0.0288595 0.00101124
0 0.478761 0.164898 0.070983 0.22929 0.00100161
