0 0.794263 0.976659 0.149673 0.0466825 0.60302
0 0.780843 0.347802 0.0612255 0.0181564 0.522507
0 0.21542 0.630485 0.0571192 0.0794007 0.480137
0 0.246888 0.628299 0.131146 0.0733379 0.307286
0 0.791478 0.964815 0.186969 0.0703693 0.103085
0 0.370589 0.0925372 0.0215717 0.0168784 0.075549
0 0.840734 0.979243 0.0498066 0.0415137 0.0501392
0 0.772012 0.979311 0.122612 0.0403105 0.0400142
0 0.829971 0.977392 0.0946165 0.0452156 0.0396219
0 0.797549 0.979209 0.0933139 0.0415823 0.0376099
0 0.758793 0.979317 0.0663797 0.041366 0.0281368
0 0.246466 0.639648 0.19335 0.160472 0.0278629
0 0.784069 0.347248 0.0704987 0.0524681 0.0236309
0 0.790606 0.937701 0.205257 0.124599 0.0232511
0 0.780517 0.34179 0.065398 0.0276915 0.0205808
0 0.790226 0.949087 0.230834 0.101826 0.0198035
0 0.78035 0.348946 0.0698993 0.0305662 0.0196331
0 0.275637 0.627177 0.161046 0.0564314 0.0183517
0 0.236405 0.628432 0.0765376 0.0755196 0.0180383
0 0.20188 0.641371 0.181548 0.194358 0.0138294
0 0.369719 0.0959878 0.0259092 0.0224703 0.0124766
0 0.283102 0.620232 0.110655 0.0378272 0.0122674
0 0.290908 0.617858 0.0863876 0.0275417 0.0114703
0 0.85991 0.991204 0.0112404 0.0175922 0.00990161
0 0.78095 0.358773 0.0661156 0.0284091 0.00958497
0 0.847796 0.98816 0.0340916 0.0227219 0.00905173
0 0.85548 0.985534 0.0270929 0.0279354 0.00811616
0 0.831687 0.974656 0.0486015 0.0436867 0.00772694
0 0.230335 0.645193 0.0739627 0.097247 0.00715046
0 0.792388 0.346511 0.0675115 0.0231672 0.00674541
0 0.791952 0.952235 0.16275 0.0839161 0.00616767
0 0.857101 0.99046 0.0217625 0.0155622 0.00530901
0 0.213826 0.655497 0.053683 0.0927133 0.00465496
0 0.848145 0.974734 0.0830946 0.0484468 0.00455229
0 0.792571 0.973799 0.0583222 0.0524018 0.00448919
0 0.208721 0.619846 0.0583787 0.050839 0.00428769
0 0.793913 0.352462 0.0815416 0.0223139 0.00402614
0 0.258291 0.622323 0.0900588 0.0577899 0.00329392
0 0.781616 0.975992 0.0582366 0.045236 0.00326897
0 0.764118 0.346884 0.0647308 0.0192551 0.00323541
0 0.861099 0.985611 0.0103054 0.0287786 0.00322249
0 0.25913 0.615024 0.161531 0.064742 0.00313579
0 0.834889 0.921541 0.261053 0.154441 0.00311449
0 0.746511 0.981113 0.0505527 0.037774 0.00293521
0 0.787919 0.359785 0.0983026 0.0428915 0.00290714
0 0.827596 0.93182 0.339445 0.136361 0.00272273
0 0.768101 0.915009 0.234547 0.169983 0.00270733
0 0.756439 0.984209 0.0496978 0.0315814 0.00255596
0 0.775789 0.92683 0.189877 0.110327 0.00250569
0 0.789759 0.980318 0.138653 0.0393639 0.00238595
0 0.240225 0.65879 0.10841 0.125037 0.00238546
0 0.853701 0.976086 0.0385311 0.0424759 0.00228742
0 0.730011 0.991045 0.0244838 0.0179103 0.00225929
0 0.271574 0.604932 0.214997 0.165805 0.00220594
0 0.4923 0.0877686 0.0124477 0.0154171 0.00218476
0 0.851263 0.976186 0.0252373 0.0334213 0.00215704
0 0.816925 0.97467 0.0579807 0.0489681 0.00204615
0 0.224259 0.647186 0.0554764 0.07758 0.00204422
0 0.816765 0.978826 0.133798 0.0423472 0.00201011
0 0.734496 0.983068 0.0416197 0.0313377 0.00196026
0 0.429477 0.61461 0.013881 0.0462196 0.00189268
0 0.797277 0.345723 0.0438612 0.0158732 0.00186183
0 0.285149 0.616538 0.0561195 0.0317251 0.0018373
0 0.209099 0.613246 0.0430976 0.0522585 0.00181353
0 0.832833 0.982352 0.0706135 0.0352968 0.00176774
0 0.78388 0.353537 0.10388 0.0791477 0.00170159
0 0.784042 0.376567 0.0958055 0.0778436 0.00162598
0 0.720127 0.970823 0.27572 0.0573046 0.0016243
0 0.193182 0.637091 0.0814053 0.0891621 0.00153676
0 0.763809 0.344744 0.0380786 0.0171025 0.0015299
0 0.370384 0.107661 0.0405815 0.077916 0.00149826
0 0.204176 0.629596 0.043883 0.0631998 0.00148309
0 0.276464 0.646511 0.188562 0.104105 0.00143052
0 0.780862 0.332648 0.0673222 0.0356174 0.00141143
0 0.763749 0.347155 0.0289815 0.0134753 0.00139383
0 0.745887 0.987224 0.0421566 0.0255517 0.00134072
0 0.729454 0.980187 0.140602 0.0396261 0.0013134
0 0.255974 0.673777 0.147846 0.166566 0.00128218
0 0.762368 0.350563 0.028522 0.0131848 0.00125671
0 0.797379 0.350496 0.0492706 0.0191112 0.00124219
0 0.726448 0.978601 0.0678097 0.0324604 0.00112586
0 0.374141 0.104244 0.054061 0.031451 0.0010859
0 0.580707 0.970031 0.0635363 0.0460758 0.00106969
0 0.495811 0.0850365 0.0180303 0.0153472 0.0010525
0 0.0304803 0.914779 0.0439074 0.0943317 0.0010476
0 0.643217 0.867529 0.519703 0.264943 0.00103398
0 0.3028 0.613366 0.075991 0.0230079 0.00101656
