0 0.744262 0.808685 0.0568934 0.194951 0.542414
0 0.307144 0.196837 0.0902302 0.188158 0.51939
0 0.339267 0.261172 0.0294572 0.0725038 0.42772
0 0.344297 0.257586 0.0197189 0.0643634 0.30876
0 0.748055 0.833568 0.0416136 0.139789 0.111462
0 0.303153 0.199528 0.155133 0.222921 0.0857177
0 0.169163 0.35572 0.162184 0.080788 0.0810413
0 0.731275 0.793421 0.0712835 0.177487 0.0631838
0 0.326723 0.246963 0.0542289 0.116441 0.0605634
0 0.746856 0.805741 0.163554 0.260324 0.0477972
0 0.334397 0.263374 0.0477112 0.0838653 0.0403917
0 0.757055 0.845178 0.0295774 0.136322 0.035039
0 0.346423 0.247001 0.0117938 0.0462168 0.0333953
0 0.320387 0.215806 0.0604996 0.150624 0.0284368
0 0.696749 0.810871 0.0134887 0.032019 0.0261246
0 0.34884 0.503934 0.0621247 0.0605657 0.0255304
0 0.297209 0.172228 0.08497 0.132201 0.0253296
0 0.694987 0.807635 0.0121654 0.023666 0.0201317
0 0.738583 0.833534 0.0482079 0.120984 0.0173374
0 0.739871 0.776682 0.0502663 0.144061 0.0157285
0 0.316847 0.182251 0.0666032 0.149195 0.0155138
0 0.277905 0.131183 0.0211038 0.0335529 0.0146809
0 0.343868 0.239245 0.0172668 0.0749363 0.0141629
0 0.354002 0.50673 0.0477315 0.0448876 0.0135065
0 0.314527 0.432324 0.022795 0.023622 0.0131077
0 0.282964 0.659642 0.0816767 0.0550399 0.012728
0 0.282157 0.134459 0.0336218 0.0428918 0.0126865
0 0.445373 0.632295 0.0553079 0.0492986 0.0110486
0 0.325348 0.244313 0.03874 0.0797584 0.0101893
0 0.756552 0.85787 0.0308897 0.072415 0.00989579
0 0.346616 0.250533 0.0271111 0.0884561 0.00964984
0 0.272664 0.797387 0.0167291 0.0182293 0.00919388
0 0.337634 0.268445 0.0647729 0.112008 0.00916682
0 0.155811 0.35519 0.213983 0.149634 0.00886793
0 0.299304 0.144074 0.0613795 0.0578673 0.0084081
0 0.743219 0.732713 0.0164114 0.0497273 0.00827784
0 0.697298 0.806299 0.00981646 0.0243843 0.00805314
0 0.342809 0.271529 0.0283465 0.0652576 0.00729485
0 0.179371 0.340223 0.150796 0.0607795 0.00703431
0 0.335237 0.271781 0.0344216 0.060862 0.00658114
0 0.3274 0.263904 0.0403316 0.0646472 0.00653996
0 0.811754 0.440492 0.0144892 0.00963736 0.00633907
0 0.698074 0.806159 0.0173429 0.0292028 0.00628639
0 0.338967 0.495941 0.0679082 0.0698405 0.00614171
0 0.743134 0.826616 0.0491794 0.0695408 0.00568101
0 0.372544 0.80171 0.0168723 0.0292206 0.00547436
0 0.269683 0.666913 0.0756984 0.0503832 0.00547389
0 0.325879 0.210003 0.0445545 0.122133 0.00536427
0 0.286819 0.139845 0.0411204 0.0630162 0.00533695
0 0.344192 0.239567 0.0126091 0.0532958 0.005023
0 0.338391 0.235862 0.182492 0.255665 0.0048953
0 0.750187 0.783736 0.045588 0.154572 0.00487566
0 0.292794 0.757838 0.0285762 0.0179229 0.00475807
0 0.365316 0.323062 0.0138399 0.0175334 0.0047418
0 0.754538 0.872598 0.0274454 0.0669531 0.00473757
0 0.874032 0.00572331 0.0206442 0.0114466 0.0046413
0 0.284092 0.170966 0.0561394 0.0990562 0.00440816
0 0.444534 0.00432742 0.0170033 0.00865485 0.00438152
0 0.810473 0.441462 0.0124519 0.0164035 0.00409618
0 0.747974 0.859526 0.0468715 0.100219 0.00409316
0 0.367564 0.323362 0.0176561 0.0255776 0.00408497
0 0.744518 0.739889 0.0231132 0.0423785 0.00406179
0 0.338228 0.503737 0.0848338 0.131061 0.00384114
0 0.700291 0.81542 0.0185383 0.0493998 0.00373647
0 0.717311 0.835075 0.154854 0.216678 0.00366284
0 0.324045 0.182503 0.0403687 0.112989 0.00357957
0 0.303452 0.160307 0.0504941 0.0979287 0.00356944
0 0.363728 0.317955 0.0179505 0.0244555 0.00335616
0 0.737501 0.816606 0.0451922 0.0612074 0.00327819
0 0.762458 0.836913 0.0191638 0.119386 0.00327463
0 0.278085 0.183463 0.134858 0.145024 0.00327164
0 0.292149 0.134371 0.0350572 0.0399108 0.00325061
0 0.324684 0.244278 0.0343613 0.0503115 0.0031954
0 0.760372 0.856402 0.0197409 0.0937542 0.00310614
0 0.690397 0.806983 0.0176582 0.0247189 0.00305406
0 0.335832 0.502595 0.0481431 0.0453564 0.00301939
0 0.180347 0.344945 0.0947982 0.0642284 0.00299733
0 0.811474 0.436815 0.0101332 0.0108374 0.0029559
0 0.343711 0.503332 0.116145 0.162779 0.00295205
0 0.698468 0.799471 0.0344026 0.0571554 0.00286995
0 0.813473 0.439478 0.0159559 0.0149079 0.00280649
0 0.350609 0.276353 0.0254908 0.0592976 0.00278529
0 0.302774 0.147451 0.0389186 0.0695754 0.00274558
0 0.757912 0.833394 0.0692604 0.191982 0.00270879
0 0.298465 0.208274 0.0824623 0.126866 0.00235481
0 0.41283 0.961874 0.0653136 0.0417633 0.00234219
0 0.329193 0.493741 0.0399014 0.0648047 0.00222944
0 0.695713 0.808798 0.0276587 0.0425825 0.00215743
0 0.13284 0.00720959 0.0209074 0.0144192 0.00215307
0 0.338023 0.222795 0.0290337 0.120375 0.00213542
0 0.344218 0.484537 0.164127 0.288893 0.00211837
0 0.750638 0.817909 0.0501028 0.0705124 0.00204521
0 0.404696 0.353043 0.0201694 0.0560862 0.00197172
0 0.134435 0.364016 0.130464 0.0698214 0.00190971
0 0.7283 0.830987 0.0529428 0.0967684 0.0018677
0 0.89892 0.961031 0.102874 0.0610479 0.00186488
0 0.461733 0.927436 0.166136 0.121993 0.00183461
0 0.322522 0.271857 0.0728981 0.135467 0.00182979
0 0.39326 0.344489 0.0365755 0.0657937 0.00181509
0 0.275334 0.124175 0.0201781 0.0291567 0.00181294
0 0.689257 0.813959 0.023028 0.031518 0.00180484
0 0.275189 0.667883 0.0998051 0.0982032 0.00179556
0 0.326513 0.495327 0.0300653 0.0443561 0.00177203
0 0.167818 0.376848 0.177312 0.0905651 0.00176171
0 0.330855 0.171846 0.19666 0.230134 0.00175448
0 0.447922 0.005669 0.0201371 0.011338 0.00173101
0 0.683246 0.393921 0.0215127 0.0239979 0.00171748
0 0.609414 0.690963 0.0211502 0.0320455 0.00171554
0 0.686091 0.38162 0.0228627 0.0154721 0.00171408
0 0.275313 0.800051 0.0196085 0.0150967 0.00167398
0 0.813678 0.435696 0.0107964 0.0162894 0.00166103
0 0.348142 0.236167 0.0171386 0.0705818 0.00161819
0 0.69807 0.797513 0.0514056 0.0670525 0.00160338
0 0.810571 0.436979 0.0104603 0.0176938 0.00158668
0 0.372591 0.806978 0.0205223 0.0263668 0.00158557
0 0.304781 0.660721 0.0621029 0.0632024 0.001566
0 0.615869 0.689258 0.0188601 0.0392653 0.00152545
0 0.310932 0.23115 0.0505116 0.0979247 0.00150783
0 0.363533 0.326321 0.0197233 0.0289157 0.0014847
0 0.13246 0.015074 0.0205117 0.0285344 0.00147565
0 0.436781 0.00517043 0.0269796 0.0103409 0.00145584
0 0.301938 0.136574 0.0293497 0.0380653 0.00145151
0 0.812555 0.434199 0.0157812 0.0168296 0.00143799
0 0.38451 0.354474 0.0253253 0.0431707 0.00143557
0 0.3126 0.242374 0.0410271 0.0588888 0.0014132
0 0.187196 0.807229 0.0274309 0.0256205 0.00139397
0 0.612234 0.871158 0.0400704 0.0481018 0.00138403
0 0.762615 0.832413 0.0220734 0.0658478 0.00137538
0 0.346006 0.216602 0.0616128 0.155863 0.00137291
0 0.229514 0.369564 0.25551 0.104487 0.00136005
0 0.697696 0.826319 0.034071 0.0433353 0.00135702
0 0.746826 0.732771 0.0213523 0.0403866 0.0013301
0 0.610865 0.684006 0.0219827 0.0367864 0.00133007
0 0.443473 0.627689 0.0711837 0.0650432 0.00129713
0 0.298581 0.467392 0.019703 0.0333708 0.00128624
0 0.747011 0.743442 0.0302956 0.0684349 0.00126239
0 0.483905 0.514342 0.0159329 0.0218843 0.00125677
0 0.339234 0.499839 0.34766 0.372617 0.00123107
0 0.749947 0.86368 0.0649538 0.134802 0.00122874
0 0.396269 0.355736 0.0187549 0.051597 0.00122644
0 0.680521 0.3913 0.0314019 0.0359178 0.00122032
0 0.705028 0.773443 0.176958 0.250067 0.001213
0 0.297929 0.45812 0.0260622 0.0239324 0.0012049
0 0.696637 0.824479 0.0194983 0.0427511 0.00118558
0 0.328193 0.172989 0.0326673 0.0715322 0.00118102
0 0.320431 0.213124 0.051034 0.0684849 0.00117858
0 0.138462 0.00523443 0.0241505 0.0104689 0.0011375
0 0.131983 0.75983 0.0158834 0.0211449 0.00113079
0 0.514903 0.00466193 0.0128933 0.00927705 0.00112125
0 0.747993 0.757866 0.0313656 0.107581 0.00111518
0 0.385183 0.36328 0.0215405 0.0351553 0.00111051
0 0.36912 0.329033 0.0265039 0.0344886 0.00109904
0 0.314183 0.25603 0.0554903 0.0684752 0.0010849
0 0.240847 0.393076 0.348642 0.219663 0.00107077
0 0.186526 0.377087 0.266154 0.166539 0.00106564
0 0.274555 0.180594 0.0570277 0.0831027 0.00104668
0 0.276047 0.162945 0.111779 0.0922608 0.00104423
0 0.326497 0.67838 0.0152723 0.0351389 0.00103927
0 0.744346 0.725985 0.0128178 0.0368205 0.00103881
0 0.332952 0.233249 0.03849 0.0624067 0.00103813
0 0.981693 0.974408 0.036614 0.0511846 0.00103425
0 0.211679 0.992527 0.0128763 0.0117628 0.00103269
0 0.341807 0.463619 0.539027 0.477937 0.00103022
0 0.992167 0.672327 0.00363274 0.0210979 0.00100366
