0 0.507763 0.514018 0.151933 0.0423381 0.810677
0 0.421839 0.70827 0.0999531 0.122398 0.281673
0 0.35402 0.319756 0.0168092 0.0138987 0.261662
0 0.508089 0.523263 0.160284 0.0840698 0.183591
0 0.294498 0.481532 0.0459329 0.0387728 0.0971619
0 0.428797 0.720432 0.0829439 0.0845338 0.0840485
0 0.507987 0.513478 0.0950487 0.0399735 0.0731861
0 0.141489 0.542461 0.150751 0.123481 0.0599841
0 0.5935 0.875921 0.0268998 0.0441177 0.0586896
0 0.446127 0.662722 0.0271298 0.0380543 0.0379489
0 0.500898 0.505579 0.190479 0.182277 0.0340711
0 0.510952 0.810185 0.041589 0.0376741 0.0307757
0 0.404666 0.700206 0.162322 0.159687 0.028493
0 0.509742 0.545558 0.13517 0.103573 0.0283728
0 0.12792 0.245607 0.0402877 0.0394197 0.0250812
0 0.190083 0.878802 0.0731503 0.139311 0.0210805
0 0.525144 0.506679 0.16252 0.0448495 0.0207385
0 0.353126 0.317271 0.0206166 0.0160424 0.0166725
0 0.0104289 0.0101695 0.0208578 0.0187485 0.0129822
0 0.392973 0.323206 0.0155698 0.0132176 0.0124723
0 0.511584 0.813135 0.0506346 0.0525906 0.012201
0 0.353326 0.322626 0.0231374 0.0201436 0.0121226
0 0.48981 0.5241 0.128832 0.0622464 0.0117852
0 0.465729 0.510174 0.0742599 0.0349412 0.0117349
0 0.0305566 0.110052 0.055153 0.0612408 0.011256
0 0.444279 0.505804 0.0317686 0.0255761 0.0105398
0 0.217473 0.559342 0.0614632 0.0572489 0.00989868
0 0.120933 0.552404 0.0815685 0.0957741 0.00952591
0 0.562916 0.704183 0.0130311 0.0212866 0.00893169
0 0.0558488 0.414852 0.0209259 0.0338331 0.00778203
0 0.518875 0.541555 0.209737 0.178299 0.00766995
0 0.174693 0.889838 0.0896133 0.164943 0.0070332
0 0.178138 0.321191 0.0262838 0.0169533 0.00654743
0 0.0128317 0.0128291 0.0256633 0.0253471 0.00631867
0 0.107889 0.562802 0.0643806 0.0703809 0.00601927
0 0.51747 0.649202 0.0347854 0.0166456 0.00564153
0 0.494953 0.506506 0.0884184 0.0404701 0.00543361
0 0.321908 0.63771 0.016559 0.0241724 0.00535656
0 0.504871 0.504748 0.0582594 0.0505468 0.00528307
0 0.207044 0.839749 0.0251979 0.0414158 0.00519175
0 0.485996 0.515782 0.0917463 0.0440766 0.00518792
0 0.453081 0.508785 0.0451135 0.0316384 0.0050947
0 0.984894 0.950743 0.0198326 0.0127197 0.00508614
0 0.357854 0.321416 0.0224077 0.0149487 0.00498061
0 0.437824 0.732368 0.20346 0.183617 0.00463211
0 0.348532 0.320777 0.0266714 0.0206133 0.0044155
0 0.985291 0.952079 0.0191864 0.0234442 0.00441317
0 0.128132 0.247211 0.0527495 0.051926 0.00424639
0 0.116544 0.56902 0.0422144 0.0587414 0.00421379
0 0.439646 0.655444 0.031345 0.0366992 0.00393257
0 0.208329 0.840044 0.0416269 0.0418777 0.00390817
0 0.136553 0.734771 0.0297486 0.0354908 0.00389716
0 0.989032 0.951631 0.0178677 0.0165871 0.00385852
0 0.140607 0.544307 0.0913677 0.111266 0.00377237
0 0.377757 0.203671 0.0135155 0.0159897 0.00372723
0 0.358402 0.71781 0.19122 0.124802 0.00363004
0 0.514936 0.522622 0.0945473 0.0511739 0.00350903
0 0.468034 0.520248 0.080894 0.0460451 0.00342342
0 0.389429 0.325252 0.021674 0.0127656 0.00315481
0 0.430169 0.685022 0.134701 0.151557 0.00298233
0 0.135114 0.245267 0.0494469 0.031088 0.00295076
0 0.0596736 0.418317 0.033551 0.033063 0.00281753
0 0.0824848 0.436261 0.0632226 0.0593031 0.0028113
0 0.457879 0.516137 0.0513557 0.0444241 0.00279721
0 0.0661529 0.421582 0.0472843 0.0415977 0.00274348
0 0.496925 0.503369 0.144316 0.0350399 0.00273226
0 0.98963 0.947439 0.0111042 0.0128998 0.00272055
0 0.507946 0.537914 0.0931883 0.0721932 0.00266959
0 0.162286 0.896358 0.184961 0.174749 0.00258249
0 0.442473 0.650631 0.0230018 0.0261825 0.00256788
0 0.444816 0.500391 0.0317919 0.0178197 0.00254803
0 0.561627 0.706062 0.0187924 0.0200699 0.00254785
0 0.434141 0.739942 0.0700592 0.0565247 0.0024867
0 0.348468 0.315635 0.0299065 0.0252029 0.00248167
0 0.446786 0.66559 0.0329278 0.0609664 0.00240224
0 0.187116 0.551244 0.177707 0.101839 0.00237072
0 0.825857 0.020832 0.019989 0.0230423 0.00220185
0 0.0336582 0.114867 0.0673164 0.0906942 0.00209327
0 0.262752 0.307963 0.0300449 0.0296145 0.00205357
0 0.825703 0.0245277 0.0149395 0.0231998 0.0020482
0 0.156942 0.248274 0.0118671 0.0150409 0.00203245
0 0.513822 0.503774 0.0905147 0.0308173 0.0019615
0 0.133526 0.741479 0.0317545 0.0357401 0.00191573
0 0.323964 0.639928 0.0254675 0.0226441 0.00189285
0 0.289515 0.475348 0.0353055 0.036911 0.00188628
0 0.174504 0.530461 0.227231 0.130285 0.0018679
0 0.0210274 0.0994254 0.04003 0.0609383 0.00180412
0 0.453776 0.50064 0.0399705 0.0174562 0.00174798
0 0.422533 0.677725 0.0895793 0.126701 0.00171105
0 0.500259 0.492535 0.16435 0.055892 0.00169956
0 0.0914625 0.328849 0.0229153 0.0311385 0.00168817
0 0.300165 0.730321 0.0785032 0.101383 0.00168755
0 0.191272 0.890896 0.208368 0.218209 0.00168074
0 0.421635 0.714784 0.0587581 0.065853 0.00168026
0 0.431306 0.723898 0.0593894 0.0707067 0.00163913
0 0.821786 0.0199594 0.0207197 0.0262852 0.00160209
0 0.136134 0.734587 0.0307183 0.0205223 0.00159707
0 0.364675 0.678176 0.226155 0.185132 0.00155929
0 0.142346 0.893445 0.0928284 0.176288 0.0015502
0 0.535176 0.689503 0.0194636 0.046174 0.00153418
0 0.510816 0.821818 0.0796649 0.106011 0.00152112
0 0.987208 0.947299 0.0161253 0.0177509 0.00151834
0 0.984593 0.968473 0.0181211 0.0403246 0.00149344
0 0.524726 0.653543 0.0580507 0.0242113 0.0014845
0 0.293257 0.47578 0.0964309 0.156148 0.00144922
0 0.401771 0.72124 0.133502 0.0891883 0.00144895
0 0.445068 0.51469 0.0354612 0.0417721 0.0014178
0 0.101735 0.543408 0.0664511 0.0985024 0.00140099
0 0.155336 0.24775 0.0189251 0.0193022 0.00139058
0 0.499378 0.969774 0.013827 0.0156031 0.00135647
0 0.0661828 0.425889 0.05756 0.0649302 0.00134604
0 0.985693 0.945439 0.0124228 0.0126945 0.00132288
0 0.0310795 0.0996637 0.062159 0.0757859 0.00131663
0 0.527574 0.571819 0.143121 0.148379 0.00130858
0 0.377596 0.203148 0.0221153 0.0182337 0.00129802
0 0.984937 0.962937 0.030127 0.0469719 0.00127527
0 0.287745 0.5022 0.0901806 0.099546 0.00126716
0 0.119096 0.526796 0.106637 0.11738 0.00125349
0 0.284631 0.47828 0.0518245 0.0423889 0.00124977
0 0.0060477 0.337543 0.0096235 0.0328427 0.00121152
0 0.149095 0.568202 0.225591 0.153302 0.00120389
0 0.514483 0.646601 0.0297475 0.0134715 0.00119758
0 0.43848 0.670632 0.265376 0.220252 0.00119588
0 0.436656 0.648775 0.0317465 0.027612 0.00119352
0 0.99104 0.945967 0.0179195 0.0195059 0.0011885
0 0.0762353 0.427332 0.0544856 0.046765 0.00115036
0 0.637708 0.230626 0.0154588 0.0198919 0.00114478
0 0.818173 0.0245394 0.033437 0.0442899 0.00114098
0 0.439648 0.655792 0.0408635 0.052782 0.00108401
0 0.543161 0.502137 0.136909 0.0296006 0.00106841
0 0.532594 0.683403 0.0266473 0.0382618 0.00105144
0 0.388263 0.241947 0.0133473 0.0121777 0.00104738
0 0.551484 0.512667 0.123963 0.0333076 0.00103303
0 0.352243 0.32038 0.0359684 0.0629926 0.0010315
0 0.26003 0.29403 0.026672 0.0289163 0.0010289
0 0.111134 0.521275 0.207993 0.181789 0.00102577
0 0.988788 0.965982 0.0137228 0.0412785 0.00101978
0 0.984072 0.946333 0.0171915 0.0247131 0.00101818
0 0.0339246 0.127489 0.0429066 0.0376825 0.00100804
0 0.0885498 0.443167 0.0486872 0.0454431 0.0010075
