0 0.566134 0.0610391 0.0760965 0.104094 0.76698
0 0.207722 0.776755 0.152286 0.110489 0.550232
0 0.832824 0.856057 0.0960983 0.194537 0.420773
0 0.185391 0.788905 0.189367 0.154357 0.177389
0 0.262335 0.190967 0.0747732 0.0666803 0.079874
0 0.210766 0.773196 0.089662 0.0952593 0.0766632
0 0.845467 0.854779 0.174202 0.22624 0.070902
0 0.828566 0.879921 0.0744005 0.148067 0.0597153
0 0.565041 0.0588372 0.058825 0.0691039 0.0507666
0 0.55153 0.0706787 0.160101 0.141357 0.0452081
0 0.301031 0.00516425 0.0156332 0.0103285 0.0433351
0 0.150742 0.201355 0.123068 0.118947 0.0378797
0 0.169367 0.772532 0.266587 0.180328 0.0233718
0 0.819419 0.894211 0.0528328 0.116617 0.0214095
0 0.185842 0.771634 0.102763 0.0933553 0.0198178
0 0.169102 0.788448 0.111169 0.133443 0.012559
0 0.205571 0.823236 0.190408 0.188658 0.0109386
0 0.807273 0.916781 0.0250149 0.0585476 0.010904
0 0.811539 0.903589 0.0361073 0.0854364 0.0103103
0 0.146706 0.799535 0.177567 0.162691 0.00973967
0 0.185676 0.770338 0.0560262 0.0907666 0.0080402
0 0.816463 0.874829 0.157479 0.213835 0.00685718
0 0.146243 0.205188 0.232059 0.170918 0.0068011
0 0.146109 0.796294 0.0629995 0.157847 0.0063279
0 0.40562 0.836144 0.00935965 0.014913 0.00592124
0 0.250615 0.51344 0.0149051 0.0311073 0.00529221
0 0.846363 0.879256 0.0888638 0.1655 0.00491587
0 0.226419 0.797685 0.165579 0.153469 0.00481397
0 0.811607 0.821238 0.185623 0.275012 0.00465214
0 0.805897 0.894296 0.0352705 0.0688055 0.00425293
0 0.196553 0.788016 0.100293 0.0937532 0.00418067
0 0.803191 0.91415 0.0186676 0.044923 0.00410162
0 0.376533 0.338193 0.0132561 0.0578803 0.0038941
0 0.353459 0.114323 0.412521 0.19505 0.00380528
0 0.115095 0.762171 0.21194 0.159104 0.00366762
0 0.215578 0.0069227 0.0237512 0.0129743 0.00366214
0 0.251427 0.516113 0.0220205 0.0426658 0.00359582
0 0.568344 0.085609 0.063926 0.0660208 0.00356587
0 0.248654 0.50793 0.0154448 0.021514 0.00351232
0 0.253855 0.770985 0.0947516 0.0813057 0.00331063
0 0.243217 0.196471 0.259519 0.19572 0.00320272
0 0.553984 0.0483321 0.0626647 0.0906001 0.00283911
0 0.110456 0.498972 0.0605225 0.132172 0.00277023
0 0.204269 0.76414 0.0583656 0.0695325 0.00276593
0 0.251951 0.777281 0.153526 0.0918896 0.00270884
0 0.211819 0.757833 0.118376 0.0911251 0.00256066
0 0.551876 0.0547645 0.0496174 0.0655172 0.00243062
0 0.140998 0.773563 0.0843293 0.119315 0.00239785
0 0.407139 0.836587 0.0143847 0.0228745 0.00231136
0 0.853808 0.871638 0.0527668 0.163908 0.00225371
0 0.0540572 0.741582 0.0778856 0.117857 0.00209306
0 0.539311 0.0563131 0.0932798 0.106513 0.00208242
0 0.807081 0.892101 0.0494133 0.106944 0.00195258
0 0.592371 0.0863241 0.184107 0.172648 0.00170478
0 0.186177 0.850088 0.201111 0.275144 0.00162411
0 0.181809 0.767481 0.0455101 0.0666866 0.00157515
0 0.816219 0.892601 0.0505093 0.0656841 0.00156834
0 0.758117 0.00319489 0.0156207 0.00638979 0.00156808
0 0.589976 0.972792 0.0473521 0.0491945 0.00156763
0 0.208636 0.341164 0.0524341 0.0490506 0.00156584
0 0.828108 0.799452 0.118743 0.359245 0.00148464
0 0.857643 0.895375 0.0382906 0.137005 0.00147939
0 0.506044 0.0055283 0.0250319 0.0105366 0.00147237
0 0.183225 0.425261 0.0238161 0.0700385 0.00146563
0 0.824938 0.849343 0.0954088 0.133791 0.00146188
0 0.805084 0.860583 0.104123 0.175915 0.00144525
0 0.630412 0.669866 0.0105879 0.0162854 0.00141187
0 0.195144 0.786821 0.0508732 0.0885482 0.00140496
0 0.97893 0.191665 0.0174358 0.0264144 0.00137789
0 0.268306 0.784752 0.22947 0.123704 0.00135881
0 0.847123 0.825313 0.126803 0.219336 0.0013134
0 0.514627 0.00539707 0.0224607 0.0107941 0.00128499
0 0.174498 0.777935 0.058803 0.0927456 0.00127848
0 0.575528 0.0889558 0.0514854 0.0435743 0.00126282
0 0.813373 0.872729 0.0512926 0.131918 0.00123674
0 0.253907 0.77602 0.0564878 0.0865849 0.00122463
0 0.375806 0.341079 0.0346821 0.0464695 0.00121483
0 0.298716 0.00552059 0.0214209 0.0110412 0.00120938
0 0.143772 0.773126 0.0537825 0.108964 0.00119029
0 0.577906 0.973972 0.0234808 0.0405746 0.00117902
0 0.0712549 0.444258 0.036193 0.0396043 0.00116857
0 0.260307 0.207383 0.0883029 0.0849599 0.00112576
0 0.171181 0.229933 0.160135 0.154662 0.00110935
0 0.587577 0.0625379 0.0874677 0.095811 0.00109116
0 0.203565 0.332845 0.0675105 0.0624136 0.0010734
0 0.53415 0.0204673 0.0155591 0.0234161 0.00106672
0 0.878633 0.815523 0.236718 0.326542 0.00106039
0 0.562632 0.0741443 0.0548433 0.0590032 0.00102468
0 0.762124 0.00378416 0.016098 0.00756832 0.00101809
