0 0.179729 0.981647 0.0277907 0.0318411 0.786808
0 0.145206 0.764978 0.0136513 0.028242 0.287978
0 0.698211 0.536176 0.100481 0.0561019 0.23984
0 0.279789 0.405705 0.0498134 0.0485322 0.15342
0 0.182436 0.979326 0.03167 0.0413484 0.134805
0 0.561577 0.139424 0.127789 0.0826825 0.132508
0 0.405428 0.647725 0.0315882 0.0428138 0.08426
0 0.310746 0.186716 0.405217 0.283537 0.0776774
0 0.0617842 0.737896 0.120045 0.0747982 0.073884
0 0.458468 0.411202 0.90404 0.370494 0.0528568
0 0.144755 0.766578 0.0233554 0.0324087 0.0456789
0 0.0818668 0.330818 0.0672974 0.0638014 0.0440632
0 0.277952 0.280958 0.0278418 0.0619448 0.040348
0 0.812637 0.54847 0.0464338 0.0310912 0.035698
0 0.280256 0.872372 0.0278132 0.0370708 0.0345014
0 0.566083 0.140751 0.18993 0.111099 0.0344888
0 0.417388 0.382564 0.0294637 0.0245011 0.0336358
0 0.187075 0.983486 0.0350164 0.0330272 0.0260867
0 0.701041 0.531222 0.148355 0.104334 0.0260429
0 0.0934223 0.306204 0.0436163 0.023841 0.0215932
0 0.779426 0.407864 0.0280433 0.0360812 0.021498
0 0.970703 0.100887 0.0299808 0.0163486 0.0214315
0 0.5086 0.413369 0.528508 0.369428 0.0184876
0 0.492964 0.271196 0.0130805 0.021189 0.0182349
0 0.670371 0.160307 0.659258 0.320613 0.0176602
0 0.101459 0.305237 0.0281222 0.023866 0.0173145
0 0.0443776 0.900554 0.0301179 0.0274338 0.0173102
0 0.281585 0.410751 0.0552501 0.0758545 0.0169154
0 0.484409 0.885456 0.0317673 0.0572126 0.0161711
0 0.178743 0.431852 0.216815 0.223682 0.0137856
0 0.17932 0.16041 0.045781 0.0519623 0.013407
0 0.571244 0.136569 0.089916 0.064955 0.0122333
0 0.179609 0.98666 0.0277404 0.0266801 0.011822
0 0.483267 0.182927 0.01464 0.0145349 0.0117272
0 0.187182 0.978391 0.0290694 0.0306629 0.0113876
0 0.725842 0.30808 0.0187983 0.0404143 0.0111436
0 0.176463 0.982121 0.0464327 0.0357583 0.0106529
0 0.166771 0.653503 0.0123805 0.019939 0.00951284
0 0.384876 0.627751 0.0196904 0.0325989 0.00931264
0 0.886796 0.377672 0.185713 0.0819977 0.00914097
0 0.399953 0.640741 0.0309679 0.0416801 0.00910688
0 0.285093 0.406597 0.117377 0.0585917 0.00869873
0 0.575507 0.145874 0.483142 0.209035 0.00861749
0 0.269955 0.591866 0.111882 0.0545148 0.00852468
0 0.742812 0.129536 0.514375 0.259072 0.00807026
0 0.465237 0.163573 0.930474 0.327146 0.00798337
0 0.696474 0.509472 0.327421 0.224918 0.00759376
0 0.724643 0.539172 0.105619 0.0622206 0.00744087
0 0.278693 0.40805 0.147816 0.110577 0.00735324
0 0.192459 0.43036 0.303255 0.277019 0.00711958
0 0.0864289 0.340264 0.0945392 0.0908816 0.0069337
0 0.41666 0.379168 0.0400547 0.0248118 0.00677182
0 0.683202 0.529853 0.0780687 0.0544313 0.00672423
0 0.702613 0.536866 0.0595844 0.0582586 0.00666553
0 0.493361 0.686872 0.136827 0.0898222 0.00651101
0 0.726876 0.543058 0.0556374 0.0584891 0.00647522
0 0.656052 0.206887 0.0205575 0.0219707 0.006359
0 0.922727 0.614095 0.0474298 0.0427323 0.00635115
0 0.265475 0.416407 0.235001 0.222669 0.00634485
0 0.147066 0.766971 0.0288691 0.0490735 0.00629077
0 0.725852 0.309006 0.0299302 0.044048 0.00620991
0 0.684695 0.715076 0.63061 0.391589 0.0057599
0 0.689799 0.54793 0.220792 0.128059 0.00556224
0 0.531711 0.494943 0.936578 0.421394 0.00543752
0 0.335107 0.454915 0.0233752 0.0439322 0.00543617
0 0.332728 0.446647 0.0273519 0.0269386 0.00538568
0 0.727135 0.543189 0.0399296 0.0469183 0.00525416
0 0.0791494 0.745222 0.158299 0.165752 0.00523257
0 0.694622 0.19957 0.0354189 0.0377584 0.00518123
0 0.409056 0.537226 0.469119 0.151158 0.00509523
0 0.441983 0.511654 0.16206 0.0717798 0.0050798
0 0.198065 0.980791 0.0394752 0.0350235 0.00507692
0 0.530967 0.152075 0.0852488 0.0651357 0.00489838
0 0.0539782 0.736146 0.091478 0.0562261 0.00489702
0 0.385292 0.631676 0.0265791 0.0357769 0.00474527
0 0.187192 0.647855 0.0193229 0.03052 0.00470384
0 0.704638 0.199427 0.0635424 0.044335 0.00467487
0 0.157469 0.389599 0.160939 0.168883 0.00464933
0 0.0824455 0.309402 0.0674957 0.0254757 0.00444465
0 0.541453 0.149087 0.114851 0.0845167 0.00443154
0 0.887451 0.502508 0.211776 0.201361 0.00437449
0 0.29241 0.410434 0.293737 0.106283 0.00435809
0 0.0806799 0.729743 0.16136 0.0797481 0.00434507
0 0.274835 0.289501 0.0263677 0.0461265 0.00432512
0 0.0408532 0.977752 0.00743 0.0116261 0.00430468
0 0.269603 0.496099 0.0226136 0.033641 0.00421367
0 0.745974 0.248179 0.0380506 0.0585998 0.00404033
0 0.154771 0.272066 0.0751523 0.081132 0.00387276
0 0.395211 0.49752 0.0536879 0.043235 0.00375848
0 0.254244 0.408162 0.394912 0.353076 0.00373812
0 0.293548 0.359523 0.548701 0.475288 0.00373078
0 0.634944 0.245646 0.0201672 0.0204062 0.00364442
0 0.279644 0.871616 0.0376552 0.0480877 0.00353716
0 0.441354 0.537454 0.852982 0.204178 0.00349395
0 0.119502 0.401588 0.0471512 0.0410762 0.00336449
0 0.657139 0.284861 0.0572506 0.0161794 0.00334646
0 0.403875 0.534607 0.244679 0.126479 0.00330572
0 0.0804251 0.319931 0.0569016 0.0423638 0.00325697
0 0.553966 0.364549 0.892068 0.506922 0.00318931
0 0.491645 0.272399 0.0206341 0.0185334 0.00310244
0 0.180086 0.984119 0.0382395 0.0317627 0.00301462
0 0.385107 0.634833 0.0165603 0.0321374 0.00300693
0 0.313824 0.65785 0.0159091 0.0253191 0.00300616
0 0.731298 0.523018 0.172728 0.0902081 0.0029526
0 0.320203 0.442291 0.0231995 0.0165726 0.00292775
0 0.968622 0.344015 0.0558437 0.0348519 0.00284106
0 0.503748 0.681413 0.235536 0.0889847 0.00282008
0 0.514857 0.156957 0.726809 0.2437 0.00281324
0 0.0406297 0.977904 0.0126025 0.0141035 0.00278817
0 0.933117 0.580139 0.107876 0.0805717 0.00267603
0 0.436732 0.501104 0.532889 0.208481 0.00266244
0 0.306737 0.4951 0.598588 0.34177 0.0026497
0 0.0556527 0.722511 0.110615 0.0383073 0.00264767
0 0.579806 0.126021 0.0789855 0.0630447 0.00245732
0 0.63616 0.244426 0.0326209 0.0208248 0.00243697
0 0.777278 0.413385 0.0341566 0.0510138 0.00240795
0 0.040614 0.902643 0.0232373 0.0213047 0.00239797
0 0.886785 0.412425 0.219141 0.268889 0.00238437
0 0.385243 0.623963 0.0270652 0.0272468 0.00238162
0 0.76764 0.494884 0.107257 0.132719 0.0023714
0 0.749532 0.250562 0.0388907 0.040197 0.00236942
0 0.791424 0.199052 0.392125 0.398105 0.00236215
0 0.45615 0.310744 0.912301 0.330047 0.00235711
0 0.142345 0.760738 0.0151154 0.0259465 0.00233218
0 0.704775 0.198548 0.052472 0.0314997 0.00232673
0 0.0752911 0.745835 0.131817 0.115958 0.00230896
0 0.45041 0.350544 0.529571 0.257993 0.00230326
0 0.0470631 0.748448 0.0941263 0.0735777 0.00230219
0 0.485379 0.184052 0.0234938 0.0181916 0.00228501
0 0.77881 0.512872 0.0729126 0.115058 0.00226943
0 0.669172 0.552092 0.528198 0.237984 0.00224598
0 0.193085 0.981402 0.0425588 0.037196 0.00221699
0 0.779322 0.545673 0.0280937 0.0419036 0.00218983
0 0.700974 0.546238 0.084483 0.0535725 0.00218555
0 0.186863 0.294923 0.0191957 0.0296673 0.00214388
0 0.770031 0.546141 0.0239694 0.0394484 0.00207267
0 0.0434119 0.976175 0.0135364 0.0169218 0.00206588
0 0.889472 0.388843 0.220399 0.128828 0.00205987
0 0.147956 0.269963 0.0516406 0.067486 0.00205319
0 0.496526 0.272759 0.0198813 0.0186733 0.00205294
0 0.345281 0.585987 0.040341 0.0342762 0.00203279
0 0.731195 0.509915 0.216988 0.136599 0.00201481
0 0.291442 0.586761 0.0994874 0.056873 0.00201055
0 0.560148 0.157673 0.265773 0.115003 0.00199946
0 0.511946 0.179156 0.0269992 0.0200811 0.00198705
0 0.416905 0.380424 0.0643395 0.0619373 0.0019621
0 0.343618 0.226468 0.603073 0.343986 0.00194439
0 0.3669 0.377343 0.0355105 0.0542304 0.00192313
0 0.27759 0.590507 0.172337 0.0913113 0.00191351
0 0.887325 0.468355 0.167708 0.147344 0.00188955
0 0.813236 0.550769 0.0601164 0.0540411 0.00185491
0 0.255597 0.265437 0.0315482 0.0484285 0.00184159
0 0.617135 0.602318 0.76573 0.303253 0.00184027
0 0.0814524 0.307154 0.0560931 0.0180965 0.00183698
0 0.143033 0.75841 0.0342267 0.0381243 0.00182458
0 0.108037 0.348002 0.216073 0.245736 0.00180346
0 0.519039 0.692184 0.128903 0.0680402 0.0017954
0 0.778151 0.549041 0.0155544 0.0320558 0.00178465
0 0.273464 0.2733 0.0407794 0.0530154 0.00176002
0 0.271246 0.207194 0.293434 0.196612 0.00174738
0 0.681394 0.26816 0.127767 0.0778726 0.00171104
0 0.90677 0.154569 0.0379387 0.0170594 0.0016872
0 0.404196 0.49853 0.0999934 0.0513992 0.00165856
0 0.644533 0.284507 0.0536947 0.019595 0.00161914
0 0.587366 0.139206 0.0777648 0.0566476 0.00159883
0 0.0959257 0.889632 0.0150912 0.015237 0.00159576
0 0.917799 0.616201 0.0364325 0.0323071 0.00158383
0 0.500871 0.678562 0.322244 0.129404 0.00157549
0 0.519169 0.166502 0.0493059 0.0492026 0.0015752
0 0.336598 0.462185 0.019929 0.0363417 0.00157513
0 0.675155 0.242953 0.64969 0.382991 0.00157403
0 0.0725905 0.338366 0.0504582 0.0598684 0.00152926
0 0.0440337 0.903808 0.0422827 0.0563505 0.00151949
0 0.00806867 0.717238 0.0161373 0.0174462 0.00151613
0 0.099191 0.731335 0.186143 0.106168 0.00151324
0 0.48401 0.49807 0.604002 0.314026 0.00151289
0 0.141183 0.369476 0.218863 0.227331 0.00151279
0 0.0380342 0.978371 0.0102758 0.0167574 0.00149222
0 0.181035 0.152146 0.0534659 0.0752333 0.00149096
0 0.609153 0.788003 0.781694 0.302113 0.00148385
0 0.266739 0.578449 0.193104 0.167386 0.00147155
0 0.0586414 0.773505 0.101052 0.164003 0.00146743
0 0.904841 0.152116 0.0445513 0.0302307 0.00145019
0 0.808407 0.454428 0.0335951 0.050548 0.00144588
0 0.923962 0.612851 0.0650743 0.0558372 0.00144025
0 0.659392 0.445798 0.681215 0.327796 0.00139356
0 0.990471 0.0124595 0.0113413 0.0249191 0.00138343
0 0.489634 0.364386 0.312196 0.292019 0.001376
0 0.128646 0.403843 0.0643163 0.0545158 0.00133994
0 0.163007 0.980074 0.0886455 0.0398525 0.00133373
0 0.485214 0.883273 0.0494032 0.0683464 0.00132568
0 0.294072 0.575642 0.0687767 0.0346124 0.00132038
0 0.391139 0.376322 0.0827693 0.0493434 0.00131376
0 0.388213 0.160557 0.605877 0.298765 0.00131359
0 0.141149 0.390517 0.14123 0.1096 0.00130908
0 0.729333 0.300226 0.0234463 0.0565642 0.00130631
0 0.819372 0.450877 0.0467993 0.0539785 0.00130215
0 0.678656 0.285526 0.108617 0.0505067 0.00130167
0 0.166114 0.972335 0.090228 0.05533 0.00125284
0 0.680367 0.532133 0.0554724 0.0407769 0.00124591
0 0.19156 0.647817 0.0190325 0.0367453 0.00124507
0 0.66878 0.273808 0.102171 0.042659 0.00123607
0 0.770048 0.519528 0.0693369 0.0848275 0.00119786
0 0.186205 0.971364 0.0855566 0.0572727 0.00119506
0 0.66644 0.282888 0.0671506 0.0175475 0.00119309
0 0.413509 0.376958 0.0497417 0.0354117 0.00119291
0 0.736744 0.498441 0.146699 0.129942 0.00116749
0 0.843045 0.248754 0.313911 0.455714 0.00116341
0 0.731632 0.284577 0.042304 0.0996113 0.00115978
0 0.274304 0.407006 0.0726519 0.034686 0.00115707
0 0.6364 0.283801 0.0205313 0.0186569 0.00115214
0 0.870713 0.360003 0.258574 0.206959 0.00115052
0 0.242579 0.599841 0.0617717 0.0444341 0.00110237
0 0.364478 0.310886 0.728956 0.494173 0.00110171
0 0.790491 0.538513 0.0704688 0.0533521 0.00109506
0 0.770091 0.534544 0.0467382 0.0594203 0.00109319
0 0.100289 0.710417 0.200578 0.159536 0.00109146
0 0.0340772 0.741027 0.0681543 0.0608894 0.00108635
0 0.54558 0.254525 0.0226045 0.0364968 0.00107544
0 0.515094 0.17675 0.0401387 0.0258885 0.00106576
0 0.291486 0.406221 0.0554546 0.0410131 0.00106332
0 0.731006 0.299011 0.0367688 0.0649322 0.00106224
0 0.199236 0.360329 0.359152 0.404757 0.00105752
0 0.177255 0.65276 0.0263852 0.0238268 0.00105743
0 0.820147 0.400955 0.0715565 0.033611 0.00105277
0 0.968391 0.50521 0.0558197 0.0995941 0.00104809
0 0.738327 0.544053 0.0556844 0.0501266 0.0010472
0 0.930623 0.563008 0.133766 0.0856487 0.00102745
0 0.770498 0.551143 0.0159721 0.0291586 0.00102606
0 0.233615 0.599039 0.0274898 0.0381159 0.00102505
0 0.123398 0.382771 0.149652 0.155257 0.00102422
0 0.784266 0.407216 0.0317753 0.0288284 0.00102261
0 0.734302 0.7585 0.531396 0.257876 0.00102209
0 0.0747218 0.325062 0.084043 0.103322 0.00101168
0 0.688744 0.197595 0.023051 0.0333119 0.00100302
0 0.758816 0.496294 0.0650833 0.141303 0.00100046
