0 0.564786 0.498399 0.287664 0.142414 0.741438
0 0.178717 0.278551 0.297446 0.20011 0.433485
0 0.581304 0.243081 0.0394543 0.0434028 0.21747
0 0.565902 0.501389 0.167027 0.142198 0.212415
0 0.267436 0.930227 0.123325 0.116416 0.190512
0 0.134459 0.220093 0.10778 0.0740308 0.0994968
0 0.24868 0.640993 0.0672882 0.11712 0.0764461
0 0.213572 0.302859 0.221786 0.157168 0.0451983
0 0.623247 0.496862 0.199227 0.122127 0.0350689
0 0.24346 0.61654 0.0525079 0.0604527 0.0269231
0 0.51613 0.48082 0.418609 0.154947 0.0248367
0 0.145807 0.229434 0.144228 0.0854424 0.0237876
0 0.511171 0.567649 0.129987 0.0350589 0.0229741
0 0.503291 0.569424 0.0866591 0.0242786 0.0226294
0 0.162494 0.275338 0.151494 0.16512 0.0223789
0 0.520376 0.479092 0.318396 0.111753 0.021434
0 0.669153 0.231021 0.021697 0.017646 0.0204938
0 0.301616 0.94338 0.0438992 0.0618372 0.0184369
0 0.55421 0.529714 0.250695 0.122525 0.0184364
0 0.252381 0.93298 0.172082 0.134041 0.0174041
0 0.171617 0.3286 0.343235 0.357577 0.0171357
0 0.540281 0.30389 0.0305233 0.0161391 0.0148715
0 0.592295 0.244637 0.0421237 0.0325339 0.0137301
0 0.192715 0.497155 0.111156 0.104212 0.0129862
0 0.117622 0.219844 0.156848 0.102631 0.0117541
0 0.250176 0.605114 0.0663521 0.0527226 0.0115628
0 0.519917 0.523653 0.387212 0.143572 0.0108448
0 0.281294 0.580788 0.0330659 0.0404621 0.010601
0 0.188228 0.2254 0.32868 0.312662 0.0102427
0 0.242761 0.682411 0.0483929 0.0505267 0.0101783
0 0.64974 0.493697 0.140377 0.101906 0.00951115
0 0.116254 0.232711 0.232508 0.121252 0.0087156
0 0.54844 0.549666 0.212649 0.0921886 0.00864718
0 0.14633 0.231446 0.103603 0.0660733 0.00707911
0 0.236855 0.628165 0.0415552 0.0769448 0.00669888
0 0.230476 0.315609 0.201268 0.108825 0.00661496
0 0.240456 0.932071 0.128257 0.10536 0.00661253
0 0.485797 0.570702 0.0852067 0.0192495 0.00648888
0 0.2563 0.672071 0.0490302 0.0643135 0.00620498
0 0.247656 0.643424 0.202899 0.198294 0.00620104
0 0.259338 0.610701 0.0875763 0.0994151 0.00588827
0 0.24527 0.661628 0.0816961 0.119019 0.00581132
0 0.142279 0.83256 0.0207989 0.0161053 0.00566055
0 0.231265 0.273547 0.195292 0.164546 0.00554196
0 0.544987 0.534523 0.159449 0.111359 0.00516116
0 0.519157 0.560661 0.173374 0.061261 0.00506927
0 0.559838 0.479092 0.15132 0.0822588 0.00503861
0 0.274811 0.63718 0.11696 0.132137 0.00498337
0 0.133382 0.247347 0.266764 0.184752 0.00493555
0 0.576525 0.254359 0.0775299 0.088073 0.00462583
0 0.58343 0.234389 0.0348907 0.0363623 0.00460001
0 0.234825 0.608679 0.0365479 0.0473072 0.0044266
0 0.114716 0.211654 0.229432 0.193112 0.00437001
0 0.573665 0.247282 0.0296864 0.0346274 0.00419617
0 0.494742 0.571362 0.0577269 0.0166167 0.00412138
0 0.288694 0.553751 0.0237608 0.0315024 0.0038619
0 0.600868 0.243039 0.0328105 0.0298864 0.00385513
0 0.294366 0.930935 0.0658669 0.0946377 0.0037162
0 0.605952 0.52455 0.199407 0.163203 0.00364143
0 0.582173 0.548774 0.256122 0.174598 0.00352832
0 0.590023 0.235543 0.0349848 0.0262186 0.00349312
0 0.136752 0.219855 0.0602295 0.0656765 0.00343302
0 0.148568 0.229633 0.0668336 0.0527801 0.00338425
0 0.287265 0.54565 0.0267659 0.0364361 0.00336479
0 0.284467 0.573402 0.0333889 0.0255926 0.00325901
0 0.183208 0.226403 0.267752 0.211508 0.00323477
0 0.0932102 0.201729 0.18642 0.136945 0.00321611
0 0.592954 0.246601 0.0482743 0.0494671 0.00315296
0 0.29133 0.553093 0.0170805 0.02577 0.00312346
0 0.227344 0.638158 0.048317 0.0828144 0.00312232
0 0.141679 0.836687 0.0247255 0.0282488 0.00309649
0 0.201193 0.508763 0.09963 0.0708611 0.00307631
0 0.141091 0.264166 0.147306 0.21394 0.00294699
0 0.480657 0.557981 0.396026 0.0958138 0.00293929
0 0.671635 0.227496 0.0252178 0.0144232 0.00292356
0 0.512165 0.480365 0.16774 0.118515 0.00286908
0 0.58575 0.257377 0.0725527 0.0570784 0.00281451
0 0.346882 0.666221 0.0278044 0.0225656 0.0026226
0 0.234259 0.688694 0.0360147 0.0410311 0.00249828
0 0.225949 0.658624 0.0698724 0.116268 0.00247009
0 0.274073 0.585424 0.0409622 0.0395095 0.00244331
0 0.520968 0.538984 0.142986 0.0732474 0.00241075
0 0.577909 0.249062 0.0523551 0.0499457 0.00236502
0 0.182117 0.379886 0.270642 0.383574 0.00230555
0 0.280871 0.914299 0.202891 0.160126 0.00229546
0 0.263384 0.655031 0.0848723 0.112805 0.00221511
0 0.219185 0.272553 0.168736 0.099218 0.00216768
0 0.495564 0.56489 0.0865492 0.0234297 0.00214213
0 0.235297 0.652749 0.0390164 0.121484 0.00210048
0 0.266815 0.337814 0.108647 0.0592106 0.0020759
0 0.540468 0.304254 0.03716 0.0233192 0.00202676
0 0.26182 0.924612 0.0904358 0.0916775 0.00202098
0 0.138124 0.835931 0.0201689 0.0156258 0.00201727
0 0.244896 0.598895 0.0542624 0.0337539 0.00200331
0 0.66829 0.230291 0.0337063 0.0221371 0.00199133
0 0.572056 0.238808 0.0278874 0.0388896 0.00198917
0 0.165314 0.35009 0.301805 0.231349 0.00197374
0 0.294934 0.947189 0.0543581 0.0936121 0.00190085
0 0.416637 0.498959 0.602429 0.201212 0.00185528
0 0.472539 0.54871 0.546697 0.24939 0.00185423
0 0.589728 0.231907 0.102849 0.117916 0.0018325
0 0.193793 0.497403 0.244614 0.17561 0.00183047
0 0.70806 0.662082 0.013569 0.0390197 0.00179512
0 0.963853 0.65743 0.0108564 0.0196047 0.00179416
0 0.368316 0.545449 0.736632 0.339432 0.00172214
0 0.566386 0.265614 0.0698417 0.0781039 0.00171291
0 0.210018 0.521886 0.071945 0.0371752 0.00168638
0 0.00664338 0.0112137 0.0132868 0.0167368 0.00160368
0 0.124023 0.203283 0.120405 0.0774774 0.00156388
0 0.247237 0.331647 0.166282 0.0752323 0.0014617
0 0.105293 0.166001 0.210585 0.227087 0.00144825
0 0.253253 0.580783 0.0782506 0.0892165 0.00139886
0 0.591835 0.245514 0.241304 0.26781 0.00137777
0 0.540197 0.309016 0.0315492 0.0194174 0.00132757
0 0.282985 0.571516 0.0285138 0.0480117 0.00131589
0 0.14822 0.831876 0.0217567 0.0141418 0.00131549
0 0.106323 0.436115 0.0536472 0.0616774 0.00130898
0 0.564798 0.245495 0.0233706 0.0388898 0.00128599
0 0.144167 0.893253 0.025091 0.0214146 0.00126701
0 0.237408 0.691591 0.0503112 0.0526375 0.00126284
0 0.706609 0.656296 0.0210028 0.0532416 0.00126017
0 0.230436 0.617459 0.0465179 0.0688613 0.00124951
0 0.229266 0.683853 0.0541328 0.0619755 0.0012403
0 0.600219 0.24811 0.0471651 0.0365579 0.001238
0 0.309202 0.942202 0.0344982 0.0487774 0.00123753
0 0.13974 0.850909 0.0255706 0.0435778 0.00123496
0 0.263648 0.592743 0.0657661 0.0326453 0.00123445
0 0.680186 0.507095 0.0789646 0.104924 0.00122631
0 0.235625 0.617989 0.0856338 0.124135 0.00121739
0 0.703443 0.521412 0.0302438 0.0549518 0.00121581
0 0.266643 0.576571 0.0722373 0.0722132 0.00121109
0 0.281192 0.347432 0.09165 0.0481921 0.0012105
0 0.276749 0.911278 0.106983 0.0834738 0.00117597
0 0.280337 0.60939 0.223258 0.228511 0.00116446
0 0.144633 0.879721 0.0214425 0.0257475 0.00116403
0 0.344607 0.670687 0.0284308 0.0260168 0.00113566
0 0.250031 0.640007 0.0540449 0.0707025 0.00112741
0 0.250305 0.684922 0.041521 0.0391307 0.00110843
0 0.134888 0.839583 0.0212175 0.0306742 0.00106986
0 0.144224 0.840395 0.0330396 0.0311958 0.00106008
0 0.206233 0.523036 0.10291 0.0501024 0.00105604
0 0.0172837 0.449536 0.0319263 0.0519836 0.00103834
0 0.0459762 0.449535 0.015225 0.0386923 0.00103693
0 0.254404 0.588071 0.0693406 0.0570213 0.0010314
0 0.228371 0.617185 0.0322523 0.0504428 0.00102618
0 0.419797 0.592191 0.476197 0.170942 0.00102525
0 0.0447966 0.449824 0.0252694 0.0332295 0.0010125
