0 0.446688 0.803316 0.069723 0.0245996 0.764422
0 0.502831 0.209827 0.0168056 0.0170111 0.619603
0 0.417555 0.0424091 0.0637647 0.0843802 0.45405
0 0.147969 0.588626 0.00977974 0.0231933 0.42491
0 0.129473 0.339207 0.0124008 0.0176866 0.414937
0 0.451542 0.807958 0.0595005 0.0234774 0.165245
0 0.446124 0.808154 0.0742808 0.0518726 0.107858
0 0.410843 0.031558 0.0510519 0.063116 0.0738235
0 0.424365 0.0488058 0.0440141 0.0743456 0.0621546
0 0.502799 0.210665 0.0229503 0.023656 0.060296
0 0.134357 0.340833 0.0183289 0.017329 0.05005
0 0.438146 0.800169 0.0553363 0.0212893 0.0422527
0 0.400594 0.0133547 0.0326621 0.0267093 0.0421284
0 0.146637 0.591005 0.014894 0.0218451 0.0406703
0 0.130569 0.342313 0.0156501 0.0219465 0.0312741
0 0.2184 0.227995 0.0116685 0.0177123 0.0284382
0 0.404317 0.0172451 0.0398681 0.0334181 0.0263666
0 0.145709 0.589406 0.0195039 0.0288958 0.0257527
0 0.214578 0.226648 0.0225191 0.0201445 0.0240071
0 0.508374 0.210339 0.0257009 0.021015 0.0188674
0 0.130468 0.339979 0.023551 0.0270661 0.0180852
0 0.459179 0.803906 0.0502128 0.0207008 0.016888
0 0.397789 0.066633 0.196723 0.133266 0.0140523
0 0.205436 0.223137 0.04275 0.0214843 0.0114104
0 0.00574529 0.00674718 0.0114906 0.0134944 0.00985334
0 0.953672 0.00673614 0.0109756 0.0134723 0.00880138
0 0.529978 0.00379338 0.0160743 0.00758676 0.00868817
0 0.148939 0.595295 0.0104003 0.0247068 0.00859507
0 0.437605 0.808551 0.084639 0.0350433 0.00851745
0 0.432576 0.800835 0.0779519 0.0264988 0.00817679
0 0.446158 0.807175 0.0979958 0.0889074 0.00807658
0 0.801313 0.00417073 0.0124214 0.00834147 0.00772219
0 0.528182 0.00297236 0.0119629 0.00594472 0.00758546
0 0.431167 0.0601472 0.0307487 0.0448819 0.00758001
0 0.462013 0.801808 0.0731813 0.0249947 0.00656825
0 0.428514 0.802761 0.0486267 0.0225025 0.00599233
0 0.504619 0.214404 0.0298772 0.0513343 0.0057191
0 0.208418 0.227729 0.0375276 0.0251167 0.00544096
0 0.303549 0.519763 0.0148435 0.0131629 0.00529477
0 0.00463465 0.0155196 0.00926931 0.0310392 0.00501874
0 0.137261 0.337336 0.0180129 0.0211578 0.00454484
0 0.428117 0.804429 0.0266049 0.0238569 0.00435425
0 0.444561 0.794966 0.0769135 0.0356853 0.0041483
0 0.148256 0.590928 0.0280864 0.0619726 0.00401625
0 0.199078 0.220225 0.0338341 0.0193963 0.00362793
0 0.469575 0.805171 0.107411 0.0279486 0.00352912
0 0.271942 0.00427345 0.0196746 0.00854691 0.00339174
0 0.386749 0.0397787 0.104518 0.0795574 0.00331689
0 0.983953 0.952321 0.0320945 0.0601933 0.00322458
0 0.404033 0.0442229 0.0733773 0.072357 0.00314287
0 0.4988 0.208053 0.0253759 0.0277545 0.00306267
0 0.36997 0.873901 0.0181521 0.0222939 0.00297674
0 0.436764 0.808907 0.0507068 0.0308926 0.00273569
0 0.441943 0.797191 0.21843 0.270556 0.00273429
0 0.366017 0.871934 0.0166702 0.0215685 0.00266167
0 0.304234 0.517309 0.017627 0.0139438 0.00262313
0 0.133124 0.334426 0.0263478 0.031893 0.00254088
0 0.49905 0.218534 0.0253954 0.0317097 0.0025293
0 0.221392 0.230156 0.0136025 0.0170194 0.00245888
0 0.462647 0.80893 0.0497278 0.0274599 0.00240367
0 0.768873 0.323546 0.0139946 0.0148369 0.00235123
0 0.134295 0.342116 0.0320886 0.0547669 0.00224172
0 0.503971 0.203863 0.0217683 0.02751 0.00215189
0 0.656279 0.399979 0.0136503 0.0252367 0.00210764
0 0.375978 0.872528 0.0329018 0.0240072 0.00201888
0 0.954472 0.0100159 0.0105398 0.0183779 0.0019851
0 0.199583 0.224934 0.0428623 0.0283075 0.001981
0 0.390718 0.0162183 0.0216506 0.0266397 0.00198065
0 0.149517 0.340559 0.0165459 0.0237882 0.00183627
0 0.804186 0.0045249 0.017382 0.00904979 0.00182366
0 0.444531 0.821892 0.0829606 0.0643768 0.00179985
0 0.435315 0.042573 0.0787469 0.0753062 0.00176095
0 0.772445 0.308247 0.0238531 0.0269615 0.00174319
0 0.80396 0.00339811 0.0183094 0.00679621 0.00172479
0 0.434398 0.0530933 0.0451598 0.0532584 0.00172083
0 0.391342 0.0102052 0.0220178 0.0204104 0.00169603
0 0.453056 0.817317 0.0754427 0.0413542 0.0016737
0 0.954544 0.00416278 0.0185593 0.00832556 0.00165691
0 0.763109 0.320564 0.0184842 0.0188322 0.00154014
0 0.314689 0.519135 0.0213989 0.0138396 0.00153181
0 0.149946 0.593159 0.0213207 0.0264514 0.00152289
0 0.12493 0.345045 0.0251314 0.0272105 0.0014968
0 0.42678 0.798205 0.0282809 0.0182919 0.00149563
0 0.139994 0.587061 0.0423125 0.0299639 0.00139178
0 0.401848 0.0285339 0.0403088 0.0570678 0.00135343
0 0.6613 0.393758 0.0163101 0.0355571 0.00134424
0 0.535462 0.183904 0.0158608 0.0110808 0.00134253
0 0.144131 0.582773 0.0302411 0.0350534 0.00133757
0 0.141109 0.591637 0.0197246 0.032628 0.00126508
0 0.275738 0.237674 0.0158605 0.0146799 0.00126113
0 0.396311 0.0101891 0.027323 0.0203781 0.00124178
0 0.643259 0.82116 0.00493593 0.0158749 0.00123411
0 0.989655 0.942781 0.0095871 0.0372646 0.00122352
0 0.218217 0.229412 0.0225139 0.0232414 0.00121568
0 0.989845 0.95097 0.0117718 0.0348925 0.00121376
0 0.953872 0.0111177 0.0138342 0.0222355 0.00119135
0 0.219399 0.227659 0.0319575 0.0282767 0.00116965
0 0.986185 0.943934 0.0119862 0.0432148 0.00116434
0 0.45126 0.791258 0.071655 0.054171 0.00115576
0 0.944108 0.0234607 0.0138756 0.0192285 0.00112684
0 0.219325 0.233021 0.0168533 0.0269471 0.00112492
0 0.449109 0.0442566 0.114562 0.0885132 0.00111725
0 0.369658 0.874574 0.0259475 0.0272459 0.00108904
0 0.986104 0.951952 0.0153446 0.0417433 0.00107913
0 0.972205 0.95529 0.0213472 0.0631105 0.00107845
0 0.141493 0.590638 0.0290884 0.0229879 0.00106677
0 0.319334 0.515376 0.0346056 0.0159735 0.00106521
0 0.496918 0.202346 0.0214381 0.0273571 0.00105367
0 0.981861 0.942256 0.0144724 0.0553257 0.00104749
0 0.771345 0.321461 0.0179003 0.0177546 0.00103204
0 0.304234 0.521553 0.0215052 0.0245305 0.00102617
0 0.990498 0.944906 0.0190035 0.0812466 0.00101768
0 0.879631 0.224158 0.0110115 0.0154526 0.00100979
