0 0.48227 0.510906 0.10155 0.0578422 0.293274
0 0.349332 0.393658 0.0224092 0.0285416 0.148757
0 0.423328 0.547302 0.247375 0.12718 0.132965
0 0.55464 0.486832 0.0279492 0.0155507 0.0988582
0 0.3954 0.593327 0.323026 0.23935 0.0701093
0 0.0311252 0.0444678 0.051454 0.0889356 0.0675466
0 0.364848 0.651341 0.0495183 0.0180942 0.0627738
0 0.471141 0.514723 0.146797 0.0903908 0.0561924
0 0.505348 0.198965 0.0463868 0.0369414 0.0535964
0 0.168429 0.428411 0.0968494 0.0893063 0.0507508
0 0.359794 0.653543 0.0332345 0.0146318 0.0276811
0 0.307386 0.633791 0.0248711 0.0426517 0.0230244
0 0.504722 0.502303 0.144557 0.0767818 0.0206331
0 0.328455 0.687594 0.174363 0.104046 0.0191274
0 0.41805 0.537178 0.157494 0.0984204 0.0161568
0 0.474313 0.52185 0.121566 0.0652165 0.0150535
0 0.452331 0.506666 0.230789 0.175313 0.0129751
0 0.376996 0.649546 0.0426439 0.0202517 0.0114606
0 0.480999 0.507411 0.0597302 0.0574978 0.0113493
0 0.225337 0.993308 0.0202364 0.0133847 0.011134
0 0.337839 0.66542 0.143457 0.0720371 0.0110559
0 0.379009 0.647976 0.0336676 0.0128778 0.0101776
0 0.554574 0.486479 0.0257477 0.0251726 0.00936486
0 0.895873 0.606718 0.0159798 0.0350579 0.00838684
0 0.361871 0.649829 0.0847456 0.0249183 0.00806769
0 0.283123 0.70433 0.0386712 0.0465198 0.00797486
0 0.3248 0.577924 0.017215 0.0364866 0.00796354
0 0.309598 0.625459 0.0202991 0.0321621 0.00755771
0 0.470905 0.224145 0.0150945 0.0237905 0.00743514
0 0.354732 0.653424 0.0278677 0.00988111 0.00738039
0 0.244744 0.293202 0.114103 0.128827 0.00737122
0 0.434154 0.556252 0.156414 0.131543 0.00727065
0 0.0270384 0.033538 0.0490912 0.0575929 0.00725016
0 0.104374 0.537034 0.0549497 0.023131 0.00647754
0 0.504921 0.199902 0.0535733 0.0536984 0.00630875
0 0.355141 0.659056 0.273108 0.143588 0.00627279
0 0.444124 0.502376 0.168319 0.0931524 0.00626814
0 0.349993 0.395257 0.0330813 0.0491763 0.00613348
0 0.308669 0.627039 0.034545 0.032062 0.00611909
0 0.485277 0.535278 0.253016 0.216747 0.00611088
0 0.316287 0.382552 0.0854217 0.0323282 0.00590113
0 0.433998 0.357414 0.0175308 0.0267195 0.00578
0 0.28533 0.702891 0.0541529 0.0574814 0.00529907
0 0.285796 0.6962 0.0326927 0.0329612 0.00519548
0 0.33469 0.645106 0.142811 0.064063 0.00512915
0 0.900865 0.601636 0.0133188 0.0608764 0.00503595
0 0.347291 0.65684 0.368916 0.235674 0.00496268
0 0.317343 0.685428 0.109421 0.0535715 0.00481838
0 0.304101 0.686178 0.0559269 0.0339757 0.00431246
0 0.417546 0.4979 0.232689 0.135762 0.00412778
0 0.44289 0.274516 0.0276003 0.043617 0.00407699
0 0.305294 0.382115 0.0846941 0.0241018 0.0040736
0 0.036758 0.0338531 0.0510811 0.0677062 0.00406718
0 0.280798 0.712685 0.0306029 0.039886 0.0039618
0 0.340049 0.391209 0.0481834 0.0312184 0.00395859
0 0.290984 0.693181 0.0476387 0.0452061 0.00393103
0 0.243102 0.272061 0.086291 0.073404 0.00392822
0 0.558621 0.489797 0.025142 0.0158874 0.00387727
0 0.409872 0.633349 0.271575 0.356582 0.00385689
0 0.3115 0.637975 0.0428627 0.0548313 0.00385473
0 0.341393 0.643283 0.169089 0.099781 0.00359614
0 0.558469 0.484663 0.025769 0.0167196 0.00343008
0 0.332785 0.696809 0.255929 0.20289 0.00341686
0 0.371184 0.559225 0.261882 0.173349 0.0032886
0 0.303804 0.687488 0.0382313 0.029276 0.00327125
0 0.274067 0.715651 0.0367076 0.0398747 0.0032442
0 0.493161 0.481492 0.163529 0.115251 0.00323399
0 0.334094 0.64703 0.11984 0.0457224 0.00318195
0 0.433324 0.6321 0.458793 0.350509 0.00311642
0 0.327941 0.574078 0.028195 0.0435976 0.0029573
0 0.47332 0.522116 0.0875415 0.0460769 0.00293637
0 0.441465 0.422019 0.0177674 0.0289287 0.00288958
0 0.655881 0.0043078 0.0173335 0.00814098 0.00287371
0 0.384675 0.646028 0.0257691 0.0127294 0.0027609
0 0.35721 0.660266 0.0658986 0.025172 0.00268875
0 0.0729287 0.077526 0.145857 0.155052 0.00268272
0 0.455326 0.475514 0.193262 0.151896 0.00267155
0 0.278519 0.722058 0.0248402 0.026033 0.00265042
0 0.323889 0.578734 0.0410058 0.0386824 0.00252648
0 0.321885 0.581568 0.0262368 0.0342819 0.00241766
0 0.0333359 0.0596986 0.0621328 0.11335 0.00240178
0 0.445209 0.42667 0.0209126 0.0278098 0.00236193
0 0.460702 0.504612 0.0805076 0.0595276 0.00235776
0 0.295398 0.382256 0.0508498 0.0186416 0.00232778
0 0.291667 0.695937 0.0832433 0.0740869 0.00230909
0 0.412512 0.472419 0.260068 0.211078 0.00230824
0 0.451474 0.573 0.248035 0.175184 0.00225021
0 0.480256 0.229525 0.0284581 0.0317165 0.00214425
0 0.552904 0.476519 0.0251455 0.0375173 0.00213317
0 0.316297 0.664799 0.139184 0.0914265 0.00209282
0 0.477863 0.0081504 0.0197033 0.0150962 0.00207184
0 0.456968 0.442333 0.0219106 0.0415315 0.00207039
0 0.529705 0.506983 0.112531 0.06671 0.00205095
0 0.315804 0.681852 0.0358979 0.0383599 0.00204599
0 0.877137 0.646039 0.00442905 0.0177503 0.00198071
0 0.434063 0.353159 0.0234228 0.0361559 0.00196375
0 0.516164 0.501784 0.261448 0.18975 0.00194089
0 0.369737 0.662465 0.0886634 0.0746428 0.00193884
0 0.482928 0.204847 0.0400619 0.0394579 0.00176565
0 0.273412 0.706183 0.0506871 0.0485939 0.00176542
0 0.412334 0.60494 0.153283 0.240996 0.00174542
0 0.30798 0.714402 0.155354 0.110114 0.00169938
0 0.228717 0.991479 0.0218562 0.0155838 0.00164734
0 0.47642 0.0153237 0.0174302 0.0277666 0.00163556
0 0.369053 0.649728 0.136783 0.0682834 0.00162807
0 0.32412 0.389605 0.0952299 0.0361532 0.00162659
0 0.503066 0.52198 0.137402 0.0816294 0.00161491
0 0.438448 0.34344 0.0237722 0.0341765 0.00159521
0 0.341534 0.615946 0.200105 0.14398 0.0015433
0 0.309342 0.684299 0.0283648 0.0274445 0.0015319
0 0.419108 0.327992 0.0147371 0.0158415 0.00149873
0 0.311884 0.641279 0.0260068 0.0452586 0.00147851
0 0.476091 0.215534 0.0334805 0.0367196 0.0014572
0 0.898001 0.606804 0.00832367 0.0407269 0.00145523
0 0.442502 0.276971 0.0317332 0.0658369 0.00144929
0 0.652132 0.00367019 0.0176789 0.0070348 0.00141615
0 0.457435 0.453603 0.0208051 0.04703 0.00138299
0 0.0927256 0.607244 0.161729 0.170172 0.00135683
0 0.0403354 0.500854 0.0468765 0.0393398 0.00135103
0 0.450033 0.441915 0.0282914 0.0489934 0.00134501
0 0.553972 0.493647 0.0332021 0.0686804 0.00134351
0 0.290113 0.380267 0.0339548 0.0174157 0.00134218
0 0.351168 0.683324 0.137356 0.0735167 0.0013384
0 0.444574 0.46779 0.122109 0.133497 0.00131943
0 0.518555 0.194474 0.0704095 0.0384048 0.00131272
0 0.0413846 0.500397 0.0263385 0.0375547 0.00128815
0 0.555387 0.48017 0.0296286 0.0576354 0.00128375
0 0.467146 0.220049 0.0192369 0.021165 0.0012799
0 0.499113 0.505389 0.0768274 0.0522259 0.00126912
0 0.47503 0.00983587 0.0136017 0.0140855 0.00126395
0 0.148425 0.445473 0.233183 0.203242 0.00126372
0 0.399197 0.555492 0.152554 0.11223 0.00125105
0 0.316105 0.381682 0.0927325 0.0585837 0.00124925
0 0.655783 0.00355096 0.0209319 0.00710191 0.00123463
0 0.411048 0.630777 0.244315 0.224938 0.00122835
0 0.303486 0.619975 0.0190948 0.0313871 0.00120649
0 0.471206 0.145638 0.0296318 0.0512403 0.00115435
0 0.469524 0.157049 0.0243819 0.0495049 0.00114581
0 0.324945 0.724421 0.188912 0.165194 0.0011447
0 0.0985372 0.536148 0.0459719 0.0166602 0.00110536
0 0.334078 0.582957 0.0616909 0.0641052 0.00109953
0 0.257031 0.717247 0.0406464 0.0320695 0.00108246
0 0.308217 0.376076 0.103258 0.0358233 0.00106796
0 0.442332 0.266902 0.0232817 0.037561 0.00106662
0 0.66125 0.00440427 0.0172497 0.00711964 0.00104985
0 0.482634 0.546236 0.176225 0.128493 0.00103532
0 0.368363 0.661763 0.0777846 0.0359612 0.00103386
0 0.470437 0.21365 0.0211981 0.0376536 0.00102461
0 0.441134 0.469921 0.0688903 0.10494 0.00100581
0 0.469892 0.207555 0.0168264 0.0307261 0.00100229
