0 0.561643 0.599302 0.0753931 0.0767467 0.784751
0 0.410597 0.376529 0.0452478 0.0711848 0.246154
0 0.572373 0.594471 0.0457948 0.0646628 0.108072
0 0.433363 0.356713 0.0175145 0.0304532 0.0561736
0 0.409827 0.756537 0.015639 0.0206868 0.0555725
0 0.410899 0.389171 0.0339687 0.0556158 0.0409487
0 0.422937 0.359093 0.0357163 0.0348909 0.0386497
0 0.0252536 0.281843 0.0163665 0.0187365 0.0365275
0 0.545284 0.598633 0.154749 0.174953 0.0347545
0 0.543561 0.604974 0.0802139 0.0951092 0.0329997
0 0.40974 0.374099 0.0719929 0.115551 0.0294029
0 0.408489 0.362432 0.0458931 0.0535946 0.0282242
0 0.203326 0.37462 0.0325374 0.0348377 0.0248451
0 0.412903 0.403892 0.0226627 0.0316858 0.0232253
0 0.217412 0.03175 0.0581962 0.0565776 0.0179123
0 0.194053 0.0865325 0.0146457 0.013067 0.0161974
0 0.558453 0.620275 0.0639167 0.0773969 0.0120293
0 0.566671 0.610719 0.0531574 0.0664515 0.0119097
0 0.559234 0.583162 0.061849 0.0703191 0.0113942
0 0.401521 0.368109 0.0356977 0.0532497 0.0104925
0 0.4682 0.236964 0.0120951 0.0105766 0.0093334
0 0.416071 0.409697 0.0200573 0.0295353 0.00910029
0 0.424925 0.364608 0.0392619 0.0562589 0.00848054
0 0.194423 0.0869735 0.0188373 0.0172307 0.00790017
0 0.285907 0.492595 0.0255255 0.0197282 0.00709407
0 0.408839 0.757955 0.0241477 0.0231252 0.00654194
0 0.37406 0.340601 0.0313945 0.0453427 0.00617255
0 0.160454 0.728304 0.0415399 0.0370598 0.0061123
0 0.400516 0.378301 0.0292587 0.0470165 0.0059355
0 0.558395 0.624534 0.0444343 0.0509353 0.00592852
0 0.411087 0.411246 0.019458 0.0286985 0.00578184
0 0.393322 0.354191 0.210727 0.258001 0.00571128
0 0.640644 0.805301 0.0247565 0.0188164 0.00489317
0 0.469416 0.236422 0.0160208 0.0168438 0.00456653
0 0.415903 0.408446 0.0250237 0.0435625 0.00435621
0 0.162969 0.731757 0.0605482 0.0297526 0.00389708
0 0.643436 0.812448 0.0296213 0.0288946 0.00380083
0 0.201899 0.373818 0.0401838 0.048019 0.00371219
0 0.424024 0.37697 0.0488796 0.0664897 0.00345925
0 0.369539 0.332868 0.0287089 0.0396595 0.00334386
0 0.990069 0.95293 0.00919208 0.0243008 0.00331054
0 0.402314 0.389765 0.0287429 0.0435455 0.00318134
0 0.219549 0.0378751 0.0825823 0.0757503 0.00307977
0 0.986042 0.952838 0.0115723 0.0279331 0.00303605
0 0.444061 0.579087 0.0215902 0.0166176 0.00300504
0 0.161281 0.730569 0.0707696 0.0478614 0.00292976
0 0.988285 0.955276 0.00988274 0.0243599 0.00281143
0 0.983632 0.955773 0.0129686 0.0332899 0.00275916
0 0.433686 0.390024 0.205483 0.269404 0.002617
0 0.40749 0.406079 0.0284097 0.0432678 0.0026031
0 0.267144 0.961394 0.0248336 0.0239349 0.00247528
0 0.363913 0.328399 0.0189465 0.029638 0.00244134
0 0.0282152 0.283716 0.0155357 0.0173408 0.00241544
0 0.410357 0.411564 0.05038 0.0692926 0.00234907
0 0.228915 0.0343611 0.0391048 0.0498045 0.0023436
0 0.204766 0.0282913 0.05613 0.0452695 0.00208327
0 0.26431 0.961188 0.0452214 0.0309526 0.00204656
0 0.5855 0.593418 0.0376016 0.0618495 0.00199555
0 0.647544 0.807613 0.0316665 0.0195557 0.00197722
0 0.988437 0.959517 0.0231259 0.0577763 0.00190145
0 0.375596 0.340003 0.0435515 0.0613695 0.00183124
0 0.547183 0.579913 0.0760762 0.0833857 0.00178828
0 0.291057 0.494793 0.0323546 0.0319523 0.00174028
0 0.415015 0.759471 0.0172632 0.0244214 0.0017305
0 0.985529 0.960957 0.0118881 0.0273027 0.00171731
0 0.196443 0.088389 0.0156156 0.0125312 0.00170445
0 0.536478 0.613593 0.0477645 0.0589506 0.00163536
0 0.43152 0.356059 0.0326043 0.0612961 0.00160176
0 0.990482 0.954623 0.0130047 0.0378403 0.00156653
0 0.565177 0.622977 0.0420959 0.0378995 0.00156378
0 0.517716 0.63811 0.0215446 0.0136252 0.00155078
0 0.195593 0.0159947 0.033738 0.0272814 0.00150935
0 0.990661 0.961115 0.00770512 0.0302429 0.00148543
0 0.0217853 0.283752 0.0173954 0.0239542 0.00143151
0 0.38374 0.350636 0.0294623 0.0401354 0.0014148
0 0.585719 0.584758 0.0266572 0.0449229 0.0013792
0 0.521995 0.63805 0.0190534 0.012275 0.00137701
0 0.365594 0.327809 0.0268624 0.0400125 0.00135021
0 0.373637 0.351558 0.0322111 0.0423451 0.00132538
0 0.54983 0.611494 0.0539166 0.0673466 0.00132364
0 0.521858 0.636907 0.0296724 0.0177 0.00131622
0 0.401241 0.403445 0.022606 0.0310683 0.00128676
0 0.310853 0.620809 0.0119658 0.0293969 0.00127801
0 0.388901 0.365925 0.0268589 0.0446224 0.00127115
0 0.385101 0.352231 0.0695232 0.0835018 0.00120362
0 0.310999 0.621931 0.0303034 0.0501617 0.00119552
0 0.203674 0.0202995 0.0488045 0.0388796 0.00118591
0 0.519996 0.564122 0.113018 0.108415 0.00117549
0 0.448284 0.578194 0.0308894 0.0122108 0.00112385
0 0.524729 0.606389 0.0816153 0.0675312 0.00111477
0 0.465473 0.234647 0.0109285 0.0118866 0.00110892
0 0.983338 0.00592418 0.0281281 0.0118484 0.00110482
0 0.548838 0.586208 0.0571611 0.0506522 0.00107462
0 0.435733 0.3631 0.0189897 0.0345747 0.00106667
0 0.194313 0.010317 0.0252795 0.020139 0.00106608
0 0.420034 0.352141 0.0518702 0.057901 0.00105646
0 0.389788 0.377722 0.0258408 0.0357702 0.0010484
0 0.64937 0.814752 0.0288022 0.0322512 0.00103555
0 0.206517 0.988545 0.0282907 0.0229093 0.0010213
0 0.313763 0.6168 0.022245 0.0373242 0.00101474
0 0.372156 0.351343 0.0202895 0.036877 0.00101167
