0 0.508594 0.505446 0.062255 0.116546 0.858122
0 0.49086 0.535626 0.025846 0.0501623 0.349193
0 0.50024 0.51811 0.0501016 0.104423 0.198258
0 0.726992 0.618959 0.0283723 0.0290187 0.194365
0 0.496412 0.525694 0.0452245 0.0729531 0.15294
0 0.505689 0.501267 0.0549898 0.0713152 0.0907775
0 0.863515 0.623759 0.0540192 0.0418893 0.0824863
0 0.580368 0.485348 0.0290248 0.0305487 0.0650479
0 0.514913 0.477752 0.0482984 0.0498829 0.0644187
0 0.577046 0.48016 0.0306054 0.0431976 0.0549315
0 0.51014 0.483289 0.0543981 0.0700335 0.0529825
0 0.498636 0.50048 0.159492 0.188703 0.0501991
0 0.828283 0.720165 0.0710945 0.112336 0.0438815
0 0.793298 0.284531 0.0763804 0.0373422 0.0377256
0 0.893459 0.303391 0.0397331 0.0523169 0.0296921
0 0.57359 0.474354 0.0450639 0.0555264 0.0279655
0 0.724681 0.622501 0.0218033 0.0244084 0.0256927
0 0.873659 0.628857 0.0672094 0.0543199 0.0217409
0 0.919839 0.460109 0.0396072 0.0352318 0.0211423
0 0.858566 0.621357 0.0320585 0.0317539 0.0197859
0 0.778596 0.280591 0.0533424 0.0342214 0.019351
0 0.520126 0.47253 0.0368082 0.0333822 0.0127933
0 0.72859 0.610291 0.0261684 0.0318462 0.0115866
0 0.521992 0.498759 0.0659316 0.101589 0.0113504
0 0.727571 0.619504 0.0369685 0.0466526 0.0113287
0 0.485411 0.536628 0.0236539 0.0336462 0.00972435
0 0.542935 0.476537 0.0819741 0.0740004 0.00968514
0 0.550976 0.00491981 0.0167177 0.00983963 0.00912428
0 0.88274 0.627895 0.0481539 0.0442213 0.00883451
0 0.980073 0.471177 0.0287144 0.0174206 0.00859825
0 0.788781 0.282302 0.0852276 0.0564471 0.00852312
0 0.524016 0.468888 0.0248236 0.0330608 0.0081978
0 0.706766 0.768486 0.0197138 0.0356171 0.00758389
0 0.802269 0.290549 0.0671198 0.0271767 0.00719251
0 0.779251 0.504032 0.0154667 0.0134301 0.00684434
0 0.887897 0.297341 0.0283323 0.0410534 0.00615788
0 0.466763 0.0549132 0.0385698 0.0186203 0.00519656
0 0.68445 0.35453 0.0162923 0.0218763 0.00518643
0 0.0081975 0.00764962 0.016395 0.0132312 0.00482787
0 0.491168 0.507886 0.0766388 0.107198 0.00468993
0 0.485167 0.534875 0.0318666 0.0423429 0.00460351
0 0.892663 0.632311 0.0279949 0.0367334 0.00446265
0 0.920716 0.459128 0.0557081 0.0431218 0.00438798
0 0.489938 0.548247 0.0300885 0.0406735 0.00423794
0 0.540534 0.50849 0.120541 0.113238 0.00405401
0 0.574259 0.480391 0.0675896 0.0634436 0.00403904
0 0.865672 0.637344 0.0771807 0.0954102 0.00389409
0 0.570645 0.462225 0.0377088 0.0588704 0.00376752
0 0.585003 0.479279 0.0284786 0.0331207 0.0036331
0 0.841027 0.710561 0.207956 0.18309 0.00357852
0 0.984436 0.854327 0.0311277 0.0443884 0.00353265
0 0.55124 0.0065433 0.0215136 0.0130866 0.00351082
0 0.518156 0.465829 0.0339745 0.0302235 0.00347574
0 0.017023 0.410858 0.0228764 0.0942007 0.0034193
0 0.583167 0.46274 0.0307978 0.0417982 0.00336193
0 0.881459 0.296967 0.0645699 0.049814 0.00336086
0 0.914952 0.457006 0.0266596 0.0316239 0.0031179
0 0.0192505 0.379859 0.0132257 0.04814 0.00306934
0 0.15671 0.408913 0.00920467 0.0151038 0.00306517
0 0.540787 0.477579 0.105327 0.129916 0.00304793
0 0.82594 0.0136566 0.0687479 0.022557 0.00300985
0 0.802484 0.709942 0.224959 0.23014 0.00295657
0 0.490441 0.51894 0.0324208 0.0607124 0.00283161
0 0.0168376 0.388314 0.0182833 0.0656451 0.00262607
0 0.779241 0.505733 0.0225443 0.0146605 0.0025017
0 0.0207936 0.394646 0.0216035 0.0859124 0.00245683
0 0.733342 0.618222 0.0245654 0.0307753 0.00240764
0 0.178252 0.113309 0.0185198 0.0171182 0.00237926
0 0.989195 0.653015 0.0216105 0.0225758 0.00230797
0 0.876218 0.620784 0.0864532 0.101154 0.00229831
0 0.58881 0.470077 0.027067 0.0421135 0.00228496
0 0.48757 0.548784 0.0202401 0.035971 0.00223628
0 0.817145 0.28955 0.0279854 0.0146104 0.0021369
0 0.914589 0.525139 0.0332943 0.0867931 0.00206879
0 0.773842 0.277725 0.0363644 0.0333656 0.00203754
0 0.912056 0.46916 0.0495562 0.0592489 0.00200447
0 0.472263 0.0567903 0.0544341 0.0231799 0.00199249
0 0.0121499 0.403571 0.0220014 0.0760104 0.00187851
0 0.0212198 0.388946 0.0190741 0.0504654 0.00182853
0 0.0127043 0.00408982 0.0240094 0.00817965 0.00181988
0 0.68452 0.356259 0.0247258 0.0191775 0.001788
0 0.803277 0.010209 0.100111 0.0204181 0.00174177
0 0.00592269 0.0135231 0.0118454 0.0256494 0.00172446
0 0.500406 0.482985 0.0478386 0.0506313 0.00168911
0 0.936961 0.968019 0.079607 0.0456171 0.00165884
0 0.982142 0.6108 0.0357152 0.100324 0.00165502
0 0.00532207 0.418419 0.0106441 0.0639255 0.00164641
0 0.0237634 0.379325 0.00811225 0.030912 0.00162528
0 0.817776 0.290369 0.0410274 0.0221191 0.00160834
0 0.852827 0.626591 0.0261921 0.0378313 0.00158864
0 0.856289 0.614082 0.0354311 0.0269735 0.00156673
0 0.0259936 0.377701 0.0146684 0.0419621 0.00155649
0 0.0140927 0.00565968 0.0221958 0.0113194 0.0015474
0 0.729444 0.608763 0.0302844 0.0525049 0.00146443
0 0.00722363 0.408038 0.0144473 0.0656844 0.00143201
0 0.990671 0.856947 0.0186582 0.039632 0.00142796
0 0.822511 0.293926 0.018598 0.0140784 0.00138573
0 0.0173563 0.389049 0.011538 0.0472522 0.00136096
0 0.534377 0.518801 0.183984 0.174141 0.00134476
0 0.8356 0.762468 0.0300575 0.0286896 0.00133234
0 0.981786 0.46575 0.0292969 0.0248809 0.00125898
0 0.163749 0.404848 0.00726979 0.0430478 0.00123783
0 0.527886 0.464334 0.0257233 0.0234559 0.00122665
0 0.842638 0.603539 0.254125 0.272179 0.00120664
0 0.54037 0.461248 0.21248 0.239288 0.00118148
0 0.576389 0.467212 0.0774947 0.130195 0.00114801
0 0.79108 0.276542 0.113124 0.109441 0.00113891
0 0.477685 0.512478 0.0486906 0.0815083 0.0011368
0 0.56019 0.490201 0.107374 0.0860799 0.00111301
0 0.791209 0.983723 0.0255775 0.0324631 0.00110428
0 0.0231216 0.3724 0.0326213 0.103245 0.0011011
0 0.536081 0.097644 0.0264329 0.0298795 0.00108292
0 0.0183009 0.398105 0.0316042 0.0617907 0.00103713
0 0.508344 0.465876 0.0402985 0.0445335 0.00102786
0 0.885535 0.643212 0.228929 0.267761 0.00102572
0 0.822332 0.292169 0.023595 0.0221719 0.00102563
0 0.0133659 0.402084 0.0147442 0.05251 0.00101965
