0 0.660412 0.375366 0.0396025 0.0689037 0.703822
0 0.451305 0.631447 0.241208 0.0831016 0.554784
0 0.4996 0.627457 0.147136 0.0705689 0.410497
0 0.657049 0.387493 0.0327905 0.0489454 0.234621
0 0.669898 0.370763 0.0527962 0.0795772 0.187811
0 0.851834 0.675566 0.026421 0.0358886 0.161574
0 0.644586 0.498477 0.025165 0.0158349 0.123031
0 0.448608 0.636822 0.278626 0.138494 0.0995583
0 0.0334202 0.88084 0.0668404 0.23832 0.0560809
0 0.660853 0.370602 0.0636958 0.0993587 0.0514717
0 0.666008 0.361422 0.0366428 0.0648915 0.03924
0 0.462405 0.628474 0.15955 0.0722015 0.0390401
0 0.680203 0.377097 0.0864924 0.0903647 0.0373434
0 0.699673 0.946172 0.0266547 0.038306 0.0368862
0 0.501231 0.630867 0.0962148 0.0620609 0.0314885
0 0.701512 0.38299 0.0943328 0.0588819 0.0300733
0 0.653098 0.396469 0.0296002 0.0420747 0.0295022
0 0.587467 0.311549 0.0275821 0.0595256 0.0268865
0 0.393207 0.644529 0.144085 0.0569331 0.0242881
0 0.646836 0.496904 0.0320737 0.0231614 0.0231226
0 0.886237 0.473188 0.0289175 0.0369065 0.0217849
0 0.484947 0.610677 0.23477 0.151528 0.0211024
0 0.193089 0.712179 0.03782 0.0540701 0.0147048
0 0.583493 0.318463 0.0243426 0.0461868 0.0140772
0 0.776771 0.0118715 0.0161148 0.0139268 0.0138565
0 0.646852 0.491817 0.0391606 0.0391579 0.0128706
0 0.684769 0.417607 0.0232093 0.0270123 0.0124894
0 0.660141 0.361478 0.0331846 0.0510841 0.0101759
0 0.0361961 0.820407 0.0723921 0.352969 0.0101659
0 0.067912 0.848076 0.135824 0.303848 0.00943455
0 0.693385 0.390401 0.0720841 0.0501138 0.00933551
0 0.691532 0.405075 0.0392494 0.0340547 0.00872204
0 0.51974 0.640824 0.262067 0.174399 0.00850403
0 0.644765 0.351895 0.181604 0.221694 0.00841233
0 0.688069 0.353758 0.182999 0.175193 0.00838376
0 0.191033 0.708315 0.0242919 0.0583241 0.00830647
0 0.66941 0.351295 0.023923 0.0414192 0.00729472
0 0.68658 0.402535 0.0512107 0.0616674 0.00695296
0 0.684833 0.408708 0.033449 0.0310637 0.00690954
0 0.641934 0.501163 0.0213068 0.0176481 0.00668121
0 0.687949 0.413615 0.0234454 0.0218182 0.00664346
0 0.373424 0.648799 0.107784 0.0454454 0.00648229
0 0.674967 0.358907 0.0319906 0.0513751 0.00615886
0 0.893439 0.471398 0.028647 0.0382829 0.00524285
0 0.00543244 0.780579 0.0101543 0.0460759 0.00509501
0 0.651659 0.488029 0.0464126 0.070603 0.00489521
0 0.887314 0.475427 0.0354341 0.0508199 0.00476356
0 0.905446 0.41187 0.0130766 0.026055 0.00471479
0 0.707674 0.378867 0.053309 0.0458795 0.00461671
0 0.029342 0.8568 0.0480821 0.131284 0.0044834
0 0.00920438 0.700278 0.0148384 0.0126873 0.00437862
0 0.66399 0.472942 0.0784815 0.090345 0.0041614
0 0.0522102 0.866914 0.10442 0.266172 0.00401432
0 0.524016 0.621849 0.102643 0.064971 0.00399928
0 0.0456521 0.87664 0.0913042 0.246719 0.0038766
0 0.436399 0.605151 0.237733 0.0951221 0.00384698
0 0.00586058 0.0125084 0.0117212 0.0194988 0.00381094
0 0.35618 0.647573 0.0553577 0.0389748 0.00348306
0 0.582416 0.319206 0.0316729 0.0597603 0.00336104
0 0.650227 0.400448 0.0181808 0.0323067 0.00333145
0 0.432833 0.639933 0.178442 0.06431 0.00320516
0 0.0541953 0.991195 0.0283686 0.0176098 0.00314263
0 0.70837 0.373428 0.073777 0.0449859 0.0030154
0 0.644763 0.506334 0.0382756 0.0697469 0.00299762
0 0.932333 0.0108169 0.018675 0.0111191 0.00299283
0 0.673364 0.417475 0.024472 0.0370328 0.00281447
0 0.962924 0.44481 0.0165443 0.0310115 0.00280074
0 0.589207 0.457051 0.0155234 0.0220099 0.00271498
0 0.712501 0.369068 0.0932301 0.0661512 0.00270757
0 0.725821 0.453837 0.0263904 0.029584 0.00268701
0 0.662004 0.351591 0.024077 0.0444803 0.00257942
0 0.104959 0.808366 0.209918 0.363909 0.00255924
0 0.889781 0.701809 0.021546 0.0141268 0.00251225
0 0.488323 0.0329256 0.0163927 0.0181462 0.00248679
0 0.8999 0.475266 0.0209026 0.0329536 0.00246569
0 0.68097 0.426534 0.0238111 0.0314162 0.00245631
0 0.709012 0.283333 0.028579 0.0232595 0.00240706
0 0.671438 0.427921 0.0220761 0.0306204 0.00232317
0 0.694459 0.382251 0.0557311 0.0544391 0.00231699
0 0.706179 0.288661 0.0349644 0.0313223 0.00230779
0 0.666299 0.402558 0.0350109 0.0402329 0.00229318
0 0.058227 0.791472 0.116454 0.41448 0.00227097
0 0.399023 0.627262 0.155844 0.0802816 0.00221566
0 0.674513 0.353753 0.0501587 0.0761197 0.00219864
0 0.711018 0.38355 0.109705 0.0905406 0.00215493
0 0.40445 0.705814 0.0368282 0.0386063 0.00209335
0 0.698756 0.395017 0.0753175 0.0788684 0.00207899
0 0.653187 0.359549 0.0276263 0.0493616 0.00206653
0 0.679908 0.417672 0.0772945 0.08127 0.00205108
0 0.50747 0.148081 0.00251675 0.009551 0.00200863
0 0.718333 0.371566 0.0718769 0.0285436 0.00196066
0 0.675622 0.351021 0.0250669 0.0369562 0.00192429
0 0.0317696 0.820787 0.0635392 0.218436 0.00187225
0 0.687729 0.456687 0.0354286 0.0554794 0.00184901
0 0.70001 0.952888 0.0364449 0.0494862 0.0017625
0 0.0242588 0.817423 0.0325546 0.0812029 0.00175761
0 0.405147 0.64459 0.0825598 0.0423627 0.00175105
0 0.292288 0.136527 0.0484053 0.0611407 0.00173338
0 0.88506 0.462295 0.0259983 0.0199018 0.00172517
0 0.378446 0.649239 0.231678 0.0851137 0.00169492
0 0.347172 0.653209 0.0512628 0.0321927 0.001681
0 0.493726 0.62293 0.0591731 0.0660291 0.00164073
0 0.853351 0.682595 0.0235062 0.0326426 0.0016146
0 0.904677 0.446691 0.0125435 0.020934 0.00161354
0 0.686409 0.438914 0.0304238 0.0310446 0.00159658
0 0.621779 0.752768 0.756441 0.472778 0.00159103
0 0.158709 0.840633 0.317417 0.290801 0.00159042
0 0.00833352 0.788008 0.0121872 0.0477041 0.00155112
0 0.00763386 0.77642 0.00975167 0.0404432 0.00149932
0 0.61337 0.334509 0.0152246 0.0186575 0.00141375
0 0.775396 0.0143142 0.0269103 0.026222 0.00140797
0 0.66466 0.463099 0.0887714 0.144838 0.00138611
0 0.590744 0.301342 0.0246605 0.0602291 0.00138338
0 0.685268 0.43005 0.02995 0.0418905 0.00137205
0 0.446666 0.656836 0.215371 0.108893 0.00136771
0 0.69372 0.444503 0.0295988 0.0331287 0.00136765
0 0.603162 0.322375 0.06549 0.086975 0.0013673
0 0.668026 0.309621 0.0921384 0.109502 0.00135764
0 0.00383418 0.781176 0.00766836 0.0357176 0.00135747
0 0.0320779 0.821933 0.0473632 0.118629 0.00131864
0 0.644688 0.385061 0.0699966 0.0954201 0.00131234
0 0.892746 0.456546 0.024758 0.020378 0.00129191
0 0.696233 0.286848 0.056044 0.0411021 0.00129166
0 0.828532 0.642868 0.0209669 0.0277976 0.0012646
0 0.895221 0.469585 0.0359079 0.0529646 0.00124912
0 0.0536637 0.805457 0.107327 0.389085 0.00120504
0 0.715203 0.363244 0.123052 0.109799 0.00119561
0 0.909508 0.663166 0.0402691 0.0418803 0.00119523
0 0.49076 0.978215 0.0226936 0.0292831 0.00118858
0 0.445473 0.570711 0.381129 0.236443 0.00117379
0 0.879151 0.469072 0.02404 0.0291844 0.00116715
0 0.931468 0.0115001 0.0200914 0.0184364 0.00116022
0 0.433384 0.614467 0.16986 0.0867321 0.00113124
0 0.671139 0.428493 0.0313523 0.0386865 0.00112103
0 0.677636 0.354138 0.0660123 0.0973243 0.00110483
0 0.692129 0.453888 0.0292164 0.0423052 0.00109484
0 0.895805 0.45352 0.0265709 0.0371257 0.00108149
0 0.730699 0.367818 0.0443272 0.0274672 0.0010521
0 0.00538661 0.783905 0.0107732 0.0340731 0.00103589
0 0.689598 0.431157 0.0333311 0.0292118 0.00103559
0 0.9029 0.416646 0.0175776 0.0268586 0.00103216
0 0.682287 0.460041 0.0523516 0.0692756 0.00101665
