0 0.651886 0.830479 0.205325 0.175032 0.590316
0 0.878579 0.39304 0.238356 0.17115 0.465231
0 0.322823 0.368437 0.155204 0.148777 0.372404
0 0.445677 0.160355 0.594857 0.32071 0.149996
0 0.331608 0.349329 0.1276 0.105392 0.0812267
0 0.617355 0.518343 0.0364146 0.0485833 0.0644494
0 0.232648 0.417291 0.0309946 0.0682127 0.0363644
0 0.883578 0.423949 0.209476 0.261956 0.0291581
0 0.31012 0.35209 0.0763422 0.108604 0.0249061
0 0.297054 0.37947 0.110009 0.135728 0.0244172
0 0.863495 0.478585 0.246878 0.380006 0.0230702
0 0.203722 0.192025 0.119337 0.0356096 0.0217626
0 0.88811 0.381122 0.159815 0.160139 0.0198534
0 0.39106 0.159984 0.31247 0.305986 0.0191634
0 0.270497 0.416641 0.0469235 0.0572912 0.0186177
0 0.565645 0.00950591 0.0306599 0.0190118 0.0169411
0 0.659033 0.854933 0.15947 0.244978 0.0151647
0 0.25394 0.205467 0.169872 0.0678216 0.0129596
0 0.216649 0.196345 0.164161 0.0468513 0.0127473
0 0.272341 0.399057 0.0989281 0.0996305 0.0111582
0 0.389764 0.859163 0.0282409 0.0262154 0.0111335
0 0.306811 0.240643 0.0922809 0.0409198 0.010452
0 0.336222 0.334789 0.173952 0.143937 0.0101112
0 0.611076 0.527218 0.0237478 0.034286 0.0100066
0 0.318833 0.256402 0.104686 0.0600146 0.00977036
0 0.282256 0.367091 0.145669 0.172858 0.00973662
0 0.574867 0.191681 0.850265 0.383361 0.00937538
0 0.254948 0.206524 0.0961084 0.0565241 0.00891089
0 0.266621 0.223222 0.181446 0.092511 0.00878086
0 0.276521 0.214392 0.123052 0.0792859 0.00823146
0 0.223222 0.411895 0.0395584 0.0803538 0.00786545
0 0.156207 0.106335 0.0772277 0.0229367 0.00729602
0 0.302084 0.232589 0.0726292 0.0267507 0.00726274
0 0.0112311 0.160928 0.0224622 0.0568193 0.00715459
0 0.844022 0.370873 0.180975 0.129328 0.00680599
0 0.270537 0.396999 0.146505 0.147164 0.00669203
0 0.303269 0.240341 0.136293 0.0794726 0.00602401
0 0.668505 0.81177 0.160546 0.133621 0.00600043
0 0.183122 0.19216 0.124633 0.0277802 0.00597871
0 0.78696 0.385439 0.0546616 0.041035 0.0058092
0 0.244124 0.208135 0.0784157 0.0348781 0.00540366
0 0.583165 0.147329 0.597414 0.294658 0.00533733
0 0.292959 0.336242 0.067083 0.0596839 0.00518091
0 0.288872 0.318643 0.0432587 0.0320801 0.00475318
0 0.110959 0.953186 0.012325 0.0142233 0.00473866
0 0.285626 0.412493 0.0767805 0.0609982 0.0046779
0 0.19483 0.200749 0.136376 0.0276967 0.00436868
0 0.264335 0.233744 0.231119 0.135824 0.00432511
0 0.387318 0.864534 0.0234569 0.032872 0.0043172
0 0.0781436 0.133408 0.0636871 0.0456242 0.00430246
0 0.292532 0.232585 0.110605 0.0583579 0.00426972
0 0.23526 0.407922 0.0454971 0.0722221 0.0042428
0 0.271102 0.397106 0.0616896 0.0926996 0.00414804
0 0.330346 0.364723 0.0916785 0.13683 0.00406733
0 0.278515 0.366247 0.0927899 0.144741 0.00395327
0 0.342577 0.324244 0.301685 0.209277 0.00387507
0 0.301066 0.325315 0.065547 0.0523348 0.00385618
0 0.538588 0.120334 0.885921 0.240669 0.00384726
0 0.309727 0.154193 0.55473 0.308385 0.00370893
0 0.232567 0.193122 0.169081 0.079643 0.00365634
0 0.265397 0.358426 0.348322 0.245645 0.00362103
0 0.699359 0.831628 0.199787 0.189374 0.00354809
0 0.395221 0.865366 0.0379548 0.0355839 0.00333436
0 0.260079 0.415297 0.0328457 0.0629189 0.00320292
0 0.627598 0.876341 0.234042 0.236657 0.00315156
0 0.202897 0.188333 0.0885501 0.0273135 0.00304538
0 0.302745 0.403957 0.112082 0.0917123 0.00289811
0 0.456534 0.142564 0.325786 0.285129 0.00288929
0 0.225827 0.408496 0.0654738 0.0980963 0.00281451
0 0.21372 0.202898 0.229623 0.122183 0.00281444
0 0.250916 0.244639 0.353308 0.235929 0.00280341
0 0.255993 0.294464 0.306778 0.236529 0.00279163
0 0.392406 0.874368 0.0350351 0.0473017 0.00275706
0 0.256444 0.41634 0.0921482 0.0726801 0.00264408
0 0.328176 0.245154 0.092113 0.0301854 0.00260859
0 0.0239713 0.535312 0.0479427 0.0794184 0.00254666
0 0.00775906 0.669806 0.0155181 0.045409 0.00250046
0 0.259043 0.226363 0.11394 0.0686455 0.00235855
0 0.727263 0.839271 0.332343 0.224241 0.00235197
0 0.190006 0.202044 0.154302 0.073076 0.00232557
0 0.295202 0.228913 0.0446362 0.0274551 0.00231067
0 0.125172 0.387369 0.0300529 0.0319245 0.00227738
0 0.6723 0.830933 0.0954983 0.143523 0.00219828
0 0.608199 0.52018 0.0356244 0.0432022 0.00218935
0 0.625841 0.524027 0.055134 0.0433503 0.00216891
0 0.288899 0.22917 0.0648753 0.0386168 0.00216499
0 0.205553 0.185882 0.152451 0.0544071 0.00210992
0 0.23456 0.207165 0.116637 0.0292149 0.00208373
0 0.646358 0.774141 0.263361 0.221402 0.00207286
0 0.0122429 0.687541 0.019853 0.0681689 0.00202769
0 0.206228 0.203094 0.345734 0.290202 0.00201701
0 0.28743 0.203455 0.435157 0.25621 0.00200994
0 0.308006 0.325789 0.0849006 0.0775511 0.00194981
0 0.249428 0.18254 0.216415 0.122689 0.00189414
0 0.530246 0.0318911 0.0214642 0.015679 0.00186386
0 0.318162 0.224761 0.0967134 0.047821 0.00184492
0 0.654606 0.778379 0.214234 0.117566 0.00184271
0 0.00962921 0.679521 0.0192584 0.0575136 0.00183269
0 0.136114 0.131162 0.20173 0.0661478 0.00182295
0 0.250643 0.17149 0.270702 0.179429 0.00175596
0 0.293249 0.41624 0.139306 0.139662 0.00175532
0 0.60479 0.529603 0.0267145 0.0378837 0.00174127
0 0.212438 0.232706 0.203398 0.20207 0.00172635
0 0.0403274 0.633245 0.0806547 0.273121 0.00171565
0 0.659999 0.842098 0.162704 0.125529 0.00162518
0 0.627706 0.814206 0.153743 0.122549 0.00161574
0 0.581771 0.8188 0.0691174 0.0794636 0.00159397
0 0.329838 0.276471 0.101055 0.0937869 0.001592
0 0.328607 0.251619 0.221191 0.175023 0.00158816
0 0.328866 0.266551 0.0711792 0.0666385 0.00158223
0 0.625792 0.511713 0.0436319 0.0559206 0.00153656
0 0.698908 0.833313 0.12181 0.155123 0.00152462
0 0.243003 0.205942 0.0506344 0.030838 0.00150254
0 0.30629 0.237378 0.0552197 0.0375153 0.00148251
0 0.570466 0.0105705 0.0453355 0.021141 0.00145486
0 0.0553195 0.584505 0.110639 0.207187 0.00145037
0 0.265381 0.19622 0.104115 0.0688729 0.00144916
0 0.297436 0.345912 0.0630817 0.0924109 0.00142919
0 0.404026 0.883593 0.0625727 0.0708439 0.00139626
0 0.136145 0.15203 0.211041 0.122811 0.00138219
0 0.176021 0.109329 0.122008 0.0382756 0.00138205
0 0.851962 0.321275 0.282454 0.236346 0.00137935
0 0.608787 0.534853 0.0187163 0.0246216 0.00136211
0 0.00774682 0.666527 0.0154936 0.0688886 0.00135621
0 0.276885 0.337705 0.123899 0.0848835 0.00134604
0 0.25383 0.420227 0.157491 0.135014 0.00132286
0 0.220038 0.41085 0.107613 0.142811 0.00131948
0 0.313703 0.280893 0.124789 0.120418 0.00130576
0 0.163863 0.101826 0.109645 0.0273897 0.00128994
0 0.0217908 0.523142 0.0428807 0.0641479 0.00124595
0 0.233569 0.285328 0.22098 0.170822 0.00124107
0 0.18892 0.180968 0.113466 0.0410941 0.00121954
0 0.212239 0.222398 0.168394 0.103528 0.00120562
0 0.613427 0.515375 0.0939329 0.129817 0.00120495
0 0.255939 0.194755 0.0744079 0.0556859 0.00119308
0 0.0152804 0.70519 0.0222764 0.0950098 0.00119161
0 0.183805 0.228608 0.152757 0.125666 0.00118526
0 0.866385 0.643892 0.00669689 0.0214576 0.00118246
0 0.861833 0.328286 0.222307 0.115254 0.0011775
0 0.330094 0.222998 0.0713844 0.0346053 0.00116992
0 0.388808 0.211132 0.244058 0.261784 0.00116867
0 0.447486 0.242195 0.744106 0.385373 0.00116781
0 0.285783 0.326974 0.0570514 0.0487622 0.00115236
0 0.284455 0.313875 0.0426972 0.0257955 0.00115156
0 0.114157 0.953109 0.0171939 0.018084 0.00114111
0 0.571841 0.00879075 0.0367459 0.0168393 0.00112719
0 0.165056 0.145279 0.171418 0.0857323 0.00112534
0 0.183292 0.262697 0.161249 0.228629 0.00110945
0 0.230726 0.197158 0.112052 0.0396465 0.0011049
0 0.36661 0.355151 0.250374 0.156908 0.00110297
0 0.695671 0.784309 0.197057 0.103471 0.00109455
0 0.28536 0.358826 0.0679678 0.117938 0.00108137
0 0.153291 0.251594 0.306581 0.472744 0.00106983
0 0.39621 0.868708 0.0487366 0.0554895 0.00105995
0 0.205939 0.167632 0.236018 0.148748 0.00105251
0 0.880361 0.503737 0.210649 0.260864 0.00105028
0 0.616596 0.507507 0.0439547 0.0737806 0.00104257
0 0.329327 0.230924 0.0787 0.0274134 0.00103811
0 0.181453 0.187186 0.0828942 0.0290629 0.00101079
0 0.60506 0.52883 0.0360096 0.0481015 0.00100345
