0 0.79148 0.746805 0.0901307 0.136944 0.832216
0 0.209665 0.247458 0.0822685 0.125753 0.729818
0 0.766596 0.16666 0.0685679 0.052517 0.511686
0 0.585589 0.0593788 0.13217 0.118758 0.221175
0 0.763119 0.157192 0.0541008 0.0439999 0.141652
0 0.197483 0.205154 0.0555852 0.0309204 0.135377
0 0.796584 0.74578 0.168328 0.171851 0.134621
0 0.766621 0.164259 0.0788046 0.0822782 0.0806411
0 0.968253 0.398861 0.0218201 0.0280681 0.0723503
0 0.19899 0.216737 0.0602253 0.0405007 0.0648879
0 0.201625 0.245337 0.162661 0.17236 0.0620705
0 0.775171 0.174571 0.0603445 0.0484977 0.0539211
0 0.219468 0.258741 0.0713246 0.0955008 0.03225
0 0.773773 0.155114 0.0376576 0.0345105 0.0303577
0 0.785948 0.722527 0.0641621 0.0725257 0.0244272
0 0.207536 0.22191 0.0724863 0.0668986 0.024184
0 0.752652 0.156768 0.0417737 0.0311592 0.0220805
0 0.795589 0.724637 0.0749294 0.0934611 0.0220036
0 0.570446 0.0423153 0.104581 0.0794847 0.0190022
0 0.262038 0.242504 0.019254 0.0123436 0.0171511
0 0.226213 0.270831 0.0426643 0.0606777 0.0168691
0 0.260545 0.240255 0.0173387 0.0115879 0.0156623
0 0.793835 0.704758 0.0377423 0.0485813 0.0141154
0 0.205741 0.237366 0.058494 0.0650311 0.0132029
0 0.969202 0.410125 0.0330019 0.0473576 0.012285
0 0.788661 0.701238 0.0433651 0.0358682 0.0119326
0 0.745487 0.150014 0.175549 0.197025 0.0116785
0 0.787333 0.775121 0.0881919 0.106886 0.0112662
0 0.863591 0.175232 0.027293 0.0401277 0.0105519
0 0.782117 0.709324 0.0498888 0.0455106 0.00953378
0 0.778138 0.152577 0.0274971 0.027398 0.0085719
0 0.973329 0.428545 0.0417675 0.0830275 0.0067758
0 0.768831 0.184096 0.0702055 0.0601053 0.00671995
0 0.86865 0.179366 0.0244293 0.0332975 0.0066555
0 0.738298 0.0776042 0.017706 0.0139405 0.00658546
0 0.747894 0.149905 0.0323079 0.0256918 0.0063518
0 0.194172 0.207694 0.057213 0.0521278 0.00627275
0 0.566644 0.0345952 0.0791153 0.058921 0.00613352
0 0.728869 0.141828 0.0199455 0.0197894 0.00593968
0 0.211962 0.249682 0.0563433 0.0707149 0.00492276
0 0.746074 0.150559 0.0670933 0.0373491 0.0048938
0 0.734685 0.0788859 0.0117657 0.0147615 0.00485698
0 0.861448 0.169122 0.0213638 0.0376412 0.0047618
0 0.72324 0.141847 0.0136289 0.0147102 0.00459834
0 0.972446 0.405616 0.0243315 0.0322037 0.00446368
0 0.752451 0.174056 0.0968983 0.0612754 0.00421074
0 0.799662 0.697176 0.0244312 0.0365496 0.00392282
0 0.736411 0.156669 0.122208 0.0686976 0.003887
0 0.331796 0.27489 0.0759356 0.145284 0.00384467
0 0.789364 0.175142 0.0447821 0.0369874 0.0036774
0 0.80162 0.784198 0.063736 0.0700266 0.00366432
0 0.77944 0.183439 0.0477804 0.0390267 0.00350165
0 0.548826 0.0286813 0.0634692 0.0468775 0.00341534
0 0.751901 0.163817 0.0474247 0.0392088 0.00337636
0 0.788166 0.178049 0.0313005 0.0324419 0.00327449
0 0.292206 0.260164 0.154904 0.129806 0.00301567
0 0.753366 0.136182 0.103669 0.0887352 0.00301352
0 0.222509 0.263648 0.0986987 0.118558 0.00288247
0 0.563009 0.00466835 0.0194136 0.0093367 0.00284609
0 0.817082 0.792932 0.0388861 0.0438985 0.00282852
0 0.984493 0.974856 0.0310147 0.0465508 0.00270327
0 0.236243 0.220604 0.219053 0.202346 0.00270192
0 0.771197 0.705483 0.026622 0.0347411 0.00268115
0 0.543906 0.0201635 0.0465416 0.0347078 0.00262188
0 0.731384 0.137688 0.0221984 0.0198437 0.00261854
0 0.626609 0.0672131 0.252127 0.134426 0.0025775
0 0.76882 0.699295 0.0251238 0.0266313 0.00245708
0 0.737695 0.151334 0.0477729 0.0266115 0.00242811
0 0.569634 0.070887 0.18402 0.126206 0.0024156
0 0.0853857 0.0806828 0.170771 0.161366 0.002325
0 0.651391 0.969182 0.132046 0.047909 0.0022334
0 0.214584 0.223656 0.0980667 0.0928779 0.00220553
0 0.991431 0.00473423 0.0146484 0.00946846 0.00217797
0 0.802274 0.703285 0.0345037 0.045076 0.00215483
0 0.814503 0.745822 0.110047 0.128617 0.00205615
0 0.25931 0.241176 0.020329 0.0235118 0.00202711
0 0.789515 0.184049 0.214277 0.225948 0.00202321
0 0.238789 0.278647 0.0298745 0.0520775 0.00198731
0 0.198068 0.248489 0.0578108 0.0683969 0.00197793
0 0.724951 0.139454 0.0165415 0.0176091 0.00188342
0 0.987793 0.0037273 0.0243542 0.0074546 0.00187459
0 0.864315 0.175004 0.0353134 0.0531988 0.00184676
0 0.811724 0.747416 0.0564686 0.142038 0.00181395
0 0.212659 0.275559 0.0658612 0.07958 0.001778
0 0.980245 0.420488 0.0323996 0.0646532 0.00173565
0 0.688305 0.0339884 0.00929689 0.00834175 0.0017317
0 0.594657 0.0571151 0.209442 0.11423 0.00170785
0 0.808097 0.797552 0.0521036 0.049456 0.00168408
0 0.187436 0.200806 0.0356945 0.0222074 0.0016556
0 0.774109 0.710067 0.0461737 0.032889 0.00161064
0 0.854885 0.168317 0.0340425 0.0407466 0.00160926
0 0.736415 0.15317 0.026476 0.0207953 0.00158673
0 0.727822 0.157382 0.176564 0.132984 0.00158314
0 0.754522 0.125762 0.138243 0.153488 0.00154034
0 0.870772 0.184492 0.0166433 0.0282401 0.00153578
0 0.283581 0.247475 0.22894 0.206543 0.00152511
0 0.333869 0.294447 0.0591596 0.103574 0.00152065
0 0.532333 0.0458599 0.173166 0.0917199 0.00150651
0 0.773296 0.778962 0.0489959 0.0616234 0.00143803
0 0.231996 0.28491 0.030904 0.0514619 0.00141567
0 0.786373 0.746585 0.0586027 0.0697139 0.00140457
0 0.820484 0.800776 0.0364859 0.0374107 0.00137748
0 0.725918 0.144792 0.0270151 0.0279063 0.00137562
0 0.987828 0.00560197 0.0243435 0.0112039 0.00135536
0 0.689159 0.0339976 0.0154614 0.010742 0.0013502
0 0.223679 0.226496 0.119242 0.143686 0.00132986
0 0.973702 0.450024 0.0468927 0.125187 0.0012727
0 0.315404 0.275498 0.0977397 0.108498 0.00126125
0 0.858023 0.164377 0.0217991 0.0384544 0.00123991
0 0.785574 0.155639 0.0350172 0.0406936 0.00120432
0 0.758478 0.780782 0.0289763 0.0353672 0.00119926
0 0.776326 0.154526 0.0578836 0.0619571 0.00119413
0 0.747732 0.149835 0.0782645 0.0652067 0.00119316
0 0.832432 0.165364 0.10729 0.0621274 0.00118715
0 0.565519 0.0245605 0.0712887 0.0491209 0.00117627
0 0.188623 0.224302 0.0891266 0.115639 0.0011721
0 0.537899 0.0181657 0.0321777 0.030015 0.00116967
0 0.182028 0.205169 0.0478189 0.0285772 0.00114304
0 0.22292 0.255116 0.0486651 0.06491 0.00113553
0 0.750592 0.0775928 0.0316929 0.0200216 0.00111381
0 0.854664 0.169299 0.0527134 0.0497924 0.00111108
0 0.202885 0.272097 0.0707253 0.104038 0.00109299
0 0.725086 0.142977 0.0442974 0.0322169 0.00107997
0 0.255054 0.238804 0.14518 0.127293 0.00107902
0 0.189969 0.255303 0.106877 0.112797 0.00107519
0 0.764844 0.750364 0.0494372 0.105712 0.00106214
0 0.97476 0.974262 0.0216625 0.0514766 0.00103379
0 0.843708 0.177011 0.012809 0.0170417 0.00101994
0 0.96747 0.391838 0.0230778 0.0243155 0.0010024
0 0.689249 0.0354379 0.011975 0.00752375 0.00100178
