0 0.527797 0.887042 0.13395 0.149776 0.60472
0 0.0431344 0.090398 0.0862687 0.180796 0.598608
0 0.411432 0.251536 0.0239546 0.0214903 0.5705
0 0.484434 0.843949 0.037042 0.0436356 0.267077
0 0.0799931 0.0965308 0.159986 0.193062 0.236026
0 0.14576 0.268946 0.0132294 0.014163 0.211721
0 0.450029 0.933748 0.0131474 0.0159061 0.0752028
0 0.21452 0.257807 0.0102698 0.0126444 0.0709423
0 0.0499674 0.0999017 0.0999348 0.199803 0.0492067
0 0.494127 0.851192 0.047451 0.0667948 0.0444899
0 0.671519 0.297304 0.0111039 0.01301 0.0362746
0 0.142458 0.270165 0.0137807 0.0163206 0.0278599
0 0.503454 0.88448 0.116733 0.130783 0.0272898
0 0.413542 0.252641 0.0363083 0.0484086 0.0217179
0 0.486859 0.89 0.178948 0.150966 0.0171351
0 0.414898 0.248392 0.0258235 0.0274611 0.0168022
0 0.413559 0.258183 0.0268466 0.0316256 0.0167588
0 0.488308 0.849208 0.0278646 0.0388403 0.0150812
0 0.488043 0.861437 0.0784113 0.0817839 0.0136858
0 0.670482 0.990686 0.0313456 0.0157686 0.0123435
0 0.747341 0.490062 0.0343133 0.0415524 0.0120146
0 0.215869 0.259077 0.0141974 0.0169408 0.0117216
0 0.131674 0.100682 0.263349 0.201365 0.0111433
0 0.740851 0.491923 0.0261717 0.0351482 0.0106931
0 0.746042 0.493328 0.0220711 0.0409797 0.0104038
0 0.056788 0.301572 0.0119618 0.0139647 0.0102332
0 0.145293 0.26951 0.0172472 0.0228188 0.0100635
0 0.571805 0.899071 0.235618 0.153927 0.0099867
0 0.346018 0.574458 0.0145411 0.0137377 0.00958033
0 0.640517 0.995337 0.0217991 0.00932655 0.00830307
0 0.450871 0.937323 0.0208587 0.0197449 0.00829997
0 0.481318 0.854461 0.0482825 0.0518438 0.00787029
0 0.102097 0.12593 0.18601 0.251859 0.00775328
0 0.560243 0.933878 0.0487394 0.0568428 0.00750393
0 0.580005 0.893743 0.312193 0.206039 0.00747976
0 0.482904 0.834631 0.0311168 0.0370829 0.00740539
0 0.449322 0.371165 0.0248831 0.0115358 0.00735817
0 0.455233 0.370497 0.0116637 0.0134496 0.00625864
0 0.564009 0.933886 0.102821 0.0569893 0.0061788
0 0.037424 0.0744378 0.074848 0.134508 0.00574709
0 0.450517 0.932873 0.035159 0.0323696 0.00556365
0 0.673508 0.986988 0.0248654 0.0169361 0.00505184
0 0.499587 0.848422 0.0749909 0.0725685 0.00472722
0 0.448208 0.933012 0.0224189 0.0267279 0.00440271
0 0.404322 0.254358 0.0181272 0.0280534 0.00430721
0 0.531994 0.824399 0.145628 0.313484 0.00430405
0 0.03696 0.126404 0.0686911 0.158178 0.00404482
0 0.575972 0.951292 0.0342983 0.0217489 0.00367627
0 0.964111 0.468598 0.0428501 0.0472334 0.00345236
0 0.403738 0.25118 0.0272607 0.0222382 0.00344527
0 0.33885 0.854495 0.0153056 0.011202 0.00341519
0 0.522404 0.903326 0.0925118 0.131899 0.00336268
0 0.773562 0.49942 0.0107409 0.0164367 0.00329
0 0.421752 0.251888 0.036465 0.0273832 0.00315813
0 0.674068 0.300178 0.0135671 0.0140889 0.00309203
0 0.0840118 0.18231 0.168024 0.341186 0.00307735
0 0.443337 0.371752 0.0265637 0.0162189 0.00303566
0 0.528951 0.872801 0.0923704 0.125197 0.00288289
0 0.439248 0.372104 0.0229854 0.0124784 0.00286985
0 0.553622 0.928993 0.0420236 0.0447989 0.00283959
0 0.48719 0.866024 0.0398177 0.0668814 0.00276212
0 0.807587 0.973646 0.0498314 0.0527086 0.0027384
0 0.0624393 0.126008 0.115367 0.252016 0.00266405
0 0.332124 0.0154873 0.0106018 0.013317 0.00263472
0 0.0592336 0.301551 0.0141506 0.0108891 0.00255296
0 0.0434705 0.0462923 0.0776867 0.0925846 0.002484
0 0.555985 0.928354 0.0626566 0.0761259 0.00247142
0 0.742112 0.48443 0.0360535 0.0398681 0.00244959
0 0.658567 0.992797 0.0539706 0.0144064 0.00232402
0 0.544332 0.816986 0.236789 0.325892 0.00228562
0 0.458877 0.369604 0.0136316 0.0127684 0.00223319
0 0.212058 0.260439 0.0134474 0.0192229 0.00222541
0 0.67047 0.987401 0.0367929 0.0207062 0.00220511
0 0.515269 0.914948 0.211333 0.148139 0.00206404
0 0.48553 0.834565 0.0441465 0.0818724 0.00200368
0 0.573139 0.935179 0.174104 0.123047 0.00197325
0 0.565471 0.0122121 0.0111388 0.0126367 0.00196927
0 0.149002 0.27207 0.0181766 0.0210815 0.00192272
0 0.0284193 0.133898 0.0568385 0.123581 0.00182694
0 0.455057 0.370993 0.0174721 0.0166868 0.00182288
0 0.149879 0.0151945 0.0220052 0.0199134 0.00178093
0 0.773491 0.496201 0.0166053 0.0245978 0.00176503
0 0.496189 0.870504 0.0478076 0.0872833 0.00176029
0 0.569253 0.939694 0.0500619 0.0408781 0.00173658
0 0.563392 0.0173415 0.0137678 0.0184182 0.00173615
0 0.216088 0.253651 0.0134588 0.0193799 0.00171934
0 0.0597781 0.302179 0.0193186 0.0155092 0.0017161
0 0.66274 0.988745 0.0503214 0.0225107 0.00166664
0 0.333744 0.0189231 0.0114366 0.0196016 0.00164623
0 0.462988 0.862154 0.283325 0.259573 0.00162325
0 0.732661 0.488118 0.0425825 0.042467 0.00161969
0 0.0516106 0.0940085 0.100702 0.134926 0.0016143
0 0.458774 0.369415 0.0148599 0.0198507 0.00156278
0 0.0189803 0.162982 0.0312489 0.0467617 0.0015363
0 0.128022 0.0883178 0.137831 0.170899 0.0015198
0 0.456858 0.367076 0.017633 0.0130102 0.00151921
0 0.347485 0.576696 0.0158543 0.0104582 0.0015047
0 0.334686 0.0138935 0.0142062 0.0150905 0.00148598
0 0.44843 0.924385 0.057455 0.052841 0.00146644
0 0.670187 0.299567 0.0189264 0.0216055 0.00146357
0 0.184932 0.1405 0.367529 0.280999 0.00144955
0 0.517153 0.918002 0.13945 0.163997 0.00136857
0 0.297441 0.969944 0.119512 0.0496675 0.00131997
0 0.79676 0.97618 0.0242945 0.0476397 0.00131243
0 0.449421 0.929052 0.0121024 0.0245613 0.00130408
0 0.348377 0.574255 0.0228721 0.01698 0.00129777
0 0.776973 0.498412 0.0085556 0.0194137 0.0012666
0 0.335768 0.0180512 0.0157823 0.0291995 0.00125923
0 0.411152 0.240883 0.023947 0.0425177 0.00125894
0 0.411587 0.257343 0.0652847 0.0451399 0.00124754
0 0.39255 0.274529 0.0114062 0.0143904 0.00124689
0 0.563769 0.014626 0.0100821 0.0193078 0.00123633
0 0.00874839 0.169263 0.014217 0.026349 0.00121621
0 0.0541119 0.303328 0.0154627 0.0157426 0.0012137
0 0.583284 0.905568 0.399097 0.188864 0.00120547
0 0.331205 0.0190398 0.0118583 0.0212478 0.00116662
0 0.568388 0.0112835 0.0146916 0.0165134 0.00114772
0 0.516193 0.113456 0.0188678 0.0109822 0.00113684
0 0.236705 0.266896 0.0215866 0.0202486 0.00112549
0 0.458514 0.938735 0.068842 0.0676626 0.0010895
0 0.430502 0.564826 0.0654545 0.0629967 0.00107677
0 0.638809 0.865352 0.421971 0.256932 0.0010725
0 0.444521 0.371941 0.0369321 0.0259766 0.00105502
0 0.554838 0.849405 0.167395 0.190628 0.00103838
0 0.0925333 0.0051982 0.0298544 0.00987073 0.00102842
0 0.401729 0.860777 0.447673 0.204062 0.00102514
0 0.462802 0.915981 0.156058 0.0914015 0.00102123
0 0.775256 0.500742 0.0211737 0.0202385 0.00101739
0 0.542614 0.862789 0.1434 0.121066 0.00101194
0 0.410907 0.269683 0.0350357 0.0410933 0.00100993
0 0.129918 0.0794723 0.215093 0.158945 0.00100822
0 0.45279 0.928912 0.0121741 0.0288275 0.00100125
