0 0.508053 0.935567 0.0437843 0.072781 0.79913
0 0.208704 0.0545673 0.0694384 0.0476813 0.749183
0 0.506546 0.945919 0.0347856 0.0634981 0.110257
0 0.208005 0.0633934 0.072618 0.0859646 0.0801313
0 0.510284 0.93877 0.0599345 0.103144 0.0773283
0 0.443616 0.303228 0.0150742 0.0140566 0.0396365
0 0.713449 0.68978 0.0128236 0.0220443 0.0362423
0 0.5011 0.947574 0.0252909 0.0506847 0.0284833
0 0.225794 0.301048 0.015924 0.0119634 0.0270272
0 0.521192 0.93258 0.0603816 0.0757006 0.0175894
0 0.56518 0.419468 0.0236821 0.0418172 0.014247
0 0.193803 0.0845077 0.176552 0.169015 0.0123156
0 0.220987 0.0524742 0.0493015 0.0429692 0.0112397
0 0.493426 0.899391 0.174499 0.201219 0.00987341
0 0.558437 0.420572 0.0262914 0.0383223 0.00971303
0 0.446361 0.304715 0.0185897 0.0157567 0.00955903
0 0.203455 0.0454104 0.0757877 0.0416637 0.00952923
0 0.52938 0.920112 0.1857 0.159776 0.00842073
0 0.562996 0.419818 0.0150747 0.0305096 0.00761418
0 0.566587 0.421281 0.0142064 0.0337212 0.0071953
0 0.0323099 0.707483 0.00873776 0.0138411 0.00650208
0 0.322737 0.396962 0.00654469 0.0184932 0.00632968
0 0.307312 0.798368 0.0130242 0.0149267 0.00521352
0 0.522344 0.927382 0.0741255 0.106845 0.00477019
0 0.503047 0.924769 0.0373127 0.0676641 0.00474957
0 0.322199 0.398611 0.0134501 0.0214765 0.00465914
0 0.494026 0.937859 0.0660467 0.0860106 0.00435689
0 0.506834 0.959485 0.0260179 0.0452063 0.00431305
0 0.324992 0.396544 0.00770812 0.0202837 0.0042613
0 0.571438 0.405411 0.0172107 0.0548467 0.00406631
0 0.556171 0.886587 0.0122705 0.0168226 0.00400117
0 0.0291291 0.70908 0.00843598 0.0145419 0.00388448
0 0.569332 0.416152 0.0198958 0.0316902 0.00379124
0 0.228908 0.0464191 0.0288284 0.0225398 0.00345984
0 0.228677 0.0463388 0.0345027 0.0324222 0.00322605
0 0.221999 0.0594894 0.0824573 0.0591055 0.00314966
0 0.441226 0.303843 0.0259879 0.0221817 0.00313241
0 0.712389 0.691977 0.0184529 0.0277195 0.00296107
0 0.325435 0.393297 0.0136691 0.0172082 0.0029245
0 0.523163 0.92234 0.0392582 0.0696598 0.00244074
0 0.0341905 0.708751 0.0115293 0.0208504 0.00242847
0 0.957846 0.706692 0.0638668 0.0741212 0.00226628
0 0.0340993 0.706685 0.00713719 0.01299 0.00213533
0 0.567905 0.416975 0.030235 0.0700468 0.00199231
0 0.199912 0.0717522 0.0679729 0.0602034 0.00198845
0 0.48684 0.374925 0.0109082 0.0121746 0.00195849
0 0.567252 0.406401 0.0226785 0.0405356 0.00182
0 0.596304 0.11897 0.807392 0.237941 0.00177754
0 0.505953 0.913278 0.0408142 0.0446215 0.00171569
0 0.444755 0.954669 0.0242854 0.0340292 0.00171494
0 0.20847 0.0431713 0.100565 0.0863427 0.00171331
0 0.514754 0.914496 0.0335776 0.0682575 0.00169388
0 0.444478 0.308433 0.0207576 0.0200132 0.00169094
0 0.0713994 0.954149 0.00938401 0.0086647 0.00160365
0 0.306767 0.797891 0.0176112 0.0200659 0.0015746
0 0.0706796 0.956613 0.0107887 0.0132858 0.00154107
0 0.556603 0.890221 0.0136248 0.0167179 0.00153879
0 0.00780693 0.00851792 0.0156139 0.014601 0.00153726
0 0.26363 0.971489 0.0460451 0.0449022 0.00151956
0 0.487933 0.942829 0.0927672 0.114342 0.00147711
0 0.968581 0.712362 0.0628381 0.078795 0.00144261
0 0.436473 0.2995 0.0330344 0.0239641 0.00138365
0 0.188095 0.061586 0.102688 0.101643 0.00136025
0 0.491752 0.941777 0.0551284 0.0571634 0.00135515
0 0.208663 0.16239 0.00602269 0.013364 0.00135178
0 0.679978 0.943331 0.0188466 0.0547966 0.00132482
0 0.241383 0.977916 0.0113177 0.0153097 0.00124227
0 0.483666 0.376088 0.0130301 0.0157398 0.00124146
0 0.716206 0.688694 0.0214453 0.0278515 0.0012284
0 0.500307 0.961631 0.0202362 0.039356 0.00122018
0 0.972243 0.694866 0.0555144 0.238201 0.00120114
0 0.0334104 0.99305 0.0142858 0.0118349 0.00119218
0 0.961095 0.724282 0.0690987 0.0577439 0.00118015
0 0.190301 0.0578578 0.0785704 0.0485649 0.001154
0 0.67886 0.964003 0.0224959 0.0394789 0.00114759
0 0.569785 0.413795 0.0116005 0.038132 0.00113812
0 0.189495 0.0632565 0.0575031 0.0364032 0.00110301
0 0.948249 0.728874 0.0889805 0.358145 0.00106755
0 0.552808 0.427433 0.0274682 0.0410612 0.00106539
0 0.562313 0.411604 0.020952 0.0320124 0.00106229
0 0.487902 0.374556 0.00651541 0.0111124 0.00106159
0 0.206181 0.0965009 0.0806175 0.139122 0.00105991
0 0.488623 0.371399 0.0154595 0.0140169 0.00102831
0 0.254301 0.971589 0.0266697 0.0348576 0.00101836
0 0.514815 0.912468 0.0394569 0.040991 0.00100322
