0 0.780694 0.501071 0.0139396 0.0197497 0.532231
0 0.287803 0.327777 0.183675 0.151897 0.415303
0 0.941831 0.588033 0.0191324 0.0359035 0.33557
0 0.942895 0.596687 0.0256371 0.0528844 0.134853
0 0.780646 0.50524 0.0161385 0.0252496 0.055751
0 0.78193 0.508322 0.0133715 0.0376585 0.0303844
0 0.943265 0.610765 0.0241352 0.0613315 0.0149622
0 0.512992 0.0232414 0.041993 0.0464828 0.0117447
0 0.783522 0.499336 0.0156317 0.01681 0.0107211
0 0.945681 0.592995 0.0206837 0.0396548 0.00823396
0 0.994163 0.426709 0.0101875 0.0230717 0.00643164
0 0.318319 0.324358 0.165452 0.122801 0.00621978
0 0.0347405 0.512108 0.0675825 0.0435121 0.00562701
0 0.78089 0.508543 0.0246542 0.0604846 0.00483591
0 0.024869 0.517016 0.0430504 0.0445398 0.00448207
0 0.293441 0.334354 0.0954187 0.146291 0.00403606
0 0.933862 0.591746 0.0265167 0.0420158 0.00386017
0 0.426625 0.341016 0.0540446 0.0306098 0.00385549
0 0.00512949 0.0123462 0.010259 0.0217339 0.00377915
0 0.0141551 0.519027 0.0283102 0.0404076 0.00333768
0 0.144255 0.0205557 0.0230189 0.0391739 0.00322193
0 0.930534 0.605844 0.0383898 0.0599557 0.00297307
0 0.0416039 0.51127 0.0521151 0.0297708 0.00292622
0 0.42971 0.340717 0.0456445 0.020956 0.00289231
0 0.777592 0.49889 0.0237118 0.0295996 0.00284463
0 0.940907 0.58333 0.0288946 0.0618401 0.00284023
0 0.0986262 0.259281 0.186497 0.244785 0.00277973
0 0.946039 0.583961 0.0182966 0.0277472 0.00268431
0 0.779269 0.51476 0.0207251 0.0400894 0.00247795
0 0.313737 0.335588 0.318235 0.167723 0.00244283
0 0.991144 0.428962 0.0134792 0.0197841 0.00235902
0 0.202996 0.00905409 0.0187651 0.0136598 0.00230567
0 0.145019 0.0145904 0.018516 0.0291808 0.0020117
0 0.942391 0.579054 0.019013 0.0204242 0.00201095
0 0.200237 0.0128645 0.0184481 0.0214938 0.00192983
0 0.782654 0.522691 0.0182713 0.0274683 0.00192768
0 0.824958 0.349855 0.0275991 0.0414137 0.00192619
0 0.784984 0.515384 0.0220364 0.0520305 0.00188534
0 0.933231 0.590201 0.0395399 0.0514826 0.00184894
0 0.949913 0.613599 0.0330532 0.0809698 0.00175855
0 0.345725 0.337017 0.0683247 0.0587656 0.001673
0 0.197597 0.0120429 0.0136525 0.0165945 0.00160347
0 0.992777 0.425243 0.014446 0.0299025 0.00158889
0 0.356728 0.319147 0.0589952 0.0381688 0.00151136
0 0.739129 0.537416 0.00824718 0.0155936 0.00143697
0 0.521318 0.0209758 0.0449174 0.0419516 0.00141708
0 0.587794 0.969319 0.0289574 0.0405518 0.00141617
0 0.942143 0.622015 0.0412626 0.0999376 0.00135293
0 0.940396 0.605345 0.0572086 0.0764018 0.00129892
0 0.991099 0.426523 0.0178026 0.0176898 0.00128919
0 0.373115 0.167027 0.176447 0.147657 0.00128492
0 0.109803 0.21871 0.159126 0.18404 0.00124892
0 0.995785 0.430572 0.00842972 0.0221871 0.0012393
0 0.342726 0.343646 0.0485412 0.0269294 0.0011974
0 0.270943 0.348559 0.140894 0.128803 0.0011952
0 0.335426 0.317478 0.112728 0.0985183 0.00119114
0 0.209612 0.351766 0.402705 0.264902 0.00119038
0 0.331395 0.336034 0.0993052 0.0855616 0.00107241
0 0.610257 0.969301 0.0395991 0.0395981 0.00105916
0 0.975825 0.954038 0.0215315 0.0408112 0.00103781
0 0.991535 0.894034 0.0169294 0.0627819 0.00101016
