0 0.515537 0.508515 0.236351 0.179476 0.723041
0 0.492176 0.480839 0.301705 0.258046 0.107905
0 0.639286 0.858447 0.0410515 0.0187166 0.0831886
0 0.642618 0.858316 0.0313422 0.0121885 0.0630199
0 0.313042 0.67264 0.0867281 0.0299834 0.0480314
0 0.130675 0.965589 0.0227421 0.0248827 0.0356481
0 0.330323 0.671044 0.178142 0.0287127 0.0175324
0 0.815604 0.587234 0.368793 0.0677302 0.0171576
0 0.390071 0.668488 0.362464 0.0428154 0.0145972
0 0.641723 0.854814 0.0346714 0.0201199 0.0145448
0 0.635281 0.858507 0.0535873 0.0258162 0.0126757
0 0.682177 0.939932 0.0243272 0.086467 0.0112923
0 0.606923 0.855895 0.0242909 0.0226355 0.0108984
0 0.454489 0.43356 0.383144 0.287606 0.0106087
0 0.715506 0.602405 0.480955 0.0688612 0.0098988
0 0.621463 0.858349 0.0550375 0.031245 0.00961683
0 0.646616 0.856793 0.0285024 0.016955 0.00805824
0 0.617865 0.861306 0.0360754 0.0219122 0.007578
0 0.864149 0.590405 0.237979 0.0595298 0.00701956
0 0.612756 0.857505 0.0478491 0.0259306 0.00630715
0 0.644038 0.861048 0.0383923 0.0296926 0.00620964
0 0.676643 0.938169 0.0237415 0.0819826 0.00615599
0 0.382045 0.67041 0.250045 0.0327235 0.00601742
0 0.31496 0.672233 0.0969363 0.0486807 0.00544495
0 0.616173 0.862787 0.0194389 0.0164858 0.0053075
0 0.744843 0.585524 0.510313 0.0834262 0.00527998
0 0.611434 0.86232 0.0183882 0.0204746 0.00521822
0 0.657746 0.746356 0.650847 0.40789 0.00485049
0 0.352767 0.67488 0.478124 0.0601167 0.00477579
0 0.707756 0.61408 0.464845 0.131191 0.00449774
0 0.706693 0.605985 0.133814 0.0356718 0.00425373
0 0.315736 0.66547 0.0885763 0.0237752 0.00421471
0 0.323383 0.673444 0.0860196 0.0222578 0.00405324
0 0.585172 0.512138 0.473286 0.209392 0.00396264
0 0.808241 0.594106 0.383519 0.134328 0.00377951
0 0.602867 0.849628 0.0217905 0.0137527 0.00375373
0 0.315906 0.6758 0.319168 0.0506745 0.00353881
0 0.602873 0.853471 0.0240074 0.0192617 0.00345566
0 0.64041 0.855283 0.0552404 0.0629301 0.00335367
0 0.705665 0.593955 0.588671 0.183862 0.00307636
0 0.380681 0.667248 0.252029 0.0542356 0.00264948
0 0.3002 0.676667 0.0873226 0.0351876 0.00260083
0 0.85423 0.011076 0.0135633 0.0119201 0.00259679
0 0.391125 0.666368 0.516412 0.105095 0.00254073
0 0.648252 0.784257 0.0413669 0.175839 0.00240392
0 0.150707 0.0186918 0.0152543 0.0174078 0.0023967
0 0.704156 0.638205 0.576239 0.36678 0.00231365
0 0.748646 0.817821 0.0448509 0.0387981 0.00229999
0 0.38735 0.656566 0.267129 0.0338221 0.00216302
0 0.338068 0.670819 0.204004 0.0429655 0.0020646
0 0.672308 0.600969 0.200729 0.0345482 0.00196688
0 0.390054 0.652189 0.746496 0.170664 0.00195356
0 0.420361 0.48685 0.532749 0.323842 0.00185479
0 0.533201 0.549643 0.195143 0.211151 0.00178734
0 0.649157 0.543417 0.69715 0.263386 0.00165146
0 0.376528 0.812938 0.753056 0.304568 0.00162409
0 0.965677 0.295764 0.00738773 0.0199206 0.00159563
0 0.129762 0.968636 0.0338736 0.0495293 0.00155448
0 0.832308 0.565915 0.335383 0.140166 0.00151797
0 0.622991 0.858426 0.0677902 0.0546513 0.00150349
0 0.643985 0.76845 0.0575805 0.238679 0.0014948
0 0.484608 0.663292 0.228374 0.0483888 0.00147947
0 0.637566 0.867359 0.0599936 0.037804 0.00147885
0 0.353715 0.688535 0.605829 0.124683 0.00144371
0 0.754946 0.810466 0.0527184 0.0381451 0.00141803
0 0.84797 0.579293 0.290581 0.100597 0.00140568
0 0.651151 0.792202 0.0232179 0.133123 0.00139467
0 0.655273 0.8627 0.0325498 0.0221119 0.00138423
0 0.315656 0.00760686 0.0227628 0.0139401 0.00138408
0 0.35166 0.701454 0.660224 0.198775 0.00134847
0 0.676957 0.92086 0.0196486 0.0890078 0.001297
0 0.644973 0.5535 0.468385 0.171672 0.00128911
0 0.645446 0.79329 0.348001 0.366312 0.00120872
0 0.648301 0.866604 0.0464947 0.059506 0.00117417
0 0.753023 0.782892 0.493955 0.353325 0.00116855
0 0.454344 0.66705 0.164765 0.0360704 0.00115876
0 0.596767 0.397832 0.588634 0.326043 0.00115354
0 0.670777 0.877496 0.0201722 0.0463413 0.00112761
0 0.428432 0.668554 0.112726 0.0205016 0.00110651
0 0.647322 0.766801 0.0272964 0.14468 0.00110298
0 0.473719 0.527454 0.367346 0.187048 0.00109611
0 0.729242 0.610711 0.0763182 0.0293917 0.00108054
0 0.310622 0.00787053 0.0175229 0.0130727 0.00105871
0 0.353629 0.555477 0.690104 0.233049 0.00105558
0 0.324743 0.671463 0.0583951 0.0243005 0.00100795
