0 0.0362387 0.165978 0.0724774 0.238165 0.704257
0 0.383844 0.500933 0.0889473 0.0768861 0.693469
0 0.350579 0.8059 0.0984344 0.0832974 0.593163
0 0.548121 0.0626405 0.0199389 0.0567515 0.480921
0 0.286799 0.664029 0.0892666 0.0229248 0.457497
0 0.383413 0.259889 0.0709848 0.205105 0.406362
0 0.454116 0.779301 0.0147961 0.0447395 0.30811
0 0.137694 0.275311 0.0431566 0.0594747 0.236904
0 0.385106 0.217731 0.07316 0.120579 0.215827
0 0.453274 0.843428 0.0235673 0.0401716 0.211061
0 0.306647 0.341169 0.0609939 0.0802825 0.183328
0 0.407822 0.165999 0.0308295 0.0236573 0.158906
0 0.361127 0.480767 0.0833136 0.102078 0.156073
0 0.0362671 0.237964 0.0541457 0.105775 0.142833
0 0.0328569 0.241759 0.0409508 0.0738616 0.116734
0 0.408007 0.362372 0.022011 0.0430904 0.114773
0 0.0692997 0.165593 0.138599 0.28224 0.111825
0 0.352762 0.467833 0.0627751 0.0873798 0.0837835
0 0.287365 0.6645 0.0925974 0.0534314 0.0685559
0 0.04731 0.156619 0.0946201 0.284328 0.06374
0 0.381895 0.500274 0.059796 0.0682295 0.0632324
0 0.0545602 0.242462 0.0424343 0.126701 0.0589753
0 0.310348 0.33659 0.0938371 0.0949394 0.0520502
0 0.396582 0.261081 0.177076 0.268774 0.0497641
0 0.388573 0.23856 0.0576727 0.0865188 0.0477695
0 0.359372 0.495718 0.155993 0.167259 0.041342
0 0.348321 0.802255 0.17242 0.177919 0.0408963
0 0.405499 0.171409 0.0303087 0.0368339 0.0403596
0 0.37333 0.80931 0.0818132 0.0839215 0.0382138
0 0.332555 0.805419 0.0752409 0.0617905 0.0371131
0 0.284579 0.662649 0.0597179 0.0221361 0.0364896
0 0.0269537 0.193143 0.0468855 0.136711 0.0362637
0 0.0493057 0.219351 0.0661259 0.180661 0.0353971
0 0.694655 0.0863352 0.040107 0.0449941 0.0294905
0 0.32066 0.344494 0.06744 0.071686 0.0280927
0 0.450938 0.81569 0.013642 0.0786331 0.0277521
0 0.364657 0.283619 0.142726 0.228551 0.0273931
0 0.354248 0.441322 0.0635486 0.0378565 0.0261907
0 0.106721 0.165027 0.185949 0.264324 0.0260568
0 0.384751 0.297126 0.0575547 0.17202 0.0242352
0 0.452809 0.84099 0.0311307 0.051803 0.0237743
0 0.354184 0.800578 0.0580472 0.0685255 0.0223158
0 0.288155 0.652697 0.0865202 0.0502592 0.0216382
0 0.455038 0.783014 0.024836 0.0673947 0.0207608
0 0.32 0.807115 0.0440357 0.0351141 0.0206255
0 0.102524 0.261675 0.110397 0.0970702 0.0202321
0 0.126675 0.275155 0.0680441 0.0660794 0.0199113
0 0.0476985 0.0784161 0.016895 0.0579173 0.0195865
0 0.457852 0.781631 0.0157754 0.0365719 0.0189489
0 0.451205 0.850075 0.0221243 0.0306087 0.018174
0 0.552723 0.0574505 0.0241411 0.0690249 0.0165069
0 0.0348278 0.220935 0.0414478 0.111302 0.0158863
0 0.546809 0.0713841 0.015621 0.0465985 0.0150819
0 0.454453 0.789522 0.0130395 0.048337 0.0147027
0 0.0481608 0.0783202 0.0179565 0.0356222 0.0144821
0 0.12971 0.272333 0.0314176 0.0607844 0.0140678
0 0.405798 0.178364 0.0388052 0.0643772 0.0138794
0 0.398129 0.494284 0.0636881 0.0727427 0.0137458
0 0.315067 0.805938 0.030019 0.0286797 0.0135507
0 0.327761 0.355401 0.0496242 0.0472266 0.0131131
0 0.285216 0.656803 0.12051 0.0849106 0.0130752
0 0.392393 0.199265 0.0565377 0.0974787 0.0125376
0 0.284154 0.670241 0.106966 0.0343604 0.0123526
0 0.0520039 0.531833 0.0710595 0.0436831 0.0120512
0 0.386338 0.475457 0.174872 0.152839 0.011982
0 0.453461 0.801515 0.0183292 0.0843132 0.0119001
0 0.403089 0.487852 0.0473099 0.0522025 0.0117186
0 0.353037 0.455927 0.05842 0.054732 0.0116519
0 0.396419 0.881754 0.0140729 0.0309759 0.0116258
0 0.0989439 0.251266 0.138575 0.140498 0.0115603
0 0.387642 0.219796 0.057053 0.067417 0.0107139
0 0.380512 0.481055 0.087795 0.0918411 0.0106752
0 0.411673 0.164415 0.0280964 0.0179296 0.0106209
0 0.452318 0.813867 0.0242474 0.0886241 0.0104291
0 0.378841 0.807531 0.0506238 0.0725961 0.00962356
0 0.385424 0.522109 0.184695 0.187467 0.00960921
0 0.303661 0.312658 0.196884 0.187181 0.00944156
0 0.0174973 0.0247808 0.0289702 0.0435527 0.00920465
0 0.136668 0.270934 0.0802345 0.105247 0.00913353
0 0.317396 0.799202 0.0363036 0.0455862 0.00879712
0 0.400384 0.208098 0.0380167 0.0839534 0.00859114
0 0.371108 0.522537 0.0758332 0.0500109 0.00847277
0 0.0302495 0.155183 0.0574858 0.153034 0.00837654
0 0.0369349 0.12393 0.0600995 0.206577 0.0082242
0 0.289268 0.678488 0.107626 0.0855773 0.00817398
0 0.392479 0.814185 0.0310042 0.0595772 0.00810825
0 0.367137 0.817458 0.117515 0.108353 0.00752066
0 0.365616 0.20894 0.148198 0.214469 0.00744779
0 0.0815274 0.217872 0.155158 0.197131 0.00701691
0 0.297473 0.653882 0.090696 0.0327219 0.00695021
0 0.541925 0.0669998 0.0195407 0.0557698 0.00694923
0 0.0416483 0.258114 0.0602834 0.0925169 0.00692385
0 0.285678 0.635613 0.0965159 0.0626714 0.00658667
0 0.39652 0.887747 0.0168345 0.0280136 0.00649647
0 0.0755297 0.2364 0.11884 0.140563 0.00647205
0 0.379632 0.521994 0.082944 0.0738744 0.00642385
0 0.394426 0.31783 0.042833 0.121629 0.0063991
0 0.377357 0.23177 0.0557852 0.0692899 0.00636393
0 0.0705597 0.235502 0.141119 0.240572 0.00630966
0 0.0451053 0.0828146 0.0249633 0.045678 0.00567224
0 0.307595 0.326333 0.0424643 0.077495 0.00557933
0 0.291756 0.342157 0.0819886 0.0959516 0.00548755
0 0.346777 0.775416 0.220725 0.173897 0.00547069
0 0.0543931 0.255005 0.0427855 0.07585 0.00541556
0 0.377215 0.256471 0.0645929 0.108885 0.00540554
0 0.0224451 0.214015 0.0438736 0.0874188 0.00532616
0 0.0235119 0.167466 0.0470238 0.122854 0.00517748
0 0.117758 0.279483 0.0997552 0.10653 0.00507873
0 0.325237 0.342043 0.17254 0.17649 0.00502978
0 0.0617846 0.223218 0.0377482 0.143603 0.00498885
0 0.374791 0.510674 0.0583246 0.063363 0.00490865
0 0.361463 0.440075 0.0563298 0.0283502 0.00485735
0 0.0338253 0.217542 0.0430046 0.0656426 0.00478483
0 0.307488 0.354674 0.0780744 0.07462 0.00474334
0 0.692336 0.203687 0.0132314 0.0102864 0.00472934
0 0.0280643 0.25274 0.0385216 0.0516778 0.00470592
0 0.0237644 0.191614 0.0475287 0.0682552 0.00467943
0 0.355739 0.435443 0.053773 0.0260941 0.00462012
0 0.148557 0.272693 0.0620118 0.0654321 0.00453732
0 0.291148 0.648792 0.219086 0.240613 0.00452184
0 0.330854 0.805358 0.0541545 0.0418064 0.00451864
0 0.023034 0.0291777 0.0363214 0.0399862 0.00451514
0 0.361028 0.496297 0.112613 0.105383 0.00450353
0 0.313935 0.662261 0.0822524 0.0197127 0.00441253
0 0.364283 0.513084 0.103697 0.0654693 0.00434243
0 0.403403 0.193035 0.0296654 0.067815 0.00429623
0 0.401081 0.207789 0.0387332 0.0502544 0.00410154
0 0.0281902 0.128319 0.0563804 0.252256 0.00404423
0 0.542138 0.059849 0.0265087 0.0633554 0.00386508
0 0.407373 0.499351 0.098335 0.0892028 0.0037342
0 0.439017 0.808233 0.0720136 0.0993042 0.00366777
0 0.298513 0.662341 0.0578416 0.0229779 0.00364337
0 0.399849 0.901344 0.0139077 0.0225811 0.00353394
0 0.395699 0.812725 0.0568246 0.0703752 0.00346035
0 0.0449926 0.0863014 0.0265554 0.0776765 0.00344652
0 0.406012 0.353717 0.0270595 0.0683671 0.00344641
0 0.373685 0.355162 0.039264 0.0354503 0.0033759
0 0.395784 0.339034 0.0341308 0.0912483 0.00336019
0 0.409947 0.175977 0.0308754 0.0373826 0.0033439
0 0.450172 0.774678 0.0235296 0.0512039 0.00329828
0 0.386092 0.318381 0.0821337 0.191893 0.00321563
0 0.55257 0.0609239 0.0539337 0.0818073 0.00319027
0 0.392959 0.189664 0.0815805 0.123779 0.00316348
0 0.0518292 0.229969 0.0462227 0.0744146 0.00313408
0 0.0391963 0.19556 0.0632078 0.161984 0.00312112
0 0.109248 0.278578 0.129739 0.0731814 0.00307467
0 0.62836 0.986427 0.00735102 0.0184109 0.00305409
0 0.0113337 0.0192615 0.0188147 0.0352893 0.0030181
0 0.246683 0.478594 0.060265 0.040667 0.00294261
0 0.0516687 0.261696 0.0821398 0.122964 0.00282969
0 0.337289 0.777271 0.070092 0.066247 0.00281788
0 0.406818 0.352066 0.0204034 0.0498863 0.00281144
0 0.380465 0.823159 0.0674367 0.080414 0.00272769
0 0.394149 0.874743 0.0213608 0.0379969 0.00272286
0 0.338588 0.485873 0.0819664 0.101068 0.00265935
0 0.344759 0.787728 0.0711064 0.0629711 0.00264747
0 0.457834 0.843907 0.0226953 0.0351892 0.00261456
0 0.628889 0.991958 0.0125923 0.0160837 0.00260952
0 0.695727 0.203384 0.01702 0.013757 0.00259633
0 0.445598 0.824934 0.0606894 0.0700798 0.00255044
0 0.401058 0.365331 0.0180735 0.0403699 0.0025504
0 0.313899 0.798413 0.0267513 0.0270988 0.00251716
0 0.332577 0.319856 0.135046 0.136914 0.00246511
0 0.29041 0.622786 0.131645 0.118436 0.00244577
0 0.406199 0.915114 0.0184965 0.0174187 0.00241574
0 0.052158 0.214771 0.045498 0.130591 0.00241494
0 0.40829 0.371308 0.0181381 0.0469269 0.00237987
0 0.135852 0.248212 0.231987 0.244539 0.00234428
0 0.405658 0.369363 0.02721 0.0602999 0.00233598
0 0.0477561 0.239921 0.0955121 0.222315 0.00230474
0 0.379859 0.826419 0.197061 0.174076 0.00229739
0 0.401495 0.911514 0.012829 0.0183765 0.00228451
0 0.452812 0.799529 0.00968475 0.0575722 0.00225681
0 0.355687 0.785781 0.0509473 0.0519944 0.00225384
0 0.39652 0.243709 0.0357409 0.062262 0.00223683
0 0.152642 0.166038 0.224958 0.287197 0.00223328
0 0.284723 0.341135 0.0595531 0.0707938 0.00222597
0 0.382202 0.362201 0.0293785 0.0336894 0.00213792
0 0.318161 0.784401 0.0310235 0.0388632 0.0021141
0 0.326067 0.267605 0.190612 0.221101 0.00209906
0 0.407209 0.247967 0.113674 0.207782 0.00209129
0 0.397254 0.804997 0.0175722 0.0390728 0.00208858
0 0.401338 0.358512 0.0245358 0.0442338 0.00208394
0 0.412471 0.489266 0.0395488 0.0576696 0.0020767
0 0.400935 0.327902 0.0251435 0.0628152 0.00205055
0 0.395793 0.883607 0.0220915 0.0368324 0.00202899
0 0.0262013 0.231501 0.0414058 0.0881002 0.0020128
0 0.414206 0.482722 0.0298932 0.0379791 0.00200049
0 0.293662 0.324066 0.0507897 0.0713334 0.00197098
0 0.327298 0.78577 0.0455823 0.0491138 0.00196562
0 0.023583 0.16619 0.047166 0.0692876 0.00196287
0 0.0198513 0.21287 0.0369847 0.0538023 0.00195393
0 0.36413 0.502607 0.0747065 0.0700451 0.00195058
0 0.338953 0.957137 0.0215661 0.0425123 0.00191479
0 0.397154 0.805883 0.0282688 0.0485004 0.00184017
0 0.390415 0.195534 0.0534102 0.0590349 0.00180057
0 0.344377 0.747953 0.0341436 0.0181446 0.00177033
0 0.387013 0.877955 0.0166129 0.0277872 0.00175629
0 0.358158 0.524907 0.0714273 0.0373773 0.00174219
0 0.367564 0.784642 0.0325565 0.0407329 0.00174084
0 0.313346 0.661082 0.0451062 0.0142051 0.00173561
0 0.63452 0.146361 0.023778 0.0304855 0.00173096
0 0.355084 0.77765 0.0664611 0.0587999 0.00172575
0 0.00980581 0.00905795 0.0196116 0.0161104 0.00172124
0 0.700342 0.0938654 0.0440349 0.0416403 0.00169478
0 0.311646 0.665183 0.0490734 0.0174976 0.0016795
0 0.342258 0.530237 0.0487052 0.0297842 0.00166543
0 0.436558 0.806424 0.0988417 0.143375 0.00165107
0 0.374642 0.866879 0.0229123 0.0305683 0.00164287
0 0.298068 0.349476 0.0509039 0.0686781 0.0016399
0 0.383168 0.826053 0.0390311 0.0673992 0.001635
0 0.396384 0.816916 0.0799346 0.0855068 0.00162207
0 0.102826 0.290866 0.205653 0.223042 0.00160543
0 0.413007 0.926346 0.0180569 0.0175476 0.00160127
0 0.335164 0.489152 0.113142 0.132407 0.00160043
0 0.687986 0.0823717 0.0220812 0.0337313 0.00159697
0 0.633602 0.984943 0.0130755 0.0271505 0.00158965
0 0.059839 0.240512 0.0386228 0.072046 0.00152255
0 0.349688 0.418907 0.0765674 0.0943587 0.00150611
0 0.329558 0.321218 0.10114 0.0699238 0.00148628
0 0.0538314 0.118158 0.0688673 0.195079 0.00142553
0 0.687598 0.0897085 0.0831481 0.0652123 0.00142403
0 0.133391 0.253811 0.0556658 0.0816686 0.00141548
0 0.35928 0.42898 0.0686613 0.068303 0.00141376
0 0.337154 0.534873 0.0269713 0.0257233 0.00140735
0 0.414736 0.363306 0.0216378 0.0344604 0.00139298
0 0.698772 0.0759933 0.0338073 0.052232 0.00137858
0 0.321498 0.777814 0.0397372 0.0479939 0.00136821
0 0.263877 0.346174 0.294272 0.159342 0.00135871
0 0.374844 0.362249 0.0317296 0.0401788 0.00135347
0 0.409577 0.158842 0.0274161 0.0294834 0.00133135
0 0.696725 0.0561188 0.0227697 0.0235321 0.00132473
0 0.692164 0.0738878 0.0320258 0.0315758 0.00130854
0 0.284672 0.318447 0.0428866 0.0649333 0.00130254
0 0.398991 0.877106 0.0176691 0.0288828 0.00129998
0 0.014445 0.191407 0.02889 0.0944343 0.00129778
0 0.253859 0.202508 0.0194116 0.0296272 0.00128977
0 0.314972 0.658553 0.0425885 0.0084548 0.00127362
0 0.092684 0.114494 0.185368 0.228988 0.00126197
0 0.396859 0.229892 0.0486901 0.0688233 0.00125336
0 0.32536 0.770525 0.0787205 0.0861509 0.00124611
0 0.0131517 0.029452 0.0177102 0.0343505 0.00123579
0 0.366188 0.809694 0.0520377 0.0682058 0.00121559
0 0.0166177 0.00881351 0.0301888 0.017627 0.00121275
0 0.387213 0.417322 0.0321433 0.0356169 0.00120804
0 0.570961 0.0600096 0.0874671 0.120019 0.00120733
0 0.57022 0.0617095 0.0588588 0.0812412 0.00120576
0 0.334543 0.822361 0.0841067 0.0733292 0.00120541
0 0.252776 0.485937 0.0435929 0.0397915 0.0012031
0 0.0336973 0.260357 0.0376578 0.0571065 0.00119172
0 0.363252 0.43331 0.0476303 0.0196588 0.00118728
0 0.397514 0.250525 0.0306602 0.0419546 0.00118625
0 0.0430262 0.538426 0.0663944 0.0645135 0.00117025
0 0.627795 0.985583 0.0136507 0.0247101 0.00117006
0 0.308909 0.807449 0.0279218 0.024341 0.0011601
0 0.185579 0.164944 0.371158 0.329888 0.001159
0 0.0483199 0.106124 0.0260149 0.1191 0.00115407
0 0.561723 0.00538759 0.0224993 0.0107752 0.00115333
0 0.419059 0.928232 0.0210797 0.0228952 0.00113632
0 0.420611 0.499143 0.24562 0.213209 0.00112815
0 0.0130951 0.162958 0.0261903 0.151821 0.00112651
0 0.642149 0.147417 0.022316 0.0274853 0.00112391
0 0.388859 0.888223 0.0202682 0.0229338 0.0011213
0 0.34646 0.838673 0.0944814 0.100702 0.00111984
0 0.634823 0.988336 0.0141576 0.0233271 0.00110057
0 0.211279 0.281558 0.032767 0.0387449 0.00108675
0 0.459257 0.790511 0.0182019 0.0543222 0.00108419
0 0.567531 0.0053601 0.0223333 0.0107202 0.00106839
0 0.37603 0.221206 0.0490364 0.0455364 0.00105768
0 0.322731 0.661268 0.129827 0.0316992 0.00105718
0 0.370185 0.522238 0.0513486 0.0386617 0.00105316
0 0.361585 0.849217 0.038569 0.0473898 0.00104395
0 0.362516 0.341843 0.0798722 0.083907 0.00104334
0 0.00880056 0.218017 0.0174711 0.0547889 0.00104323
0 0.450764 0.803912 0.0168633 0.0536955 0.00103645
0 0.284086 0.616733 0.0856533 0.0733818 0.00103535
0 0.625202 0.99183 0.0149278 0.0163408 0.0010206
0 0.371666 0.85463 0.0306782 0.0413435 0.00101763
0 0.0395769 0.142792 0.0791539 0.137531 0.00100731
0 0.37476 0.876707 0.0173277 0.026613 0.00100683
0 0.39553 0.315914 0.0369564 0.061628 0.00100385
