0 0.294614 0.11229 0.14483 0.108883 0.721473
0 0.502251 0.483095 0.283039 0.372408 0.324839
0 0.234937 0.444397 0.0142752 0.0241565 0.0998736
0 0.282186 0.115251 0.092433 0.101052 0.0851313
0 0.392288 0.307662 0.0895426 0.0477764 0.0777612
0 0.0892344 0.990216 0.0169543 0.0129194 0.0667541
0 0.269931 0.0974279 0.0983288 0.0680766 0.0444342
0 0.465237 0.371416 0.210053 0.168632 0.0439314
0 0.307199 0.116131 0.0948765 0.0951323 0.0145365
0 0.96472 0.706283 0.011919 0.0200383 0.0143959
0 0.182251 0.0153935 0.0250189 0.0277181 0.0131955
0 0.482034 0.417839 0.304214 0.25787 0.0123191
0 0.427173 0.313721 0.168965 0.057702 0.0114967
0 0.774979 0.80083 0.0130368 0.0168125 0.011347
0 0.11217 0.182052 0.0454919 0.0297573 0.00989933
0 0.407292 0.325584 0.111563 0.0893315 0.00946727
0 0.234857 0.444721 0.02212 0.0299045 0.00934472
0 0.3738 0.305587 0.0534504 0.0477709 0.00868672
0 0.237616 0.447247 0.0158005 0.0222815 0.00703564
0 0.382904 0.312065 0.0940737 0.0917195 0.00629871
0 0.183921 0.0216584 0.031444 0.0401457 0.0062652
0 0.493312 0.507617 0.276 0.230783 0.00547339
0 0.176855 0.0157251 0.0188961 0.0250188 0.00531014
0 0.5354 0.541607 0.236741 0.28251 0.00505407
0 0.477004 0.374499 0.14414 0.144183 0.00495985
0 0.440158 0.338808 0.197663 0.102886 0.00471949
0 0.609478 0.685173 0.101824 0.080164 0.0046651
0 0.52283 0.46303 0.238053 0.25977 0.00462965
0 0.261491 0.0826887 0.0791051 0.0412398 0.00456664
0 0.963763 0.706537 0.0149584 0.0266987 0.00414457
0 0.623993 0.616126 0.0362442 0.0537273 0.00396337
0 0.494271 0.492 0.161908 0.303675 0.00348424
0 0.109603 0.184544 0.0295313 0.0329428 0.00324767
0 0.342891 0.129262 0.0568391 0.0701431 0.0032268
0 0.346545 0.323317 0.0200114 0.0244861 0.00317356
0 0.642319 0.701443 0.0327057 0.0363844 0.00312793
0 0.125374 0.178309 0.060184 0.0429584 0.0031141
0 0.330366 0.126601 0.11689 0.101588 0.00307761
0 0.302596 0.146819 0.153332 0.192443 0.00307726
0 0.618712 0.694641 0.0769047 0.0620205 0.00303688
0 0.392831 0.323137 0.0895035 0.0607626 0.00285989
0 0.404383 0.340279 0.239854 0.251991 0.00283785
0 0.631852 0.704306 0.0586018 0.0408914 0.00283346
0 0.174991 0.0108193 0.017534 0.0197096 0.00278685
0 0.391087 0.31135 0.0590594 0.0502302 0.00276078
0 0.262456 0.114098 0.0872955 0.0911969 0.00273131
0 0.0896895 0.648191 0.0352771 0.0345215 0.00263647
0 0.342701 0.327749 0.0200632 0.0165724 0.00259343
0 0.479227 0.541997 0.35858 0.342569 0.00234305
0 0.981821 0.971681 0.0363583 0.0566378 0.00232748
0 0.0915997 0.649414 0.0289786 0.0201833 0.00230306
0 0.188567 0.02949 0.0340233 0.0472843 0.00226964
0 0.620858 0.706157 0.0551921 0.0578396 0.00223572
0 0.248483 0.0854429 0.0546118 0.0371859 0.00215285
0 0.278057 0.0802644 0.101982 0.0504153 0.00197017
0 0.968414 0.702442 0.013365 0.0226861 0.00193388
0 0.296734 0.0832979 0.233233 0.166596 0.00185743
0 0.25416 0.00568787 0.0459781 0.0113757 0.00184561
0 0.188119 0.00888062 0.0297391 0.0177612 0.00172007
0 0.356846 0.302125 0.251277 0.256667 0.00170828
0 0.0906062 0.987806 0.0333576 0.0169561 0.00165923
0 0.0352999 0.969077 0.0536235 0.0433464 0.00165369
0 0.277384 0.101183 0.0581291 0.0651132 0.00165159
0 0.0898318 0.98892 0.0257485 0.0221591 0.00160427
0 0.379008 0.316291 0.0758985 0.0596641 0.00154464
0 0.235981 0.445819 0.0278515 0.0528788 0.00153476
0 0.256591 0.0926396 0.0792267 0.0481642 0.00151356
0 0.934837 0.971399 0.0333765 0.0539774 0.00143159
0 0.11349 0.180278 0.052133 0.0554541 0.00142969
0 0.200502 0.652075 0.146935 0.0706034 0.00142689
0 0.681955 0.0505739 0.0108617 0.0127253 0.00139195
0 0.354169 0.316101 0.0233152 0.0291983 0.00135105
0 0.240358 0.443418 0.0290253 0.0322201 0.00131416
0 0.471102 0.384228 0.0908485 0.150684 0.00129541
0 0.247427 0.00465969 0.0357346 0.00931939 0.00125824
0 0.609101 0.741657 0.0183243 0.0296266 0.00125211
0 0.252314 0.00358993 0.0375249 0.00717987 0.00123749
0 0.433801 0.390915 0.191011 0.172023 0.00119655
0 0.359594 0.308199 0.0278834 0.0374538 0.00119339
0 0.930907 0.976119 0.0132109 0.0217157 0.00117805
0 0.982409 0.978732 0.0210907 0.0331329 0.00117493
0 0.0273488 0.372263 0.0385586 0.0451144 0.00116104
0 0.800688 0.775034 0.0156775 0.0181122 0.00115366
0 0.601905 0.673475 0.131792 0.14575 0.00110585
0 0.987098 0.203455 0.00963135 0.0397956 0.00109158
0 0.236448 0.0818978 0.0325094 0.0324374 0.00106451
0 0.968216 0.70149 0.0196516 0.0355178 0.00106389
0 0.539749 0.595145 0.284177 0.345423 0.00106072
0 0.511681 0.531986 0.0751885 0.0608512 0.00105151
0 0.265489 0.0842516 0.10548 0.117438 0.00105045
0 0.193978 0.0306015 0.0515603 0.0566352 0.00103218
0 0.248463 0.103802 0.0617525 0.0710268 0.00101726
0 0.984217 0.00757203 0.0314169 0.0151441 0.00101679
0 0.464254 0.402118 0.167815 0.240776 0.00101611
0 0.990793 0.00773316 0.0184136 0.0154663 0.00101278
