0 0.480774 0.506355 0.106485 0.093031 0.657352
0 0.468371 0.51124 0.0767159 0.0774591 0.298811
0 0.564288 0.218361 0.196301 0.130452 0.161942
0 0.488532 0.501018 0.177624 0.167448 0.0543252
0 0.95464 0.567532 0.0812059 0.112718 0.0537651
0 0.502752 0.49989 0.111479 0.103453 0.0478029
0 0.577493 0.202399 0.29287 0.159161 0.0406204
0 0.462555 0.621187 0.0628962 0.0481368 0.0291632
0 0.501375 0.502448 0.0713542 0.0895749 0.0225077
0 0.642377 0.192007 0.456175 0.179557 0.0205094
0 0.460725 0.525151 0.0667934 0.0591105 0.0183209
0 0.420385 0.546927 0.0337943 0.0230967 0.0180647
0 0.527552 0.494191 0.176826 0.127104 0.0172608
0 0.478271 0.501757 0.0578058 0.0710519 0.016858
0 0.693626 0.119785 0.0521903 0.0289059 0.0153785
0 0.47329 0.487438 0.0924551 0.0917319 0.0150489
0 0.968853 0.00932222 0.0514658 0.0186444 0.0136263
0 0.692158 0.119129 0.0365609 0.0235796 0.0131991
0 0.454113 0.528653 0.197275 0.170541 0.0112137
0 0.402065 0.242243 0.0166909 0.018573 0.00993281
0 0.00627028 0.378884 0.0125406 0.0287051 0.00957438
0 0.461259 0.508635 0.0531257 0.0590711 0.00929365
0 0.538632 0.457693 0.0261209 0.0191566 0.00898539
0 0.562788 0.571276 0.0179435 0.0224631 0.00836246
0 0.699723 0.228882 0.600555 0.30064 0.0071997
0 0.435462 0.478967 0.0280495 0.0358623 0.00656377
0 0.243787 0.0102485 0.0321607 0.0167989 0.00544792
0 0.449961 0.517274 0.0652765 0.0686234 0.00540642
0 0.43436 0.533217 0.0617667 0.0516743 0.00466895
0 0.427551 0.33082 0.0203967 0.0258345 0.00457535
0 0.45822 0.577156 0.0267493 0.0300239 0.0045694
0 0.489769 0.492848 0.0565232 0.0709163 0.00417793
0 0.00797165 0.386176 0.0153745 0.0407292 0.00408483
0 0.45096 0.618366 0.0428883 0.04319 0.00407733
0 0.526087 0.466916 0.24791 0.185438 0.00363573
0 0.503142 0.637819 0.0305208 0.0385552 0.00361402
0 0.9153 0.805506 0.0535221 0.11251 0.00333799
0 0.929315 0.797024 0.0815548 0.0990402 0.00323149
0 0.446121 0.506078 0.0459976 0.0632382 0.00322779
0 0.507875 0.474396 0.137334 0.128713 0.00315179
0 0.1324 0.455146 0.242385 0.163756 0.00312254
0 0.492402 0.631424 0.0414049 0.0386378 0.0029396
0 0.536688 0.23769 0.15099 0.0906881 0.00289163
0 0.688362 0.122457 0.0647771 0.0596295 0.00287649
0 0.498981 0.632369 0.0220605 0.0332991 0.00285191
0 0.517269 0.514631 0.144501 0.112963 0.00284822
0 0.560848 0.576283 0.0131379 0.0309178 0.00276929
0 0.947456 0.529887 0.105089 0.204113 0.00262837
0 0.301546 0.587492 0.560571 0.377656 0.00257459
0 0.445157 0.491447 0.0512558 0.0551587 0.00256316
0 0.403375 0.402847 0.0198485 0.0178088 0.00255704
0 0.910169 0.783581 0.0484911 0.0672192 0.00255304
0 0.249123 0.00836506 0.0333657 0.0139449 0.00255297
0 0.437188 0.489744 0.0266452 0.0425104 0.0025526
0 0.418696 0.47234 0.0321649 0.0445399 0.00253131
0 0.733378 0.83578 0.0423353 0.0402035 0.00250402
0 0.501173 0.499344 0.04847 0.0712131 0.00242735
0 0.993915 0.705408 0.0121696 0.0240407 0.00240363
0 0.719078 0.16852 0.561845 0.274272 0.0022901
0 0.457206 0.333381 0.024803 0.0217874 0.00223525
0 0.42715 0.52053 0.0381422 0.0550545 0.00216377
0 0.455032 0.338719 0.0265038 0.0309681 0.00213106
0 0.427932 0.472987 0.040793 0.0482837 0.00210972
0 0.732396 0.840001 0.0273881 0.0293394 0.00209753
0 0.917764 0.510885 0.150424 0.23208 0.00208846
0 0.470952 0.598119 0.112775 0.126679 0.00205162
0 0.968503 0.00596065 0.0412609 0.0119213 0.0020476
0 0.00764207 0.397974 0.0152841 0.0505337 0.00202366
0 0.699483 0.118629 0.0251302 0.0226793 0.00202282
0 0.140209 0.300794 0.0170401 0.0209975 0.00196841
0 0.530209 0.369195 0.24099 0.253385 0.00193848
0 0.952906 0.920359 0.0838228 0.139146 0.00187304
0 0.435994 0.504432 0.105883 0.0988661 0.00183395
0 0.645064 0.29267 0.613235 0.450079 0.00182076
0 0.463832 0.464238 0.254517 0.205708 0.00181628
0 0.42339 0.477151 0.0376102 0.0331511 0.00178838
0 0.49058 0.522214 0.0955784 0.0921071 0.00176972
0 0.743467 0.833965 0.0519155 0.0436539 0.00176411
0 0.906955 0.772092 0.0427835 0.0413267 0.00175221
0 0.44114 0.483162 0.0299181 0.0493935 0.00171375
0 0.864709 0.420849 0.0462675 0.0354433 0.00170109
0 0.508643 0.667575 0.0421833 0.0734707 0.00170004
0 0.235756 0.0112698 0.0300331 0.0195624 0.00169771
0 0.992082 0.705894 0.0133837 0.0306978 0.00169402
0 0.530875 0.972379 0.050618 0.0453865 0.00167486
0 0.928407 0.550828 0.143187 0.188841 0.00162405
0 0.466404 0.535165 0.0477458 0.0474006 0.00161881
0 0.462427 0.476416 0.071114 0.0744034 0.00159822
0 0.563065 0.573621 0.0232681 0.0333444 0.0015786
0 0.937436 0.776983 0.117608 0.146903 0.0015652
0 0.0095125 0.382988 0.019025 0.038757 0.00154853
0 0.24649 0.012765 0.0458148 0.0218871 0.00153652
0 0.45724 0.588356 0.0357619 0.0567382 0.00152302
0 0.462342 0.575519 0.0329906 0.0435707 0.00144668
0 0.684817 0.125133 0.0594836 0.0351137 0.0014289
0 0.533464 0.218074 0.348782 0.2075 0.0014156
0 0.533079 0.240917 0.267902 0.153433 0.0014081
0 0.56034 0.245678 0.158263 0.123639 0.00140711
0 0.434671 0.507914 0.0390165 0.0622181 0.0013981
0 0.0123585 0.395466 0.0238138 0.0458691 0.00135481
0 0.483223 0.255742 0.0302384 0.0375383 0.00135398
0 0.953512 0.562662 0.0585217 0.0730548 0.00133653
0 0.690784 0.123333 0.212997 0.0668124 0.00133462
0 0.725298 0.839916 0.0263123 0.0323671 0.00132992
0 0.861649 0.421332 0.0356329 0.0274526 0.00132644
0 0.00392957 0.379205 0.00752702 0.0294061 0.00130968
0 0.511822 0.444104 0.17945 0.169179 0.0013047
0 0.49286 0.47791 0.11699 0.0937078 0.00129411
0 0.693668 0.119638 0.0461932 0.0468887 0.00129233
0 0.423916 0.544701 0.0481511 0.0598133 0.00128626
0 0.458357 0.56919 0.0370507 0.0598999 0.00125235
0 0.475479 0.626244 0.0626937 0.0346514 0.00125079
0 0.434538 0.3386 0.0382593 0.0330783 0.00123672
0 0.481371 0.245776 0.0262434 0.034805 0.00123491
0 0.723854 0.835801 0.0368661 0.0389923 0.00122887
0 0.531753 0.462627 0.0530177 0.0304146 0.00121239
0 0.483818 0.63719 0.0844051 0.069473 0.00120569
0 0.462213 0.634721 0.127798 0.126003 0.0012036
0 0.447676 0.52862 0.0529933 0.0461941 0.00120138
0 0.490327 0.508603 0.05331 0.0667211 0.00119607
0 0.603754 0.210218 0.155573 0.143844 0.00118689
0 0.541836 0.35702 0.390649 0.355245 0.00117532
0 0.416629 0.441297 0.0275754 0.0584828 0.00116003
0 0.522425 0.972481 0.0278046 0.0375269 0.00111702
0 0.905742 0.807029 0.043746 0.0784578 0.00111103
0 0.532389 0.459938 0.0238229 0.0261447 0.0011029
0 0.527924 0.5275 0.237056 0.20659 0.00108823
0 0.974808 0.0130357 0.0503839 0.0250514 0.00104664
0 0.428702 0.538528 0.128803 0.075735 0.00104323
0 0.849558 0.0609747 0.127819 0.0355454 0.00104189
0 0.425449 0.550336 0.0445443 0.0195068 0.00104035
0 0.515712 0.678247 0.0636661 0.0581397 0.00102518
0 0.740443 0.839097 0.0385734 0.0327808 0.00102
0 0.421628 0.537114 0.0360502 0.0390567 0.00101609
0 0.443036 0.572791 0.0341633 0.0386899 0.00100773
