0 0.517611 0.511018 0.211152 0.112692 0.567683
0 0.847279 0.486201 0.0695518 0.0420572 0.488422
0 0.17796 0.451183 0.043921 0.0682195 0.280882
0 0.0445538 0.0740374 0.0122367 0.0193576 0.236231
0 0.212495 0.372383 0.0162605 0.0671289 0.20779
0 0.348216 0.494223 0.0276001 0.0198139 0.123636
0 0.415521 0.80282 0.0521678 0.100645 0.121303
0 0.0819039 0.0139119 0.0500337 0.0278239 0.118786
0 0.66668 0.450002 0.0836175 0.0223309 0.116482
0 0.827449 0.599549 0.217905 0.0739786 0.110837
0 0.150863 0.0596577 0.0443385 0.0146681 0.0988784
0 0.375887 0.47569 0.0263721 0.0291108 0.0723044
0 0.84081 0.755949 0.287532 0.154037 0.0720948
0 0.145397 0.0590294 0.0288228 0.0140004 0.0597162
0 0.070893 0.344513 0.141786 0.112257 0.0585939
0 0.910932 0.575083 0.0455853 0.0194966 0.0487614
0 0.865065 0.488892 0.0355741 0.0383493 0.0485133
0 0.376695 0.479404 0.0325539 0.039771 0.048212
0 0.165507 0.440696 0.0686537 0.0836205 0.0470894
0 0.807528 0.88408 0.0280094 0.0633381 0.0448894
0 0.848791 0.49751 0.0867142 0.0915077 0.0411885
0 0.837886 0.480637 0.0602533 0.0320578 0.0410723
0 0.811954 0.73691 0.228811 0.103073 0.0382983
0 0.871218 0.584271 0.131709 0.044875 0.0369068
0 0.764735 0.622984 0.0904045 0.0328209 0.0365002
0 0.527698 0.523605 0.285982 0.151104 0.0351911
0 0.838739 0.582546 0.201947 0.0697988 0.0342355
0 0.911029 0.279459 0.169729 0.219716 0.0336982
0 0.35182 0.497713 0.0319232 0.025454 0.0323322
0 0.0461745 0.0770383 0.0157549 0.0205435 0.0312575
0 0.791463 0.612219 0.161755 0.065744 0.0287217
0 0.362673 0.49119 0.0491148 0.0375823 0.0285832
0 0.982502 0.754485 0.0311533 0.0191758 0.0245851
0 0.798464 0.587713 0.185503 0.0684222 0.0219263
0 0.883119 0.576807 0.111361 0.0327796 0.0214538
0 0.766895 0.570714 0.220726 0.0438396 0.0189718
0 0.907242 0.574587 0.0665052 0.0228025 0.0188016
0 0.768404 0.603629 0.226336 0.0576069 0.0173277
0 0.053137 0.337487 0.102224 0.0847869 0.017287
0 0.0892728 0.0122269 0.0348553 0.0225223 0.0172755
0 0.778998 0.0196443 0.0363277 0.0317 0.0167686
0 0.247839 0.127703 0.0405106 0.0948828 0.0164037
0 0.964906 0.215267 0.0701882 0.0880093 0.0159471
0 0.806562 0.565978 0.207406 0.0593092 0.0148797
0 0.820632 0.597279 0.261257 0.147546 0.01482
0 0.210689 0.363117 0.0137461 0.0578425 0.0142609
0 0.254817 0.147129 0.0201306 0.0568905 0.0142338
0 0.408425 0.810489 0.033853 0.0766899 0.0141108
0 0.667992 0.449718 0.0573981 0.014626 0.0137518
0 0.0710367 0.00686818 0.0250647 0.0137364 0.0136507
0 0.158827 0.458019 0.0685997 0.0745567 0.0136
0 0.513072 0.550227 0.223621 0.16876 0.013517
0 0.832174 0.48349 0.0778667 0.0473858 0.013443
0 0.0417966 0.0770182 0.014376 0.0216083 0.0130196
0 0.83607 0.477142 0.0529434 0.0213852 0.0129657
0 0.381218 0.485584 0.0428453 0.0465425 0.0127323
0 0.161082 0.0600759 0.0608263 0.0191384 0.012409
0 0.196265 0.146156 0.0244466 0.0508208 0.0122603
0 0.251567 0.138743 0.0231241 0.0538515 0.0110047
0 0.370774 0.478855 0.0279974 0.0312201 0.0105583
0 0.0183764 0.314425 0.0335154 0.0420752 0.0104733
0 0.0746571 0.0128903 0.0309573 0.0236627 0.0102345
0 0.81364 0.543332 0.168996 0.110426 0.00933434
0 0.75291 0.62219 0.144277 0.0395685 0.00926524
0 0.988623 0.581417 0.0227534 0.0159485 0.00924612
0 0.902992 0.577496 0.0927584 0.0243782 0.0091058
0 0.21561 0.369273 0.0289998 0.0669864 0.00863292
0 0.718091 0.586526 0.370952 0.072786 0.00853093
0 0.0230393 0.320634 0.042828 0.0412923 0.00851499
0 0.208108 0.380342 0.022138 0.0811401 0.00824437
0 0.84104 0.499377 0.216071 0.25065 0.00808256
0 0.710573 0.566913 0.388178 0.0776007 0.00801013
0 0.419735 0.785606 0.0971445 0.163218 0.00789637
0 0.860035 0.581101 0.111934 0.0307415 0.00727178
0 0.389528 0.490428 0.0719132 0.0548748 0.0072675
0 0.891369 0.335934 0.134769 0.100967 0.00712499
0 0.943023 0.613088 0.0498394 0.0339461 0.00700336
0 0.307764 0.706742 0.191041 0.0353615 0.00699896
0 0.754429 0.577287 0.059932 0.0197119 0.00683989
0 0.584943 0.534297 0.499413 0.178041 0.00677255
0 0.0417115 0.0725827 0.0196084 0.0200677 0.00664818
0 0.768945 0.614681 0.0929545 0.0382727 0.00662816
0 0.175762 0.422327 0.0875721 0.141671 0.00662289
0 0.365322 0.488897 0.0608304 0.055445 0.00652883
0 0.383148 0.0735944 0.0199636 0.0171587 0.00652136
0 0.719421 0.578428 0.271321 0.0447688 0.00647419
0 0.805067 0.555378 0.244269 0.101405 0.00646385
0 0.441101 0.00341839 0.0170891 0.00683677 0.00638213
0 0.7637 0.594532 0.313422 0.106382 0.00632626
0 0.259108 0.152662 0.0155494 0.0476419 0.00617706
0 0.341299 0.492834 0.0223542 0.0215079 0.00586
0 0.161628 0.445082 0.0491234 0.0603457 0.00584693
0 0.837753 0.561302 0.286054 0.166574 0.00582713
0 0.234068 0.111175 0.0760176 0.130993 0.00581062
0 0.213437 0.388091 0.012028 0.0503181 0.0057505
0 0.805709 0.727855 0.276872 0.167363 0.00566972
0 0.397504 0.795976 0.236722 0.23437 0.00565407
0 0.789553 0.565789 0.135908 0.0406023 0.00557334
0 0.750121 0.623938 0.0806922 0.0259539 0.00553595
0 0.186434 0.447445 0.186226 0.229954 0.00533812
0 0.813271 0.502335 0.200897 0.185038 0.00518093
0 0.872816 0.492428 0.0208174 0.0312646 0.00514
0 0.142308 0.445774 0.176327 0.206637 0.00506197
0 0.102207 0.491476 0.129215 0.0510857 0.00501524
0 0.353398 0.49055 0.0345682 0.0316723 0.00483371
0 0.28854 0.0135915 0.0146552 0.0135299 0.00469261
0 0.244999 0.130922 0.0390772 0.0628371 0.0046923
0 0.763942 0.570425 0.141663 0.033753 0.00458253
0 0.154667 0.0531979 0.0592012 0.0293362 0.00455303
0 0.705216 0.555059 0.483835 0.115881 0.00451674
0 0.756973 0.575492 0.0863176 0.0257237 0.00442658
0 0.0987185 0.477982 0.163629 0.0720445 0.0043269
0 0.650212 0.503692 0.503072 0.138529 0.00432511
0 0.65068 0.453434 0.0995703 0.0262721 0.00426154
0 0.764456 0.625458 0.216708 0.0757526 0.00418957
0 0.209323 0.359112 0.0175386 0.0399082 0.00408593
0 0.761176 0.624322 0.0934349 0.0536416 0.00407189
0 0.473207 0.5439 0.273167 0.123188 0.00405117
0 0.229232 0.0878076 0.0262369 0.0350687 0.00402252
0 0.238972 0.122353 0.0526924 0.10848 0.00401617
0 0.500064 0.580764 0.102113 0.0683144 0.00399671
0 0.746115 0.706396 0.100098 0.0529256 0.00399594
0 0.76811 0.577917 0.225113 0.0735514 0.00399252
0 0.379324 0.728756 0.0779903 0.0198979 0.00398436
0 0.508696 0.492307 0.262305 0.108923 0.00395766
0 0.14237 0.419904 0.046978 0.0811471 0.00392145
0 0.146374 0.435091 0.0544594 0.0726238 0.00378471
0 0.65121 0.590308 0.527974 0.110074 0.00375819
0 0.028308 0.322297 0.0461178 0.0579114 0.00373488
0 0.757476 0.596192 0.422603 0.173162 0.00370842
0 0.49474 0.579046 0.0740029 0.0442782 0.00368946
0 0.422889 0.794929 0.0511273 0.0703758 0.00367238
0 0.0695304 0.0037479 0.0227627 0.00749579 0.00364007
0 0.70458 0.550191 0.552437 0.16916 0.00362981
0 0.5398 0.578898 0.395102 0.205294 0.00359109
0 0.15248 0.441886 0.0444327 0.0489841 0.0035375
0 0.88348 0.57471 0.129964 0.051257 0.00347248
0 0.668712 0.458874 0.0909308 0.0307384 0.00336056
0 0.405939 0.827044 0.0278977 0.0602903 0.00331414
0 0.386556 0.0673657 0.0206352 0.0302215 0.00330903
0 0.764744 0.517377 0.256784 0.123101 0.0032584
0 0.91703 0.571733 0.0417294 0.0212899 0.00324197
0 0.86808 0.494989 0.0287382 0.0358574 0.00323683
0 0.856507 0.573581 0.122001 0.0340448 0.00323623
0 0.146648 0.413991 0.221148 0.190463 0.00320581
0 0.471688 0.569004 0.138297 0.0752256 0.00320285
0 0.135281 0.413793 0.0297683 0.0455387 0.00318047
0 0.83855 0.575216 0.146542 0.0502236 0.00317681
0 0.770038 0.572167 0.0922162 0.025802 0.00317402
0 0.403573 0.808119 0.0296135 0.0571568 0.00316106
0 0.1561 0.423983 0.0715315 0.118741 0.00312216
0 0.892362 0.589069 0.131351 0.0431002 0.0031049
0 0.0450879 0.072163 0.0223886 0.0311201 0.00309121
0 0.981752 0.759209 0.0336849 0.0222188 0.0030398
0 0.779328 0.0146024 0.0330053 0.0204755 0.0030335
0 0.780609 0.465134 0.111714 0.0296069 0.00302984
0 0.758915 0.713146 0.139669 0.0677687 0.00299552
0 0.438914 0.00449316 0.0212275 0.00898631 0.00299185
0 0.32222 0.710689 0.267828 0.0450528 0.00298006
0 0.416611 0.778375 0.057239 0.121413 0.0029596
0 0.582803 0.511855 0.26863 0.130927 0.00293597
0 0.407809 0.792627 0.037842 0.0746271 0.00293181
0 0.394918 0.055209 0.0217348 0.0493885 0.00290693
0 0.22605 0.0884787 0.0205316 0.0200386 0.0028987
0 0.377496 0.723438 0.0973861 0.0189313 0.00288095
0 0.444255 0.00297449 0.0226411 0.00594898 0.00286782
0 0.0920499 0.401206 0.183892 0.188987 0.00277487
0 0.190575 0.453062 0.0415445 0.0599601 0.00274504
0 0.790063 0.473118 0.13748 0.0501434 0.00273769
0 0.0236347 0.506268 0.0399733 0.0194735 0.00273096
0 0.858383 0.579503 0.0694738 0.0297867 0.002697
0 0.350102 0.49454 0.0420802 0.0559318 0.0026922
0 0.793745 0.546561 0.147512 0.0808783 0.00266136
0 0.0821666 0.0269202 0.0531778 0.0538404 0.00265109
0 0.429338 0.813679 0.0759891 0.117354 0.00264383
0 0.50925 0.555001 0.143732 0.147892 0.00263668
0 0.502769 0.581635 0.124073 0.0961958 0.0025931
0 0.467626 0.545898 0.432815 0.16655 0.00258208
0 0.426821 0.449051 0.0205296 0.0145136 0.002527
0 0.00725243 0.00891891 0.0145049 0.0160073 0.00250583
0 0.807768 0.631426 0.321549 0.184249 0.00250224
0 0.169373 0.0600277 0.0735665 0.0324405 0.00250022
0 0.866153 0.57332 0.0787464 0.0296827 0.00246061
0 0.0987994 0.459851 0.197599 0.131384 0.00245751
0 0.508659 0.579327 0.272609 0.177152 0.00243784
0 0.145974 0.0529001 0.0348576 0.0226628 0.00242296
0 0.388705 0.0643594 0.0278211 0.0444227 0.00241192
0 0.821784 0.508812 0.142148 0.106461 0.00239642
0 0.764096 0.620174 0.0570228 0.0314465 0.00239193
0 0.401901 0.557804 0.589363 0.20491 0.00237848
0 0.403315 0.818138 0.0257554 0.0474648 0.0023614
0 0.504757 0.482115 0.356104 0.161505 0.00235933
0 0.0792854 0.00443396 0.0361149 0.00886792 0.00235583
0 0.414017 0.104081 0.0173039 0.0291942 0.00229997
0 0.0591786 0.043488 0.02556 0.0273248 0.0022609
0 0.9517 0.218904 0.0859167 0.126202 0.00225247
0 0.164353 0.0512501 0.070242 0.0366663 0.00223372
0 0.399181 0.766275 0.419704 0.250308 0.00220511
0 0.935248 0.239332 0.129504 0.179398 0.00218039
0 0.781336 0.0286609 0.0398808 0.0573218 0.00217032
0 0.601565 0.589815 0.583993 0.239011 0.00216418
0 0.423254 0.447784 0.0312319 0.0131118 0.00210872
0 0.292354 0.0138015 0.0174314 0.0144234 0.00210226
0 0.664534 0.456805 0.0966079 0.0713042 0.00207678
0 0.738078 0.576211 0.146794 0.0360533 0.0020256
0 0.899234 0.600868 0.0973784 0.0332613 0.00199445
0 0.76313 0.71209 0.221454 0.0753695 0.00198434
0 0.0647682 0.00537641 0.0227211 0.0107528 0.00196695
0 0.201021 0.142267 0.0379176 0.0558012 0.00194239
0 0.756473 0.5176 0.33282 0.172128 0.00194183
0 0.174144 0.423985 0.061092 0.111595 0.00193737
0 0.879042 0.783632 0.241916 0.110732 0.00192062
0 0.519902 0.509181 0.0895346 0.0856461 0.00191976
0 0.482908 0.572217 0.100726 0.0583141 0.00191745
0 0.820869 0.474605 0.125896 0.0473548 0.00191496
0 0.0841641 0.0235111 0.0797904 0.0470222 0.00189744
0 0.731597 0.699227 0.08699 0.0349276 0.00189285
0 0.745116 0.543166 0.252662 0.10658 0.00184827
0 0.408004 0.590498 0.4561 0.14913 0.00183336
0 0.691064 0.450307 0.0641954 0.0188321 0.00182297
0 0.662394 0.461366 0.28282 0.0427917 0.00181881
0 0.508418 0.6149 0.156157 0.0967756 0.00181852
0 0.789953 0.722179 0.155942 0.0787941 0.00181533
0 0.322751 0.710518 0.185237 0.0593269 0.00180934
0 0.0479377 0.072633 0.0318799 0.0662934 0.00177962
0 0.9265 0.315798 0.046522 0.0425114 0.00177147
0 0.182695 0.461366 0.0695456 0.102082 0.00175524
0 0.43066 0.776454 0.147048 0.205442 0.00174963
0 0.0665971 0.349299 0.089346 0.113393 0.00173499
0 0.0887196 0.499168 0.151756 0.0754662 0.00170512
0 0.408493 0.642452 0.816985 0.289715 0.00170383
0 0.158049 0.0687394 0.0605925 0.0381192 0.00169267
0 0.483648 0.170525 0.0180449 0.0336183 0.00167812
0 0.260217 0.159481 0.0124849 0.0328092 0.00165962
0 0.218195 0.382843 0.0341805 0.0884976 0.00165686
0 0.232981 0.101232 0.0437582 0.0975412 0.00165512
0 0.873919 0.592537 0.199423 0.0852544 0.00165257
0 0.395715 0.82736 0.32002 0.216759 0.00162549
0 0.138841 0.428749 0.0360605 0.051613 0.00160199
0 0.812144 0.62069 0.199568 0.10002 0.00159947
0 0.203346 0.370422 0.0188654 0.060955 0.0015954
0 0.386639 0.580766 0.234154 0.0889812 0.00158023
0 0.287928 0.00994684 0.021805 0.0128541 0.00157474
0 0.82655 0.474435 0.129766 0.106654 0.00156422
0 0.239914 0.119612 0.0441993 0.06475 0.00155073
0 0.468554 0.54142 0.148412 0.106454 0.0015451
0 0.803022 0.892366 0.0319252 0.0772194 0.00154497
0 0.370742 0.477783 0.0412631 0.0525731 0.00154185
0 0.0414598 0.00533974 0.0282166 0.0106795 0.0015207
0 0.895607 0.572797 0.052915 0.0172276 0.00151559
0 0.838307 0.497643 0.0786469 0.0564306 0.00151516
0 0.0671565 0.0305488 0.0417805 0.0507011 0.00150403
0 0.868927 0.576063 0.0550705 0.026101 0.00149448
0 0.871363 0.351854 0.136569 0.0945449 0.00149412
0 0.039718 0.00349185 0.0218536 0.00698371 0.00148751
0 0.83462 0.538401 0.110009 0.0969881 0.00148252
0 0.860376 0.595467 0.147036 0.0520873 0.00147935
0 0.883872 0.302408 0.154905 0.170114 0.00147919
0 0.00576517 0.0168773 0.0115303 0.0278239 0.00146774
0 0.151823 0.451277 0.0976741 0.0879925 0.00146086
0 0.0798887 0.0216983 0.0511162 0.039787 0.00145025
0 0.103813 0.358316 0.146347 0.107991 0.00145018
0 0.859729 0.761588 0.152365 0.114419 0.00143923
0 0.402737 0.795141 0.0277902 0.0540823 0.00143644
0 0.793104 0.513208 0.148605 0.131743 0.00142507
0 0.191221 0.449736 0.0525009 0.0812609 0.0014105
0 0.378989 0.0763949 0.0238381 0.0255715 0.00140605
0 0.1072 0.577637 0.0549577 0.0485684 0.00138598
0 0.128044 0.569803 0.140429 0.0642987 0.00137497
0 0.156731 0.497891 0.0222129 0.0377571 0.00136396
0 0.716359 0.64088 0.313309 0.128747 0.00136317
0 0.985881 0.586566 0.0265434 0.0264375 0.00136044
0 0.692574 0.447267 0.0465566 0.0143795 0.00135134
0 0.41246 0.827904 0.0416823 0.0822212 0.0013443
0 0.21974 0.125975 0.078478 0.0935851 0.00133715
0 0.192585 0.10787 0.114617 0.121849 0.0013178
0 0.0120927 0.319329 0.0182935 0.0289988 0.00130649
0 0.775308 0.024668 0.0395367 0.0453363 0.00130142
0 0.363731 0.72222 0.0868318 0.0277421 0.00128164
0 0.831882 0.650748 0.203463 0.22069 0.00127475
0 0.651604 0.447936 0.0762536 0.0202185 0.00126405
0 0.755567 0.573123 0.0476433 0.0175883 0.00126147
0 0.769072 0.461491 0.092803 0.0210607 0.00126102
0 0.884375 0.340153 0.0880316 0.0861979 0.00125619
0 0.765551 0.573737 0.057936 0.0220018 0.00125298
0 0.206593 0.103107 0.184958 0.188886 0.00124939
0 0.910516 0.321605 0.108934 0.0840626 0.00123913
0 0.365057 0.864983 0.0176211 0.0179733 0.00123841
0 0.155564 0.503574 0.0293529 0.0453061 0.00121297
0 0.101929 0.343396 0.198156 0.131553 0.0012121
0 0.0721194 0.0196406 0.0716988 0.0392813 0.00120984
0 0.346364 0.715262 0.136619 0.0376822 0.00120921
0 0.923358 0.57234 0.0373766 0.0142319 0.00120473
0 0.379552 0.0696374 0.0230096 0.024238 0.00119633
0 0.85599 0.62005 0.191278 0.111164 0.00119112
0 0.711523 0.647099 0.485027 0.221472 0.00118886
0 0.0819013 0.325737 0.150044 0.12888 0.00116267
0 0.747923 0.626312 0.0515806 0.0264775 0.0011583
0 0.206689 0.139783 0.048191 0.0775933 0.00115641
0 0.116399 0.485815 0.112168 0.0367945 0.00114763
