0 0.532252 0.54063 0.0527042 0.118836 0.705882
0 0.49867 0.443087 0.0919248 0.0410567 0.298522
0 0.519338 0.500036 0.079236 0.148184 0.197427
0 0.531295 0.537709 0.0517322 0.0715024 0.0519897
0 0.498561 0.450491 0.116189 0.102736 0.0398289
0 0.510928 0.537925 0.144298 0.206111 0.0380285
0 0.502413 0.439927 0.0591425 0.0436122 0.0321013
0 0.496779 0.429966 0.141245 0.104513 0.0239726
0 0.49182 0.428645 0.106564 0.0748059 0.0166302
0 0.533973 0.562532 0.0480624 0.0708001 0.0138386
0 0.515269 0.440332 0.0603697 0.0294397 0.0128946
0 0.466667 0.362022 0.0344941 0.0281106 0.00981868
0 0.492018 0.451612 0.205339 0.252434 0.00950232
0 0.541255 0.567384 0.0322193 0.0526141 0.0090142
0 0.469727 0.00748919 0.0250893 0.0149784 0.00754635
0 0.495156 0.48041 0.108505 0.165764 0.00735903
0 0.515905 0.535687 0.0837691 0.119288 0.00612308
0 0.526793 0.439041 0.0246226 0.0180512 0.00515042
0 0.471787 0.0123319 0.0297685 0.0246639 0.0050433
0 0.480583 0.440999 0.128652 0.0607965 0.00489938
0 0.482147 0.589684 0.0105457 0.012729 0.00466531
0 0.526038 0.558751 0.0500138 0.101064 0.00459103
0 0.519668 0.41419 0.155108 0.102205 0.00401944
0 0.476116 0.41754 0.122529 0.104878 0.00374058
0 0.545053 0.574296 0.026244 0.045109 0.00368497
0 0.23065 0.0250272 0.0127246 0.00936301 0.0036676
0 0.496517 0.459863 0.0972685 0.0670559 0.00303972
0 0.477403 0.00779944 0.0225635 0.0155989 0.00294871
0 0.431738 0.373677 0.0297911 0.0284318 0.00279362
0 0.560159 0.537724 0.102829 0.122513 0.0027808
0 0.498415 0.513254 0.096245 0.158624 0.00266481
0 0.463791 0.00678425 0.0306503 0.0135685 0.00260801
0 0.476949 0.360542 0.0585269 0.0258001 0.00253667
0 0.460113 0.36412 0.0259502 0.0288556 0.00245927
0 0.542198 0.559104 0.0451785 0.0880136 0.00234401
0 0.507979 0.384858 0.139 0.0703531 0.00225688
0 0.479125 0.0154781 0.0277323 0.0274153 0.00224408
0 0.537347 0.574995 0.0316133 0.0505896 0.00223221
0 0.978612 0.152274 0.0413 0.0471624 0.00206733
0 0.00474719 0.0185286 0.00949437 0.0333944 0.00201467
0 0.527858 0.512887 0.0545532 0.107461 0.00190092
0 0.482211 0.588596 0.0143219 0.0179929 0.00189396
0 0.471658 0.406793 0.198756 0.194363 0.00186985
0 0.487642 0.433905 0.0785401 0.0487638 0.00186796
0 0.23234 0.0229292 0.0148103 0.0156934 0.00186012
0 0.00552448 0.0116655 0.011049 0.0198412 0.00181266
0 0.522625 0.562419 0.0635197 0.132806 0.00180795
0 0.544433 0.570797 0.199641 0.248304 0.00175138
0 0.523212 0.521575 0.0538582 0.0669883 0.00154528
0 0.487705 0.440243 0.0549826 0.0418107 0.00148868
0 0.527591 0.410406 0.256812 0.196605 0.00146043
0 0.439876 0.368299 0.0461906 0.0380534 0.00145411
0 0.474452 0.499525 0.209154 0.189839 0.00144326
0 0.503261 0.368572 0.112797 0.0403883 0.00137012
0 0.379307 0.519459 0.0522554 0.0621322 0.00129998
0 0.424887 0.372879 0.0349668 0.0370133 0.00124869
0 0.396784 0.741859 0.0145745 0.0139675 0.00120593
0 0.512127 0.448275 0.0610552 0.0434947 0.001161
0 0.544307 0.526661 0.0904392 0.169675 0.0011275
0 0.334244 0.971074 0.0461134 0.0425322 0.00111506
0 0.574327 0.538042 0.206272 0.234014 0.00108137
0 0.378846 0.516186 0.0407521 0.0424131 0.00103266
0 0.469722 0.00422808 0.0317649 0.00845616 0.00102965
