0 0.152706 0.304214 0.0211202 0.0591901 0.600243
0 0.388983 0.227395 0.0352682 0.0789427 0.546492
0 0.259314 0.470014 0.105104 0.071624 0.392708
0 0.656272 0.500385 0.484432 0.105938 0.242219
0 0.168834 0.498736 0.06005 0.0550498 0.199724
0 0.250665 0.475097 0.150084 0.0900369 0.152862
0 0.0893521 0.954551 0.0141248 0.0168877 0.120415
0 0.568619 0.503391 0.301325 0.115203 0.11495
0 0.537024 0.710807 0.0188203 0.0129182 0.107268
0 0.19236 0.223723 0.0189108 0.0353041 0.0852929
0 0.601876 0.498187 0.470153 0.147428 0.0658423
0 0.11175 0.831676 0.190975 0.0954981 0.0563223
0 0.190421 0.492251 0.102257 0.0868565 0.0467096
0 0.0896407 0.960042 0.0155275 0.0328354 0.0414347
0 0.393427 0.209604 0.0234476 0.0596957 0.0410573
0 0.0434512 0.851254 0.0492152 0.0187859 0.0395355
0 0.255394 0.321023 0.0514082 0.0638961 0.0373699
0 0.158248 0.304779 0.026785 0.0541165 0.0359591
0 0.381057 0.471275 0.028677 0.0500673 0.0349552
0 0.875833 0.842832 0.0422737 0.0160242 0.0325763
0 0.242988 0.48725 0.212983 0.14372 0.0302597
0 0.191909 0.228532 0.017923 0.0209643 0.029058
0 0.169861 0.402886 0.0333834 0.0476547 0.028722
0 0.778474 0.29309 0.029505 0.0537361 0.0246517
0 0.48047 0.842495 0.0233287 0.0228788 0.0246007
0 0.218194 0.489713 0.16713 0.0751555 0.0237928
0 0.330086 0.530008 0.0235994 0.0154282 0.0218095
0 0.541962 0.52461 0.226427 0.0897565 0.0218015
0 0.170499 0.501679 0.0732305 0.079995 0.0209695
0 0.488837 0.830909 0.048652 0.0447359 0.0209237
0 0.192283 0.213915 0.020895 0.0547933 0.0191018
0 0.180453 0.503922 0.0734528 0.0524563 0.0186253
0 0.501229 0.816731 0.0281686 0.0184185 0.0182723
0 0.088061 0.965992 0.0196927 0.0412155 0.0179024
0 0.537897 0.532031 0.150143 0.0640142 0.0163756
0 0.64317 0.481808 0.650505 0.151669 0.0160524
0 0.395211 0.200959 0.0188167 0.0329518 0.0143991
0 0.502398 0.533799 0.0626303 0.0632454 0.0133107
0 0.167166 0.414799 0.0231479 0.0175676 0.0130911
0 0.267472 0.492301 0.132789 0.0592782 0.0125202
0 0.184599 0.148202 0.0218021 0.045441 0.012164
0 0.552397 0.481303 0.306876 0.0885885 0.0106453
0 0.483682 0.837129 0.0289293 0.031148 0.0106269
0 0.331905 0.526323 0.0281104 0.0202791 0.0103534
0 0.892043 0.111201 0.0334108 0.0810519 0.0103374
0 0.20444 0.500806 0.140376 0.0528047 0.0102786
0 0.27596 0.45928 0.221715 0.14715 0.0101182
0 0.39373 0.230071 0.0620879 0.117884 0.00953881
0 0.563248 0.498763 0.165412 0.113001 0.00949347
0 0.684784 0.521087 0.630433 0.146725 0.00889848
0 0.493988 0.825682 0.0374125 0.0332756 0.00874216
0 0.0469223 0.85302 0.0388438 0.0127966 0.00837831
0 0.0486953 0.853176 0.0682281 0.0281437 0.00814827
0 0.516502 0.501827 0.178976 0.0994808 0.007716
0 0.484507 0.840094 0.0212817 0.0221622 0.00766958
0 0.256072 0.463967 0.0600253 0.0656913 0.00766934
0 0.481992 0.470481 0.153636 0.0661006 0.00763134
0 0.188324 0.149895 0.0158228 0.0365641 0.00706826
0 0.180808 0.145304 0.0334203 0.0454548 0.00691689
0 0.870305 0.496459 0.114613 0.054301 0.00688031
0 0.171463 0.509344 0.0520359 0.0514384 0.00679938
0 0.249177 0.326669 0.0392407 0.0469646 0.00666529
0 0.537433 0.709198 0.0228066 0.0227176 0.00618047
0 0.407528 0.616824 0.0202435 0.0113297 0.00614853
0 0.0892076 0.954651 0.0244971 0.0278143 0.00593761
0 0.389415 0.2473 0.0317373 0.0635689 0.00585953
0 0.558745 0.522244 0.3823 0.131586 0.00583137
0 0.878261 0.847874 0.0499344 0.023085 0.0055443
0 0.0661305 0.844555 0.116251 0.0489817 0.00544069
0 0.113815 0.801097 0.227344 0.104266 0.00536782
0 0.379952 0.230207 0.0262923 0.0673293 0.0052271
0 0.0899608 0.961747 0.0280926 0.0400663 0.00506654
0 0.270409 0.500488 0.126168 0.0368649 0.00500685
0 0.870165 0.847075 0.0442417 0.0191551 0.00495547
0 0.0926521 0.85046 0.169663 0.0954639 0.00487373
0 0.477852 0.835515 0.0489377 0.0479916 0.00472572
0 0.15245 0.316597 0.0190909 0.0503893 0.00459644
0 0.500019 0.820357 0.0361451 0.0222818 0.00453732
0 0.107598 0.840426 0.215196 0.145475 0.00451454
0 0.895917 0.114758 0.0433016 0.108848 0.00444407
0 0.17815 0.488531 0.072966 0.0566226 0.0042516
0 0.114451 0.770134 0.228902 0.173646 0.00409821
0 0.147536 0.498513 0.189987 0.242395 0.00406098
0 0.106012 0.871059 0.188354 0.1613 0.00405952
0 0.494497 0.53968 0.0441975 0.0543182 0.00404215
0 0.254464 0.319591 0.0735869 0.0999872 0.00403105
0 0.190738 0.225454 0.0270521 0.0557394 0.00398394
0 0.488491 0.531026 0.0502019 0.0588048 0.00384378
0 0.507976 0.529318 0.0968979 0.0542082 0.00382536
0 0.459035 0.469701 0.104922 0.0563477 0.00382454
0 0.154438 0.31671 0.0464352 0.0721471 0.00378836
0 0.402571 0.615086 0.0234066 0.0134859 0.00359897
0 0.189837 0.202459 0.0213521 0.0755478 0.00352541
0 0.258746 0.489171 0.0847169 0.0567483 0.00347141
0 0.241815 0.505577 0.178733 0.0670173 0.00346105
0 0.0869504 0.978418 0.0134793 0.0431648 0.0033202
0 0.155998 0.289792 0.0222541 0.047742 0.00328995
0 0.0401893 0.859155 0.0649789 0.0289438 0.00322221
0 0.160427 0.305338 0.0474928 0.0665537 0.00322043
0 0.167665 0.306179 0.0340994 0.0532899 0.00315634
0 0.371105 0.484691 0.0466801 0.0634068 0.00305917
0 0.00575448 0.963872 0.011509 0.0174314 0.00296875
0 0.15043 0.482284 0.0220114 0.0250239 0.00293174
0 0.869631 0.849444 0.0640734 0.0295408 0.00291442
0 0.38829 0.252042 0.0227281 0.0438697 0.00289534
0 0.412518 0.618765 0.0304915 0.0140446 0.00283134
0 0.909783 0.130394 0.0650669 0.137664 0.00279236
0 0.166188 0.397409 0.0486824 0.0570026 0.00270428
0 0.304115 0.479438 0.191887 0.0920251 0.00265625
0 0.718297 0.492851 0.533402 0.0655322 0.00257242
0 0.196514 0.221685 0.0211643 0.0420786 0.00241602
0 0.83187 0.857149 0.0262045 0.0204485 0.00241302
0 0.334432 0.522158 0.0387566 0.0288988 0.00236665
0 0.0823418 0.829754 0.12177 0.0588913 0.00232414
0 0.391645 0.205967 0.255981 0.250433 0.00228185
0 0.44177 0.47842 0.0783221 0.0462629 0.00225085
0 0.580668 0.763322 0.0165246 0.0398396 0.00223868
0 0.254634 0.453586 0.102794 0.0617528 0.00223793
0 0.278301 0.456788 0.124375 0.0547779 0.00223401
0 0.359879 0.507119 0.0502626 0.0337602 0.00221957
0 0.193479 0.194874 0.0197986 0.050551 0.00216822
0 0.193246 0.232954 0.017191 0.0211318 0.00210522
0 0.156599 0.484062 0.0361423 0.0265496 0.00210133
0 0.826123 0.294901 0.0513803 0.0317909 0.00209393
0 0.0871137 0.965879 0.0286298 0.0682428 0.00204747
0 0.495515 0.815123 0.0416423 0.0161547 0.001983
0 0.885126 0.844465 0.0540262 0.0215269 0.00195974
0 0.153768 0.319381 0.0239897 0.0714669 0.00186366
0 0.893897 0.503396 0.0498964 0.0420893 0.00184967
0 0.926634 0.132835 0.0652773 0.162856 0.00182562
0 0.387249 0.476131 0.0275352 0.0424528 0.00181381
0 0.496432 0.832045 0.0523925 0.0607033 0.00177936
0 0.223414 0.480702 0.122607 0.0735799 0.00177032
0 0.005423 0.981347 0.010846 0.0373061 0.00174811
0 0.0889576 0.97696 0.0223044 0.0347965 0.00171931
0 0.34362 0.475193 0.0257706 0.0403896 0.00170346
0 0.0536382 0.857396 0.0867327 0.0638237 0.00170278
0 0.18252 0.217415 0.0381607 0.0606 0.00169733
0 0.882648 0.501334 0.0781166 0.052071 0.00168875
0 0.577503 0.755835 0.0116216 0.0211584 0.00163231
0 0.163077 0.480419 0.0505993 0.0489011 0.0016246
0 0.771163 0.296621 0.0420444 0.0618624 0.00158694
0 0.252964 0.307306 0.0583551 0.0686077 0.0015841
0 0.498113 0.465912 0.234858 0.0898197 0.00156867
0 0.947601 0.122181 0.10017 0.185274 0.00156197
0 0.576381 0.756738 0.0122069 0.0333692 0.00155471
0 0.157111 0.501775 0.0400607 0.0392838 0.00154451
0 0.168786 0.297047 0.0388705 0.0816168 0.00151912
0 0.479763 0.833328 0.068688 0.0619741 0.00151405
0 0.196879 0.228926 0.0185149 0.0236825 0.00149525
0 0.13885 0.557692 0.0161189 0.0146645 0.00146467
0 0.825047 0.305505 0.0725618 0.0622281 0.00145739
0 0.605048 0.501844 0.168735 0.115276 0.00143836
0 0.338504 0.485965 0.150592 0.0810508 0.00141806
0 0.154867 0.832525 0.277736 0.120947 0.00141749
0 0.270233 0.499832 0.083603 0.0300153 0.00140401
0 0.864638 0.845422 0.0334425 0.0136942 0.00140024
0 0.355025 0.242912 0.234766 0.216947 0.00139208
0 0.203421 0.503143 0.0887603 0.042589 0.00137388
0 0.157504 0.404997 0.0481985 0.042744 0.00136402
0 0.188778 0.198931 0.0318987 0.0978463 0.00135618
0 0.838357 0.855348 0.0456562 0.0257902 0.00135205
0 0.328758 0.531841 0.0313549 0.0237996 0.00134284
0 0.429642 0.84565 0.0269587 0.0383709 0.00133746
0 0.131223 0.88208 0.258631 0.206576 0.00133546
0 0.0792553 0.848931 0.147862 0.0675377 0.00133156
0 0.153113 0.491366 0.0265381 0.0406348 0.00131386
0 0.0575246 0.836292 0.087631 0.0598343 0.00128527
0 0.275785 0.455127 0.0743916 0.0420608 0.00126881
0 0.0893265 0.954596 0.0350187 0.065926 0.00125236
0 0.900033 0.510394 0.0250393 0.0289364 0.00123003
0 0.181461 0.136071 0.0229876 0.0372442 0.00121353
0 0.171211 0.388743 0.0354337 0.046958 0.00121116
0 0.731312 0.481509 0.313525 0.0515707 0.00119649
0 0.154645 0.321405 0.0135795 0.0408021 0.00119559
0 0.232808 0.469419 0.0660526 0.0622661 0.0011935
0 0.636591 0.009024 0.0223725 0.018048 0.00118911
0 0.482553 0.843593 0.0353226 0.0322304 0.00118536
0 0.24032 0.30191 0.218651 0.241008 0.00118189
0 0.0356448 0.851635 0.055184 0.0320807 0.00117802
0 0.151871 0.288417 0.0171433 0.0388496 0.00116988
0 0.0720066 0.822147 0.0833215 0.0555094 0.00115112
0 0.130815 0.84967 0.150277 0.12176 0.00114429
0 0.187532 0.495157 0.0566338 0.0498117 0.00114119
0 0.247858 0.473492 0.0581151 0.0643795 0.00113277
0 0.516348 0.53668 0.0724603 0.0532598 0.00112502
0 0.430522 0.480112 0.0443645 0.0387165 0.00111668
0 0.535356 0.70176 0.022628 0.0314898 0.00106681
0 0.41075 0.478299 0.0174906 0.0285617 0.00106461
0 0.162063 0.274166 0.0320469 0.0778272 0.00104829
0 0.967279 0.131376 0.0654422 0.194477 0.0010436
0 0.496872 0.457966 0.423065 0.162616 0.00103512
0 0.280438 0.451319 0.0447942 0.0245396 0.00103303
0 0.188906 0.182342 0.0241548 0.0777478 0.00102398
0 0.391497 0.199012 0.0150399 0.0353141 0.00101616
0 0.418993 0.482206 0.0283792 0.0330908 0.00100751
