0 0.531797 0.513505 0.175714 0.0824506 0.879788
0 0.52822 0.504551 0.178872 0.14051 0.153539
0 0.147029 0.216518 0.0268454 0.0152493 0.0758017
0 0.080374 0.0132631 0.0892498 0.0265263 0.0559672
0 0.0754039 0.373095 0.0257012 0.0450765 0.0464332
0 0.133467 0.645137 0.0448627 0.0272782 0.0350164
0 0.138418 0.643564 0.0458317 0.0194019 0.0149478
0 0.113685 0.209757 0.0837509 0.0365229 0.0125886
0 0.533789 0.476462 0.168276 0.106442 0.011578
0 0.071367 0.00842784 0.0732312 0.0166383 0.00960999
0 0.132504 0.214174 0.0592489 0.0292474 0.00941276
0 0.0763781 0.374566 0.0336979 0.0599176 0.00906659
0 0.175859 0.570515 0.0276476 0.0285894 0.00903318
0 0.532405 0.480619 0.220668 0.15315 0.00860196
0 0.081013 0.012076 0.0574209 0.0241519 0.00804073
0 0.531767 0.511991 0.0951977 0.0855133 0.00792773
0 0.113856 0.133756 0.050046 0.0297866 0.0073617
0 0.0867835 0.00881961 0.0780307 0.0176392 0.00669156
0 0.0597354 0.970923 0.0279106 0.0465372 0.00602509
0 0.148439 0.643216 0.0231701 0.0229992 0.00568011
0 0.119128 0.644418 0.0652487 0.0439317 0.00526119
0 0.145804 0.220246 0.0258965 0.0192402 0.00445365
0 0.0804391 0.0207997 0.0920517 0.0394688 0.00406681
0 0.494898 0.520995 0.118587 0.0724736 0.0039797
0 0.138016 0.215474 0.043484 0.0236823 0.0039442
0 0.177994 0.573157 0.0330111 0.0399466 0.00359484
0 0.548469 0.530596 0.144841 0.0832197 0.00357404
0 0.0805781 0.602131 0.0244289 0.0497549 0.00333563
0 0.5301 0.548514 0.164629 0.154277 0.00321892
0 0.578802 0.519915 0.0981324 0.0647473 0.00303213
0 0.0729871 0.364094 0.0173325 0.0358418 0.00292392
0 0.122913 0.638117 0.095463 0.0893827 0.00292009
0 0.0721634 0.0070839 0.0516394 0.0141678 0.00276735
0 0.0809973 0.00625213 0.0752922 0.0125043 0.00254596
0 0.492045 0.531999 0.0899023 0.0493804 0.00250993
0 0.13767 0.651339 0.0632702 0.0905412 0.00249603
0 0.535256 0.448938 0.179519 0.173982 0.00218221
0 0.116894 0.299717 0.0130839 0.0152376 0.00205697
0 0.0607397 0.006616 0.0382491 0.0130173 0.00205334
0 0.105136 0.00944435 0.0734374 0.0188887 0.00199375
0 0.973944 0.943068 0.0521118 0.113864 0.00198446
0 0.99626 0.878497 0.007479 0.0262218 0.00191087
0 0.727612 0.519936 0.0111454 0.0135111 0.00187367
0 0.118181 0.302276 0.0164465 0.0152542 0.00185934
0 0.0839699 0.602515 0.0440429 0.0425883 0.00184865
0 0.0823473 0.0281911 0.0842267 0.0563823 0.00176326
0 0.118209 0.204798 0.0945601 0.0569536 0.00175545
0 0.152963 0.76281 0.0406535 0.0717637 0.00169485
0 0.113201 0.621157 0.146066 0.138874 0.00168825
0 0.0953119 0.649931 0.0211196 0.053965 0.00168485
0 0.134359 0.210473 0.0738908 0.0569964 0.00160229
0 0.977393 0.193749 0.0109274 0.0174466 0.00156691
0 0.168705 0.565916 0.0161074 0.0180485 0.00151489
0 0.567223 0.501013 0.290847 0.154628 0.0014758
0 0.0979358 0.635739 0.0428065 0.0773452 0.00146532
0 0.0953066 0.637809 0.0334942 0.0584221 0.00143447
0 0.135649 0.686669 0.0947221 0.17746 0.0014066
0 0.998069 0.879959 0.00386152 0.022925 0.00137244
0 0.568229 0.509905 0.13879 0.0815607 0.00136683
0 0.166054 0.568584 0.0154566 0.0236629 0.00133339
0 0.544401 0.523176 0.0955686 0.0682727 0.0013167
0 0.129486 0.627292 0.0618876 0.0479637 0.00128874
0 0.176831 0.578116 0.0377422 0.0641803 0.00126006
0 0.974131 0.194893 0.0155241 0.0251172 0.001225
0 0.107269 0.626197 0.0887695 0.0725098 0.00120992
0 0.104579 0.0073767 0.0381945 0.0133713 0.00119287
0 0.967148 0.95051 0.0320114 0.0878311 0.0011743
0 0.117959 0.631316 0.0561628 0.0562032 0.00117183
0 0.105939 0.128167 0.0733063 0.037452 0.00116293
0 0.480499 0.540756 0.0715958 0.0404124 0.00115201
0 0.986564 0.972797 0.0268724 0.0517014 0.0011491
0 0.108666 0.621228 0.111792 0.101602 0.00114827
0 0.097154 0.6326 0.0212621 0.0712501 0.00113633
0 0.50525 0.010871 0.0207759 0.011341 0.00112567
0 0.729473 0.51631 0.0124662 0.0249778 0.00112566
0 0.530717 0.602348 0.177036 0.229373 0.00110046
0 0.106968 0.0602769 0.045966 0.0169644 0.00109702
0 0.990411 0.877789 0.00814342 0.0231354 0.00109408
0 0.54148 0.417101 0.226214 0.237267 0.00107097
0 0.104131 0.601641 0.208261 0.628353 0.00106966
0 0.725277 0.520263 0.0162311 0.017391 0.00106526
0 0.0801052 0.0416608 0.0932498 0.0664191 0.00105365
0 0.520892 0.534998 0.174623 0.0625956 0.00104598
0 0.146727 0.745709 0.0533808 0.0718577 0.00101619
0 0.113137 0.127142 0.0693511 0.0576202 0.00101554
