0 0.400105 0.573886 0.0299798 0.0347205 0.76033
0 0.609389 0.41794 0.0201763 0.0212399 0.570426
0 0.42036 0.633447 0.0276047 0.0285251 0.475673
0 0.492365 0.426275 0.0162103 0.0360381 0.42164
0 0.57589 0.409511 0.016444 0.0226151 0.120673
0 0.421792 0.631325 0.0351068 0.0498045 0.0617303
0 0.597836 0.416073 0.0362347 0.0266684 0.0570438
0 0.613003 0.420689 0.0172014 0.0201706 0.0523141
0 0.0228418 0.707798 0.0456835 0.22204 0.040896
0 0.495692 0.428108 0.0164794 0.0310681 0.0395807
0 0.493338 0.423196 0.0248593 0.0367342 0.027957
0 0.403182 0.582737 0.0220797 0.0290893 0.0255298
0 0.603923 0.416948 0.0197006 0.0270065 0.0243692
0 0.069424 0.0641946 0.0115487 0.0168414 0.0202279
0 0.236355 0.46445 0.0162813 0.0171211 0.0195306
0 0.420887 0.639361 0.0245627 0.026267 0.0191339
0 0.397665 0.566265 0.0255346 0.0269161 0.0172033
0 0.410544 0.592902 0.0553136 0.0751336 0.0162314
0 0.409007 0.576664 0.0280378 0.0289218 0.015772
0 0.426253 0.624733 0.027049 0.0455998 0.0152737
0 0.615076 0.418527 0.0298401 0.0238936 0.0150443
0 0.601126 0.00362342 0.0103316 0.00724684 0.0141976
0 0.416464 0.637414 0.0260229 0.0331833 0.0124951
0 0.0261777 0.67179 0.0523553 0.296538 0.011194
0 0.0714039 0.0649088 0.0120903 0.0205627 0.0106893
0 0.0421033 0.0197239 0.0831016 0.0394478 0.0105794
0 0.40855 0.571052 0.0354206 0.0343467 0.0101514
0 0.611603 0.419777 0.0292676 0.05054 0.00925867
0 0.399518 0.583624 0.0229445 0.0359599 0.00916603
0 0.392122 0.571748 0.0249252 0.0343666 0.00802232
0 0.400089 0.575915 0.0506217 0.0453132 0.00765661
0 0.602386 0.00397593 0.0147958 0.00795185 0.00627523
0 0.421452 0.61009 0.0293749 0.0588719 0.00613399
0 0.597303 0.414604 0.0482962 0.0528114 0.00577187
0 0.421894 0.632576 0.0483361 0.0381121 0.00571297
0 0.413808 0.623988 0.0377455 0.0384135 0.00517597
0 0.0848828 0.00430076 0.0234137 0.00860151 0.00497108
0 0.391494 0.576373 0.0394359 0.0325357 0.00483569
0 0.0628092 0.700311 0.125618 0.307545 0.00483027
0 0.428746 0.610944 0.0273901 0.0490692 0.00457913
0 0.408081 0.598576 0.0771047 0.122598 0.00448812
0 0.417217 0.605384 0.0577379 0.0776828 0.00408314
0 0.580618 0.408846 0.0257651 0.0288562 0.00402564
0 0.483853 0.429159 0.0323888 0.0427657 0.00342276
0 0.0864865 0.0058185 0.0261497 0.0104368 0.00287583
0 0.407899 0.607279 0.0406712 0.0617072 0.00269693
0 0.492774 0.416586 0.0196454 0.0256707 0.00269465
0 0.575676 0.415409 0.0313266 0.0607617 0.00247983
0 0.0139034 0.708756 0.0278068 0.218444 0.00235111
0 0.0421567 0.556883 0.0843135 0.515944 0.00222406
0 0.573901 0.408053 0.0243627 0.0269413 0.00218001
0 0.0441883 0.665709 0.0883765 0.356928 0.00217074
0 0.42383 0.592423 0.0401612 0.0594384 0.00214311
0 0.408672 0.630582 0.042838 0.0350829 0.0019603
0 0.605245 0.00443395 0.0144596 0.0088679 0.00184137
0 0.852888 0.630849 0.0796213 0.0883504 0.00179221
0 0.59461 0.411902 0.0272365 0.0239924 0.0017689
0 0.10323 0.0545644 0.0225269 0.0248111 0.00176207
0 0.0321883 0.60884 0.0643766 0.379009 0.00174881
0 0.335529 0.026617 0.012177 0.0174437 0.00171526
0 0.228065 0.520366 0.0200095 0.00883408 0.00167875
0 0.578475 0.404102 0.0174683 0.020276 0.00163846
0 0.426758 0.640511 0.0253852 0.028752 0.00162746
0 0.200365 0.530087 0.0121053 0.0103514 0.00161684
0 0.835746 0.9438 0.0112185 0.0117733 0.00160618
0 0.60865 0.408733 0.0260955 0.0320714 0.00147116
0 0.415151 0.588149 0.0388085 0.050534 0.00145301
0 0.0249188 0.7529 0.0443572 0.155186 0.00145114
0 0.428985 0.596608 0.0242569 0.049501 0.00140781
0 0.835263 0.945953 0.0156645 0.019548 0.00140612
0 0.0294461 0.723116 0.0418229 0.172484 0.00138021
0 0.0721434 0.0612907 0.00958279 0.0239821 0.00133908
0 0.397382 0.595941 0.194982 0.233562 0.00131003
0 0.103428 0.0581677 0.0316451 0.0237474 0.00130424
0 0.435316 0.629517 0.0346778 0.0367407 0.00130188
0 0.0499428 0.0429037 0.0998855 0.0858074 0.00126115
0 0.235589 0.467928 0.0209796 0.0263672 0.00125114
0 0.796123 0.00480666 0.0243132 0.00961331 0.00120172
0 0.43718 0.619219 0.0367279 0.0467603 0.00120038
0 0.490037 0.436462 0.0202971 0.045022 0.00116513
0 0.418796 0.572337 0.0510093 0.0439838 0.00115982
0 0.401298 0.608779 0.0584889 0.0739493 0.00113771
0 0.407185 0.607117 0.0280627 0.0409297 0.00113715
0 0.429381 0.595536 0.0195894 0.0359241 0.00108172
0 0.420704 0.645495 0.0214375 0.026449 0.00108117
0 0.729106 0.11443 0.00910425 0.0203262 0.00107345
0 0.571764 0.419253 0.0343781 0.035418 0.00106054
0 0.886934 0.00285054 0.226131 0.00570109 0.00104032
0 0.411227 0.571804 0.0576791 0.0594371 0.00102185
