0 0.477639 0.517043 0.134942 0.148732 0.670581
0 0.496158 0.486046 0.122349 0.177312 0.247337
0 0.383201 0.713322 0.141884 0.0510692 0.236279
0 0.0147298 0.907801 0.0276889 0.0253218 0.170157
0 0.874607 0.509549 0.075667 0.0934445 0.150835
0 0.119034 0.984146 0.0447258 0.0317083 0.126541
0 0.672317 0.581962 0.136283 0.0719987 0.109955
0 0.498093 0.507983 0.0915839 0.126935 0.102086
0 0.454369 0.561482 0.0757333 0.0607232 0.0825016
0 0.134332 0.929177 0.065052 0.0583118 0.0803052
0 0.381513 0.705608 0.154287 0.0818863 0.0460433
0 0.579929 0.792457 0.0438719 0.0953352 0.0370349
0 0.890196 0.523318 0.102176 0.118788 0.0359497
0 0.370432 0.719628 0.127099 0.0324428 0.0330115
0 0.507162 0.498717 0.0625385 0.115283 0.0313437
0 0.884975 0.527642 0.0702681 0.0953406 0.0296932
0 0.475701 0.549009 0.111942 0.10461 0.0278313
0 0.896793 0.546431 0.02955 0.0375871 0.0269749
0 0.540509 0.421863 0.0371441 0.0484368 0.0252187
0 0.511191 0.46245 0.0922501 0.1553 0.0245684
0 0.424443 0.650257 0.102676 0.0609114 0.0214121
0 0.904383 0.518709 0.148343 0.142235 0.020789
0 0.86043 0.505427 0.0422085 0.0542005 0.0195071
0 0.442617 0.557302 0.0540801 0.0487142 0.0177556
0 0.900414 0.549332 0.0459103 0.0423702 0.0159103
0 0.52035 0.480024 0.0423741 0.0759415 0.0143413
0 0.419995 0.643207 0.0747 0.0429428 0.013965
0 0.62995 0.592288 0.200761 0.0971498 0.0124584
0 0.391577 0.723878 0.122472 0.047322 0.0123012
0 0.381029 0.698678 0.22664 0.179675 0.0120713
0 0.52258 0.49788 0.224182 0.229973 0.0118312
0 0.898121 0.548142 0.0223173 0.0509446 0.011566
0 0.162523 0.0457591 0.0291172 0.0915182 0.0106282
0 0.415141 0.652063 0.0635595 0.0490322 0.0103653
0 0.654318 0.591866 0.226049 0.148888 0.0102943
0 0.528054 0.471685 0.030493 0.0499111 0.0101738
0 0.345354 0.717516 0.0766264 0.0186743 0.0100447
0 0.471237 0.47673 0.193546 0.188519 0.00991731
0 0.519872 0.443442 0.0836846 0.101752 0.00943796
0 0.519137 0.483954 0.0715683 0.138554 0.00936716
0 0.11313 0.986055 0.0297936 0.0278893 0.00887191
0 0.901099 0.530851 0.197298 0.196845 0.00876327
0 0.392217 0.715358 0.0922769 0.043426 0.00862507
0 0.44057 0.644752 0.0899366 0.0525677 0.00849797
0 0.122931 0.978148 0.0500962 0.0437041 0.00792436
0 0.125963 0.942612 0.0696694 0.0882626 0.00763473
0 0.85521 0.505054 0.174655 0.193983 0.0072922
0 0.641147 0.574441 0.175819 0.056899 0.00713621
0 0.875 0.504442 0.0569443 0.0710677 0.00711597
0 0.613401 0.282936 0.0142166 0.0221624 0.00680192
0 0.891368 0.53503 0.0492731 0.0658234 0.00664578
0 0.671521 0.579333 0.093807 0.0564822 0.00656245
0 0.210447 0.186026 0.0198068 0.0277133 0.00595822
0 0.187011 0.14057 0.0180987 0.0265819 0.005888
0 0.475366 0.705279 0.0406279 0.0238521 0.00574008
0 0.476232 0.516762 0.0918115 0.122471 0.00562174
0 0.631339 0.577834 0.0967383 0.0384947 0.00558962
0 0.453482 0.575446 0.123689 0.126265 0.00554932
0 0.371279 0.718538 0.0838652 0.021911 0.00554681
0 0.384289 0.736488 0.291714 0.20721 0.0055446
0 0.417613 0.664533 0.153342 0.106967 0.00548879
0 0.163814 0.0053877 0.0156651 0.0107754 0.00527802
0 0.328243 0.711906 0.0458432 0.0186034 0.00522593
0 0.629041 0.572025 0.0644986 0.0238421 0.00505925
0 0.110687 0.989794 0.0266317 0.0204129 0.00497043
0 0.333083 0.715331 0.0567813 0.0203489 0.00483237
0 0.417582 0.633664 0.0688328 0.031359 0.00467693
0 0.904554 0.540132 0.121511 0.0978788 0.00461248
0 0.016254 0.912166 0.032508 0.0451864 0.0045078
0 0.415516 0.715002 0.083181 0.053097 0.00425563
0 0.434517 0.63363 0.0780852 0.0420137 0.00425507
0 0.679541 0.559949 0.252188 0.15805 0.004096
0 0.911656 0.555079 0.164648 0.139753 0.00393732
0 0.506284 0.495226 0.0521742 0.0699546 0.00354181
0 0.434896 0.563217 0.0415309 0.0496221 0.00330842
0 0.580767 0.800008 0.0294612 0.0783785 0.00326439
0 0.887684 0.543073 0.0450289 0.0441112 0.0032269
0 0.494816 0.498655 0.0548406 0.0662371 0.00317298
0 0.569401 0.621532 0.0509418 0.0668268 0.00312631
0 0.391897 0.723608 0.0825357 0.0373755 0.00308963
0 0.539992 0.43465 0.0295901 0.0489065 0.0030864
0 0.881269 0.49078 0.0932192 0.106468 0.00306893
0 0.863138 0.527722 0.0732727 0.0734106 0.0030471
0 0.209811 0.178353 0.0257947 0.0411226 0.00302885
0 0.208443 0.170146 0.0418595 0.0625604 0.00300958
0 0.591248 0.793827 0.0341477 0.0749383 0.00300673
0 0.168452 0.0431368 0.0542831 0.0832074 0.0029828
0 0.520404 0.478509 0.0428294 0.0458102 0.00284836
0 0.441039 0.573928 0.0517857 0.0580023 0.00283586
0 0.433265 0.563916 0.033269 0.0365327 0.00277853
0 0.465686 0.547396 0.0861248 0.0653059 0.00276062
0 0.627286 0.570604 0.0366557 0.018672 0.00273968
0 0.293224 0.363305 0.0184603 0.0442244 0.00264328
0 0.53189 0.423723 0.0496074 0.06189 0.00260765
0 0.220642 0.0179963 0.0161554 0.0333266 0.00256193
0 0.0107689 0.794206 0.0204822 0.0171391 0.00255777
0 0.435071 0.555488 0.0994711 0.13122 0.00250121
0 0.407041 0.699899 0.117625 0.055384 0.00249953
0 0.188957 0.140725 0.0263316 0.0304754 0.00248796
0 0.219695 0.00918314 0.013452 0.0159931 0.00245652
0 0.539566 0.409561 0.0398539 0.0405542 0.00240024
0 0.872601 0.538518 0.068309 0.0643111 0.00239632
0 0.410625 0.642 0.0532816 0.0330537 0.00236207
0 0.290732 0.356106 0.0147148 0.0393672 0.00229598
0 0.398704 0.656632 0.283167 0.235114 0.00229484
0 0.453599 0.573932 0.0649598 0.0687328 0.00227757
0 0.615888 0.567762 0.258694 0.10705 0.00223793
0 0.204328 0.834075 0.0260938 0.0209888 0.00220654
0 0.323164 0.710008 0.0298135 0.0151949 0.00220487
0 0.536904 0.540232 0.340849 0.202456 0.00218551
0 0.522002 0.470253 0.0359655 0.0398954 0.0021269
0 0.622688 0.584955 0.141092 0.0607677 0.00209831
0 0.138371 0.66577 0.164899 0.0964566 0.00207624
0 0.627865 0.574954 0.0402615 0.0330069 0.0020312
0 0.855968 0.508671 0.0643532 0.0604778 0.00200986
0 0.44405 0.626218 0.0671939 0.0328768 0.00199819
0 0.130672 0.954159 0.0532668 0.07363 0.00198306
0 0.357388 0.721972 0.0835289 0.0236285 0.00193103
0 0.166251 0.00594467 0.0241787 0.0118893 0.0019249
0 0.0982565 0.918887 0.196513 0.162226 0.00187114
0 0.894994 0.549972 0.0652294 0.0812008 0.00183338
0 0.375207 0.727353 0.149885 0.095072 0.00182815
0 0.451206 0.590934 0.284896 0.334938 0.00180578
0 0.573046 0.797155 0.0689078 0.115021 0.00168665
0 0.0135209 0.917477 0.0252044 0.0347111 0.00168658
0 0.126336 0.939445 0.0588227 0.0521587 0.00165592
0 0.199137 0.157776 0.048721 0.0639177 0.00165215
0 0.81323 0.563397 0.0372015 0.0169943 0.00163053
0 0.225785 0.0341084 0.0220791 0.0513197 0.00158885
0 0.206611 0.143524 0.0701083 0.135188 0.00158203
0 0.508289 0.457785 0.0745902 0.111363 0.00157287
0 0.650498 0.590433 0.120374 0.0610002 0.00156316
0 0.243099 0.796194 0.131236 0.0922173 0.00155664
0 0.582402 0.775089 0.0383883 0.0581608 0.0014972
0 0.142344 0.910625 0.244759 0.17875 0.00148822
0 0.109235 0.984897 0.0299299 0.0210402 0.00146587
0 0.888424 0.550191 0.0289917 0.028826 0.00146585
0 0.573292 0.612451 0.0368081 0.0776769 0.00145204
0 0.22762 0.0539043 0.0315674 0.0967266 0.00144847
0 0.428313 0.568653 0.0268853 0.0352095 0.00141394
0 0.496415 0.484725 0.0736408 0.101724 0.00139854
0 0.607412 0.559669 0.346294 0.208809 0.00139749
0 0.553561 0.594243 0.483611 0.201991 0.00137832
0 0.851437 0.507394 0.0394783 0.046462 0.00137656
0 0.558596 0.600722 0.311467 0.13719 0.00137563
0 0.223347 0.0269316 0.0172449 0.0480483 0.00136433
0 0.157726 0.0528032 0.0311764 0.0718644 0.00135274
0 0.505746 0.147919 0.0696711 0.0218783 0.00134891
0 0.45355 0.63531 0.0844781 0.0448008 0.00134745
0 0.45349 0.509608 0.1222 0.102897 0.0013021
0 0.487846 0.577294 0.272072 0.241985 0.00129384
0 0.790733 0.0250101 0.0136843 0.0329883 0.0012925
0 0.411765 0.688345 0.170086 0.107412 0.00129186
0 0.127365 0.969197 0.0873038 0.0616056 0.00125453
0 0.717118 0.526239 0.0663406 0.0256854 0.00125424
0 0.233461 0.49899 0.0403052 0.0434891 0.00125343
0 0.425349 0.718606 0.0441342 0.0395971 0.00125199
0 0.199081 0.158487 0.0657677 0.0903836 0.0012193
0 0.355616 0.71529 0.0878573 0.0266116 0.00117933
0 0.220329 0.108872 0.06935 0.217743 0.00117885
0 0.187604 0.0484089 0.0677187 0.0968177 0.0011716
0 0.0202363 0.907073 0.0328038 0.0302294 0.00116605
0 0.371606 0.712618 0.0878221 0.0293831 0.00114569
0 0.226749 0.0812911 0.0400197 0.153969 0.00113472
0 0.29719 0.390595 0.0234068 0.0488685 0.00110946
0 0.614981 0.28532 0.0166908 0.0303474 0.00110615
0 0.19699 0.548848 0.0411774 0.0444654 0.00109009
0 0.432485 0.574157 0.03595 0.0451891 0.00108631
0 0.496082 0.547497 0.137619 0.144154 0.00108564
0 0.426371 0.62246 0.0847082 0.0882729 0.00106861
0 0.412164 0.666214 0.0540254 0.0344196 0.00103768
0 0.29588 0.378869 0.0221847 0.0480341 0.00103531
0 0.203304 0.182406 0.0280437 0.0414836 0.00102309
0 0.430916 0.649471 0.0570803 0.0546019 0.00101414
0 0.524687 0.491187 0.0319948 0.0769112 0.00100562
