0 0.282209 0.0635756 0.0465943 0.127151 0.743367
0 0.380211 0.229881 0.0181529 0.0595612 0.705056
0 0.697574 0.632377 0.0271074 0.139676 0.546581
0 0.379822 0.232535 0.0290678 0.0539943 0.29068
0 0.79059 0.790976 0.0249666 0.074885 0.228306
0 0.795378 0.782912 0.0155577 0.0542084 0.166109
0 0.269754 0.0645222 0.0575127 0.129044 0.128533
0 0.671219 0.912831 0.0932451 0.103431 0.0988519
0 0.774523 0.792679 0.0589417 0.0850445 0.089235
0 0.377203 0.22643 0.0190363 0.0468558 0.0852934
0 0.374223 0.240929 0.018579 0.0387052 0.0820418
0 0.379508 0.221347 0.0113147 0.0412321 0.0815938
0 0.355466 0.241839 0.0197435 0.024828 0.0787397
0 0.785714 0.790726 0.0389273 0.0813847 0.0703554
0 0.382954 0.220634 0.0136437 0.0421606 0.0663838
0 0.697569 0.62492 0.0290385 0.0717382 0.0627775
0 0.54516 0.929971 0.0718556 0.0939882 0.0609138
0 0.682008 0.921634 0.0827619 0.0762922 0.0571995
0 0.688752 0.641311 0.0493047 0.166818 0.047274
0 0.697864 0.654364 0.0340624 0.132736 0.0469011
0 0.282655 0.0528478 0.0466123 0.0710294 0.042935
0 0.38028 0.245481 0.0188641 0.0666171 0.0406413
0 0.69162 0.691875 0.0347562 0.065862 0.0394597
0 0.256573 0.078033 0.15475 0.156066 0.0328353
0 0.383584 0.934036 0.0313817 0.0358372 0.0323637
0 0.102479 0.16341 0.141672 0.0713061 0.0293621
0 0.793663 0.779321 0.0237598 0.0541743 0.029344
0 0.289926 0.0845689 0.17605 0.169138 0.0273893
0 0.383931 0.238921 0.0196574 0.066713 0.0240689
0 0.552494 0.516814 0.0236459 0.0407797 0.0239841
0 0.245739 0.0587307 0.0942112 0.117461 0.0227056
0 0.697183 0.67013 0.0283713 0.0947697 0.0194444
0 0.358397 0.24707 0.0221142 0.0299834 0.0185121
0 0.698767 0.640416 0.0305345 0.0657343 0.0176029
0 0.519446 0.473644 0.0228771 0.0357182 0.0173394
0 0.28116 0.318939 0.0450962 0.0464322 0.0170352
0 0.381547 0.215406 0.0136039 0.0299932 0.0144899
0 0.690865 0.628596 0.0332191 0.127056 0.0120785
0 0.362364 0.245289 0.0261174 0.0369057 0.0117409
0 0.602077 0.591944 0.0209758 0.0317235 0.0112191
0 0.663682 0.892717 0.113825 0.122726 0.0109948
0 0.796161 0.792603 0.0191669 0.0712328 0.0108367
0 0.695922 0.703885 0.0229519 0.056367 0.0107409
0 0.648724 0.897609 0.175045 0.162525 0.00946376
0 0.606412 0.599162 0.0286633 0.0367826 0.00941799
0 0.207184 0.471518 0.0762058 0.053124 0.00939131
0 0.27457 0.311042 0.056822 0.061977 0.00916631
0 0.872916 0.989641 0.025181 0.0207188 0.00906402
0 0.5572 0.521012 0.0232143 0.043663 0.00867086
0 0.354189 0.769631 0.07173 0.0485991 0.00823498
0 0.391167 0.237823 0.026299 0.0608172 0.00782994
0 0.695355 0.60349 0.0250331 0.093498 0.00782443
0 0.681828 0.690534 0.044156 0.0624374 0.00779749
0 0.796463 0.772668 0.0141939 0.0343186 0.00753766
0 0.759021 0.78113 0.0379961 0.0586109 0.00752316
0 0.764856 0.783612 0.0784285 0.11887 0.00737015
0 0.281108 0.0876596 0.0386325 0.0758014 0.00691301
0 0.289136 0.0751269 0.0408654 0.110687 0.00652174
0 0.688433 0.928764 0.0559108 0.0669329 0.00641483
0 0.354264 0.239795 0.0279053 0.0330024 0.00637739
0 0.372374 0.234216 0.049006 0.0797736 0.00622299
0 0.0374656 0.0168239 0.022571 0.0251534 0.00619653
0 0.678288 0.620127 0.0562323 0.130148 0.00569549
0 0.697163 0.713718 0.0172402 0.0325734 0.00564996
0 0.674526 0.624015 0.079848 0.163712 0.00549411
0 0.552735 0.511718 0.0313714 0.0617726 0.00542783
0 0.284052 0.102428 0.0337469 0.0681139 0.00514738
0 0.690795 0.674716 0.0654634 0.168093 0.0051081
0 0.69401 0.641195 0.178175 0.265088 0.00478588
0 0.365222 0.248852 0.0344619 0.068956 0.0047681
0 0.282841 0.0737888 0.046434 0.0759186 0.00472332
0 0.515795 0.468794 0.0174801 0.0277699 0.00469845
0 0.370931 0.250663 0.0292886 0.0533424 0.00460813
0 0.534688 0.487272 0.0421145 0.0541152 0.00452392
0 0.763635 0.778712 0.0502548 0.0797174 0.00447465
0 0.676947 0.657426 0.0587556 0.139727 0.00419697
0 0.526459 0.477318 0.0284867 0.0351191 0.0041816
0 0.749963 0.766275 0.0243761 0.0348596 0.00416127
0 0.687036 0.701273 0.0375005 0.053584 0.00396568
0 0.753753 0.786126 0.0560734 0.074175 0.00394033
0 0.447562 0.375647 0.019936 0.0301104 0.00388508
0 0.545902 0.909214 0.230884 0.178546 0.00363819
0 0.294632 0.0352961 0.022788 0.0705921 0.00354437
0 0.754447 0.767251 0.0215949 0.0261887 0.00348689
0 0.687998 0.671308 0.0355831 0.0897955 0.00347042
0 0.229985 0.057578 0.0679511 0.0920288 0.00346488
0 0.186596 0.992601 0.0198954 0.0130064 0.00339598
0 0.699288 0.706856 0.0149988 0.0488829 0.00327365
0 0.65903 0.642915 0.156604 0.231643 0.00325972
0 0.392774 0.242093 0.0341348 0.0863795 0.00325876
0 0.766762 0.804323 0.0569401 0.0715004 0.00317316
0 0.523647 0.992886 0.0220262 0.0139265 0.00314539
0 0.785631 0.806034 0.0490204 0.0693287 0.0031344
0 0.292907 0.11735 0.0165974 0.0291781 0.00305941
0 0.245091 0.469254 0.0193468 0.048578 0.00300347
0 0.100931 0.155158 0.201862 0.154734 0.00282964
0 0.3837 0.282717 0.014381 0.0255972 0.00280558
0 0.444563 0.370454 0.0195916 0.027673 0.00273524
0 0.744307 0.795001 0.186714 0.22528 0.00264985
0 0.289395 0.090251 0.0303574 0.0768264 0.00260621
0 0.549878 0.525571 0.0208684 0.0355557 0.0026013
0 0.698702 0.666205 0.0221192 0.0661738 0.00259349
0 0.579989 0.00384521 0.0175217 0.00769041 0.00257641
0 0.296804 0.0196015 0.0177566 0.0385802 0.00256401
0 0.35177 0.234945 0.0197159 0.0275331 0.00252794
0 0.376344 0.211448 0.0194219 0.0434206 0.00249331
0 0.698427 0.693551 0.0177904 0.0468234 0.00248323
0 0.394893 0.259896 0.0289195 0.0628914 0.00244472
0 0.382281 0.935651 0.0374928 0.0541779 0.00243874
0 0.790184 0.773757 0.0151672 0.0552324 0.00243677
0 0.107775 0.159081 0.0931944 0.0619426 0.00241162
0 0.355248 0.24068 0.0347039 0.0661728 0.00240417
0 0.676274 0.690973 0.0328088 0.0486992 0.00237404
0 0.54851 0.493475 0.0308588 0.0548657 0.0023567
0 0.694203 0.85565 0.0237231 0.0431456 0.00232073
0 0.383385 0.7341 0.127506 0.117158 0.00231355
0 0.290189 0.105074 0.0259861 0.0487312 0.00231165
0 0.553669 0.498491 0.0224922 0.0411532 0.00226617
0 0.692872 0.863612 0.0235029 0.0305305 0.00225607
0 0.296041 0.0608929 0.0464967 0.121786 0.00215093
0 0.372755 0.266127 0.0235913 0.0391347 0.00214584
0 0.365713 0.242567 0.0761669 0.140637 0.00206574
0 0.386713 0.253003 0.0205038 0.0632292 0.00206435
0 0.51401 0.932308 0.231224 0.135383 0.00206273
0 0.27753 0.308559 0.0918925 0.111465 0.00205803
0 0.285199 0.113635 0.0188801 0.0378369 0.00203013
0 0.55623 0.521866 0.0295713 0.0627937 0.00199235
0 0.296278 0.127611 0.0238566 0.0424728 0.00196337
0 0.957257 0.962317 0.0662968 0.0634073 0.00195353
0 0.372841 0.446506 0.0479813 0.03297 0.00194218
0 0.59823 0.586294 0.0206251 0.0318178 0.0018989
0 0.697562 0.682903 0.0257515 0.0609669 0.00189327
0 0.381567 0.266196 0.0163224 0.0508599 0.00188666
0 0.568159 0.52759 0.0144152 0.0370378 0.00181868
0 0.688802 0.916733 0.243545 0.166535 0.00178068
0 0.383753 0.289223 0.0146495 0.0229703 0.00177797
0 0.295116 0.00733554 0.0165565 0.0140002 0.00175612
0 0.452879 0.381769 0.02558 0.0360131 0.0017256
0 0.700857 0.717853 0.0121973 0.0291948 0.00170652
0 0.363684 0.221221 0.0322299 0.0464581 0.00168069
0 0.285947 0.0454163 0.0660006 0.0908326 0.00166845
0 0.544835 0.501967 0.0561154 0.0657722 0.00164266
0 0.215325 0.0741144 0.219523 0.148229 0.00163089
0 0.298525 0.13803 0.0201111 0.0486313 0.00163025
0 0.381606 0.940343 0.0421703 0.0320488 0.00162871
0 0.690979 0.617141 0.0291071 0.0705505 0.00162734
0 0.390967 0.224216 0.0322521 0.0630476 0.00162193
0 0.35318 0.250045 0.0263525 0.0261847 0.00162029
0 0.547449 0.955841 0.0643359 0.0652184 0.00160123
0 0.30556 0.15169 0.0169411 0.031883 0.00159888
0 0.226275 0.0423571 0.0474534 0.0680072 0.00158835
0 0.765244 0.772955 0.0417078 0.0558097 0.00156643
0 0.391373 0.268988 0.0168945 0.0513337 0.00155347
0 0.512978 0.477331 0.0199496 0.0302198 0.00155287
0 0.709568 0.648226 0.07598 0.172771 0.00152328
0 0.373619 0.278078 0.0179758 0.0291962 0.00152201
0 0.351896 0.250091 0.035313 0.036744 0.0015159
0 0.525629 0.994303 0.0197124 0.0113946 0.00149251
0 0.596515 0.932428 0.026515 0.0441298 0.00148874
0 0.238992 0.467405 0.0347967 0.0471473 0.001473
0 0.716428 0.743008 0.0225686 0.0314895 0.00147177
0 0.671955 0.915875 0.0578482 0.0651859 0.00147064
0 0.553942 0.517975 0.0484004 0.0585323 0.00146479
0 0.300622 0.152188 0.0175542 0.0326981 0.0014532
0 0.519539 0.476993 0.0344175 0.0561974 0.00144994
0 0.575836 0.00421295 0.0225649 0.0084259 0.00143788
0 0.488389 0.430187 0.0211751 0.0337115 0.00143259
0 0.689451 0.856359 0.0248875 0.0366257 0.00141539
0 0.0414701 0.0164625 0.0326087 0.031429 0.0014072
0 0.390856 0.281642 0.0117426 0.028443 0.00140448
0 0.352164 0.250084 0.0201164 0.0390996 0.00138904
0 0.390868 0.935927 0.0379648 0.0320713 0.00138385
0 0.303987 0.143977 0.0134108 0.0419823 0.00136736
0 0.310843 0.061929 0.0972851 0.123858 0.00134917
0 0.371148 0.748144 0.109353 0.0805016 0.0013478
0 0.247938 0.473015 0.0213909 0.0325683 0.00132569
0 0.747238 0.778833 0.0328786 0.0514943 0.00131855
0 0.745504 0.759839 0.0324071 0.0444595 0.00131109
0 0.553675 0.906982 0.0473529 0.0616425 0.0013041
0 0.569194 0.835833 0.0151336 0.0199303 0.00127189
0 0.204023 0.471648 0.0992499 0.101997 0.00127129
0 0.612512 0.604586 0.0343609 0.0532272 0.0012706
0 0.622099 0.907104 0.170371 0.125757 0.00125878
0 0.267865 0.300502 0.0460279 0.0631058 0.00124322
0 0.384914 0.278667 0.0239269 0.0480027 0.00123899
0 0.688134 0.671659 0.0320931 0.0570009 0.00123559
0 0.303661 0.130001 0.0142224 0.0397491 0.00123548
0 0.275229 0.10491 0.0274068 0.0463517 0.0012328
0 0.300295 0.0187733 0.0172622 0.0316737 0.00121245
0 0.581644 0.00427577 0.0194283 0.00855154 0.00121003
0 0.604858 0.598162 0.0361527 0.0614954 0.00119843
0 0.695837 0.70872 0.0363917 0.0698837 0.00119056
0 0.446118 0.374281 0.0274404 0.0376039 0.00117581
0 0.0669366 0.172157 0.110017 0.0704581 0.00117233
0 0.708927 0.729407 0.0156194 0.0310739 0.00116034
0 0.720388 0.751508 0.0330459 0.0360622 0.0011589
0 0.795338 0.80216 0.0259314 0.0761639 0.00114701
0 0.697721 0.7244 0.0135678 0.030585 0.0011225
0 0.396487 0.260035 0.0391884 0.0821731 0.0011223
0 0.0349891 0.946167 0.0527151 0.0975248 0.00111985
0 0.288155 0.125787 0.0204043 0.0402269 0.00111201
0 0.611076 0.610869 0.0267164 0.0366127 0.0010892
0 0.256011 0.48943 0.018908 0.0348628 0.00108909
0 0.386714 0.226373 0.0867763 0.15479 0.00108277
0 0.662676 0.927058 0.130369 0.0771896 0.00107851
0 0.457211 0.38806 0.0283113 0.0398579 0.0010586
0 0.55108 0.925806 0.053482 0.0716955 0.00104147
0 0.39248 0.221494 0.0505021 0.0740067 0.00102612
0 0.697344 0.921936 0.048628 0.0668106 0.00102298
0 0.350088 0.224046 0.0319425 0.05038 0.00102276
0 0.288842 0.0242226 0.0316292 0.0455154 0.00101209
0 0.375747 0.278561 0.0272008 0.0341155 0.00101091
0 0.660967 0.62343 0.0950256 0.125021 0.00100759
0 0.52251 0.48532 0.0253087 0.0317071 0.00100559
