0 0.0504276 0.0355725 0.100855 0.071145 0.739661
0 0.498937 0.428555 0.0771016 0.0608693 0.643678
0 0.104799 0.492795 0.162045 0.0557016 0.573703
0 0.520253 0.575066 0.0457067 0.0602479 0.564915
0 0.248828 0.665514 0.053577 0.0855898 0.533232
0 0.341611 0.380118 0.0334586 0.0820361 0.409502
0 0.0247831 0.965176 0.017356 0.0157749 0.203167
0 0.319305 0.63197 0.0302421 0.112541 0.14795
0 0.166155 0.57596 0.0246601 0.0264464 0.1422
0 0.98993 0.700529 0.0201397 0.03882 0.140341
0 0.220978 0.392553 0.0302336 0.0579223 0.124519
0 0.025606 0.515627 0.0295878 0.0372288 0.121551
0 0.506961 0.578592 0.0741329 0.0692529 0.117212
0 0.0269359 0.578846 0.0319315 0.0372585 0.103247
0 0.473068 0.661853 0.139226 0.24058 0.0969927
0 0.200147 0.28665 0.0370694 0.100641 0.0920974
0 0.0664898 0.603119 0.02931 0.0368 0.0918702
0 0.0238589 0.571377 0.025306 0.0373062 0.080502
0 0.0512599 0.277728 0.0203595 0.0313972 0.0746813
0 0.0761883 0.640622 0.015288 0.0196536 0.0743354
0 0.25022 0.664574 0.0678573 0.125158 0.0711053
0 0.0854952 0.989547 0.0340327 0.0177494 0.0699501
0 0.324431 0.632564 0.0235163 0.0860128 0.0641642
0 0.341222 0.371763 0.0263112 0.0618639 0.0637827
0 0.0897824 0.446172 0.0328807 0.0441613 0.0599549
0 0.0226973 0.581838 0.023002 0.0290347 0.0568712
0 0.196427 0.26863 0.0360279 0.091208 0.0551087
0 0.493622 0.420702 0.0579079 0.0567049 0.0546759
0 0.0212155 0.561613 0.0166172 0.0231605 0.05359
0 0.347413 0.390965 0.0364113 0.105037 0.0513579
0 0.199729 0.273035 0.0503288 0.142059 0.0431277
0 0.0673916 0.065416 0.134783 0.130832 0.0428243
0 0.104582 0.511789 0.169596 0.0906558 0.0422156
0 0.559341 0.953539 0.0385934 0.017021 0.0421808
0 0.196088 0.928977 0.0256297 0.0190434 0.0413804
0 0.110794 0.494702 0.0956496 0.0478807 0.0399146
0 0.00900103 0.897447 0.0138363 0.0152111 0.0368576
0 0.0707398 0.604447 0.0288077 0.027564 0.0357681
0 0.0167103 0.92891 0.0304641 0.0291626 0.0351566
0 0.497281 0.591219 0.0995048 0.109017 0.0317104
0 0.142965 0.434208 0.0296652 0.0407192 0.0285378
0 0.762905 0.245854 0.02609 0.034619 0.0282748
0 0.265683 0.972193 0.0258796 0.032387 0.0278051
0 0.47671 0.603008 0.1374 0.130113 0.0274274
0 0.340028 0.358591 0.0198621 0.0376932 0.0271158
0 0.0606299 0.490802 0.0555721 0.0359207 0.0257147
0 0.10293 0.503701 0.205861 0.187873 0.0230212
0 0.145286 0.23376 0.0275831 0.0335354 0.0228012
0 0.0339028 0.903596 0.0175742 0.0174881 0.0224572
0 0.459604 0.693262 0.104163 0.227064 0.0223482
0 0.0106536 0.898912 0.0200742 0.0161242 0.0222432
0 0.044217 0.0326563 0.0605234 0.0653127 0.0219246
0 0.0215146 0.585655 0.0186219 0.0219767 0.0211648
0 0.876723 0.143278 0.0310162 0.021217 0.0206612
0 0.290709 0.858027 0.0135079 0.0138414 0.0201323
0 0.1058 0.650636 0.0184354 0.0129578 0.0196757
0 0.316836 0.607562 0.0211515 0.0633452 0.0196038
0 0.063322 0.604051 0.02149 0.0272443 0.0193677
0 0.492714 0.406092 0.169394 0.197121 0.0192975
0 0.0788213 0.271725 0.0188759 0.0155076 0.0186047
0 0.203586 0.294773 0.024782 0.0795097 0.0176428
0 0.315177 0.594069 0.0164041 0.0538862 0.0173227
0 0.98743 0.70119 0.0251398 0.0518812 0.0172883
0 0.0486456 0.0576973 0.0972911 0.105863 0.0170044
0 0.665518 0.979625 0.0268642 0.0216156 0.016803
0 0.0511061 0.275715 0.015361 0.0244294 0.0166392
0 0.0770606 0.389697 0.0120578 0.0152601 0.0165653
0 0.183196 0.178591 0.0540562 0.118855 0.0164842
0 0.0294227 0.354071 0.0483481 0.0350546 0.0163565
0 0.316359 0.59297 0.0128594 0.0328681 0.0161706
0 0.261256 0.663203 0.0820477 0.0932404 0.0161691
0 0.413868 0.882099 0.0244781 0.0365072 0.0161673
0 0.327481 0.64295 0.0164194 0.0660692 0.0154414
0 0.443305 0.681778 0.081511 0.177519 0.0150855
0 0.320464 0.621502 0.0193981 0.0728646 0.0145113
0 0.0793179 0.389595 0.0118695 0.0183732 0.0142842
0 0.207996 0.211346 0.0925778 0.361785 0.014191
0 0.054419 0.313232 0.0185822 0.0374795 0.0141227
0 0.43797 0.668641 0.0581325 0.0826867 0.013904
0 0.221373 0.0906544 0.0331711 0.0334915 0.0138633
0 0.590467 0.786557 0.019722 0.0589571 0.0135176
0 0.168324 0.303506 0.0164365 0.0217294 0.0131233
0 0.184978 0.968835 0.0183886 0.0168217 0.0131198
0 0.239123 0.230734 0.082888 0.414315 0.0129873
0 0.720748 0.259736 0.106983 0.0690995 0.0128611
0 0.0751102 0.270281 0.0209156 0.0153765 0.0128233
0 0.0488991 0.443996 0.0255362 0.0372879 0.0125481
0 0.022848 0.96696 0.0230128 0.0225655 0.0125273
0 0.241971 0.652364 0.222115 0.271393 0.0122623
0 0.15861 0.96 0.0469262 0.0505405 0.0122078
0 0.587136 0.78252 0.020636 0.0722336 0.0120332
0 0.079261 0.298779 0.0156016 0.0171482 0.0116961
0 0.227692 0.0218684 0.0415008 0.043595 0.0116084
0 0.512635 0.435528 0.0807992 0.0567802 0.0113845
0 0.307292 0.642877 0.0396464 0.105269 0.0113223
0 0.163373 0.931142 0.0155845 0.0197599 0.0112571
0 0.0692315 0.339786 0.0212548 0.0148508 0.0110021
0 0.156458 0.0370076 0.0160954 0.0143324 0.0108334
0 0.991149 0.709014 0.0177029 0.0407727 0.010776
0 0.188637 0.236344 0.0781605 0.321039 0.0106735
0 0.0514239 0.501974 0.0431383 0.0346475 0.0105786
0 0.204549 0.306482 0.0228163 0.0471638 0.0103213
0 0.416951 0.878935 0.0175544 0.0306812 0.00993642
0 0.277865 0.603118 0.0217248 0.0224237 0.00948483
0 0.489202 0.421721 0.0790149 0.0922235 0.00948168
0 0.335664 0.36985 0.0231109 0.0514262 0.00923188
0 0.116452 0.472184 0.232903 0.175164 0.0091763
0 0.442356 0.667144 0.0693914 0.123113 0.00905901
0 0.31306 0.590055 0.0181293 0.0342973 0.00896902
0 0.0829342 0.391436 0.0126692 0.013423 0.00894386
0 0.0811893 0.491423 0.103946 0.0416685 0.00876238
0 0.0174157 0.901929 0.0230105 0.0220312 0.00873903
0 0.250697 0.65006 0.0452352 0.0701835 0.00866785
0 0.52246 0.571868 0.0735523 0.103614 0.00855515
0 0.0270488 0.521558 0.0313702 0.057337 0.00847533
0 0.107133 0.545878 0.0440332 0.032548 0.00841396
0 0.0793176 0.389109 0.0240554 0.018711 0.00792721
0 0.245232 0.225663 0.0315825 0.133176 0.00784464
0 0.405553 0.0356209 0.0704999 0.0359869 0.00772732
0 0.27375 0.653026 0.187494 0.207142 0.00744342
0 0.517316 0.442698 0.189272 0.20628 0.0073812
0 0.0288783 0.0416861 0.0577565 0.0600851 0.00729126
0 0.245035 0.239167 0.0225703 0.0966078 0.00727673
0 0.220354 0.377635 0.0241027 0.0629814 0.00724631
0 0.0188719 0.932415 0.0356319 0.0577576 0.00716528
0 0.0145318 0.428203 0.0225532 0.034348 0.00711321
0 0.0682442 0.0274956 0.0796763 0.0549912 0.00698291
0 0.481638 0.413546 0.0348246 0.0339393 0.00682757
0 0.0745872 0.639573 0.0222544 0.0269816 0.00680104
0 0.187623 0.00484655 0.0230638 0.00962768 0.00678297
0 0.485103 0.600789 0.170032 0.216712 0.00658858
0 0.525682 0.583713 0.0447074 0.0513859 0.00655956
0 0.104378 0.534441 0.120625 0.0706039 0.00650609
0 0.0214547 0.917268 0.033286 0.0415102 0.00643929
0 0.0953452 0.642379 0.0204482 0.0212624 0.00638876
0 0.0793078 0.991609 0.0247123 0.0152761 0.00637563
0 0.290711 0.478425 0.0168814 0.0517778 0.00599975
0 0.0603104 0.595667 0.0165602 0.0308212 0.00593656
0 0.138108 0.490785 0.102746 0.0631451 0.00589604
0 0.0504244 0.104607 0.100849 0.209213 0.00589501
0 0.188087 0.193758 0.0646426 0.188301 0.00581787
0 0.52572 0.564142 0.034912 0.0514695 0.00581707
0 0.0710204 0.601712 0.0227097 0.0453992 0.00573895
0 0.419509 0.0298406 0.0342298 0.0216779 0.00561651
0 0.125706 0.168205 0.0214482 0.0260762 0.005433
0 0.338279 0.350491 0.0179224 0.0207968 0.00539081
0 0.122042 0.539747 0.243164 0.224564 0.00534077
0 0.0556244 0.277988 0.0281815 0.0250971 0.00518178
0 0.0336116 0.579529 0.0466773 0.0440735 0.0051415
0 0.0152062 0.423564 0.0170634 0.0195977 0.00512849
0 0.0374042 0.380398 0.0286376 0.0404274 0.00510507
0 0.499694 0.461795 0.0762156 0.130615 0.00509852
0 0.759786 0.248726 0.036125 0.0424371 0.00506359
0 0.0752233 0.0318424 0.113361 0.0636849 0.00499357
0 0.239659 0.295199 0.125357 0.590398 0.00490025
0 0.313985 0.629773 0.0326838 0.0699701 0.00487675
0 0.163721 0.340677 0.0255779 0.0201171 0.00485841
0 0.147277 0.490085 0.0730414 0.0509991 0.00480623
0 0.0859686 0.256951 0.014694 0.0240656 0.00480091
0 0.225343 0.401305 0.0275156 0.059209 0.00474465
0 0.162404 0.961439 0.0376833 0.0358595 0.00472855
0 0.468344 0.446308 0.191868 0.178311 0.0047222
0 0.0719493 0.417011 0.0207304 0.0267854 0.00461356
0 0.164153 0.028775 0.0200144 0.029231 0.0045652
0 0.739578 0.254645 0.0860601 0.0618248 0.00452993
0 0.103097 0.532665 0.0414625 0.0554714 0.00446771
0 0.271585 0.971597 0.0307524 0.0267685 0.0044211
0 0.081931 0.300571 0.0171444 0.0158106 0.00439952
0 0.118569 0.956516 0.152324 0.0702284 0.00419262
0 0.0434898 0.386571 0.0205736 0.0388346 0.00409306
0 0.0863664 0.25406 0.0108593 0.0194585 0.00405488
0 0.98919 0.689902 0.0216207 0.0436431 0.00404347
0 0.478382 0.629831 0.160412 0.131537 0.0039443
0 0.15957 0.950302 0.0400542 0.0518793 0.00392331
0 0.34461 0.38812 0.0672036 0.17223 0.00388158
0 0.147887 0.353032 0.295774 0.641491 0.00385726
0 0.452345 0.713546 0.0805348 0.164045 0.00385606
0 0.477836 0.419992 0.0302096 0.0435575 0.00383895
0 0.503326 0.445266 0.0802892 0.0626308 0.00383221
0 0.259506 0.665289 0.0537574 0.0718463 0.00381543
0 0.306464 0.628614 0.0518346 0.110449 0.00377452
0 0.24317 0.23105 0.066385 0.263555 0.00365403
0 0.562886 0.956511 0.0553282 0.0273735 0.00364297
0 0.205112 0.212241 0.166407 0.414965 0.00351442
0 0.407002 0.887277 0.0370606 0.0491188 0.00346748
0 0.167379 0.929511 0.0146041 0.0195116 0.00346179
0 0.153144 0.958881 0.0668503 0.0660988 0.00346038
0 0.093779 0.986273 0.056635 0.0225222 0.00343275
0 0.0883964 0.463149 0.0540905 0.0342408 0.00342459
0 0.169266 0.571016 0.0300382 0.0330479 0.00334107
0 0.27583 0.668449 0.113964 0.152975 0.00332038
0 0.0688361 0.605432 0.0358286 0.0549779 0.00325279
0 0.221266 0.382597 0.0454756 0.0856104 0.0032259
0 0.186112 0.601734 0.0153512 0.0137762 0.00320732
0 0.66757 0.976765 0.0394805 0.0250242 0.00320208
0 0.102675 0.650025 0.0163567 0.0102461 0.00319983
0 0.177048 0.0182399 0.0285384 0.0302078 0.00318636
0 0.986511 0.686885 0.0231237 0.0572993 0.00317172
0 0.292359 0.85852 0.0143332 0.0101601 0.0031554
0 0.240756 0.659525 0.0452978 0.0691586 0.00312054
0 0.126969 0.527461 0.194331 0.125772 0.0030849
0 0.0945568 0.00550836 0.0280745 0.0110167 0.00307562
0 0.204812 0.272052 0.0649394 0.274296 0.00306599
0 0.162523 0.945934 0.0225369 0.034152 0.00306386
0 0.558856 0.959208 0.0473031 0.0191322 0.00302444
0 0.33483 0.382313 0.0386723 0.0950771 0.00301436
0 0.0310365 0.358959 0.0558135 0.0617487 0.00297048
0 0.178369 0.965136 0.0257792 0.0207432 0.00296726
0 0.574758 0.960573 0.075608 0.03291 0.00293686
0 0.00730938 0.0589246 0.0146188 0.0203191 0.0029332
0 0.0792096 0.0187008 0.0559379 0.0374015 0.00292209
0 0.0684036 0.274499 0.0277562 0.024 0.00290474
0 0.183667 0.200687 0.0396991 0.0820237 0.00290011
0 0.238914 0.21382 0.0366281 0.123544 0.00289948
0 0.22686 0.0877334 0.0296262 0.0274125 0.00288828
0 0.472883 0.577197 0.128354 0.0862969 0.00286774
0 0.0632313 0.304718 0.0123731 0.0227648 0.00286203
0 0.0233612 0.570763 0.0333016 0.0554074 0.0028346
0 0.287535 0.466255 0.0194727 0.0644189 0.00282027
0 0.341243 0.404025 0.0444312 0.125338 0.00281967
0 0.518847 0.597862 0.0385696 0.03483 0.00280791
0 0.0427842 0.0467093 0.0855685 0.0663705 0.00278525
0 0.170472 0.0206583 0.0239576 0.0316985 0.00276675
0 0.357392 0.38824 0.0615017 0.0955393 0.00275308
0 0.201078 0.540535 0.0249388 0.020015 0.00271477
0 0.51397 0.586553 0.0458874 0.0409374 0.0027037
0 0.045341 0.0397303 0.0906821 0.0794606 0.00269252
0 0.105592 0.549269 0.0478033 0.0505682 0.00268478
0 0.111365 0.548155 0.155433 0.0986262 0.00264719
0 0.0302961 0.389849 0.0258634 0.0309874 0.00264258
0 0.200806 0.308032 0.0431486 0.160396 0.002627
0 0.0303705 0.633886 0.055579 0.0203681 0.00261774
0 0.169697 0.573436 0.0493296 0.0640952 0.00261304
0 0.480196 0.425248 0.0458245 0.0380064 0.00259504
0 0.0266724 0.903757 0.0255692 0.0211164 0.00257396
0 0.481812 0.425155 0.0623085 0.0496387 0.00257209
0 0.202675 0.285699 0.111353 0.520441 0.00255686
0 0.333151 0.399168 0.0739806 0.291528 0.00255302
0 0.131065 0.488135 0.176764 0.0895124 0.00254667
0 0.0201646 0.390771 0.0170779 0.0257325 0.0025438
0 0.190902 0.00607219 0.0202294 0.0106028 0.0025386
0 0.0206963 0.050135 0.039375 0.0424166 0.00253118
0 0.214602 0.019772 0.0184733 0.0306062 0.00253076
0 0.428305 0.0268929 0.0157265 0.0154659 0.00251583
0 0.0960553 0.949193 0.0392287 0.0200459 0.00249468
0 0.167478 0.929157 0.0233331 0.0207954 0.00248942
0 0.317331 0.59755 0.0292985 0.0581342 0.00248494
0 0.22475 0.0542916 0.0221626 0.0367673 0.00247917
0 0.103377 0.486109 0.0578854 0.059687 0.00246232
0 0.191402 0.93058 0.0237324 0.0185978 0.00245032
0 0.332249 0.649501 0.015066 0.0586637 0.00244657
0 0.0884742 0.252157 0.0109595 0.0173109 0.00241641
0 0.105012 0.80531 0.0166738 0.0166368 0.00234426
0 0.178696 0.26058 0.130076 0.373237 0.00232984
0 0.0806946 0.00965039 0.0483535 0.0193008 0.00229239
0 0.193203 0.248531 0.0344698 0.130141 0.00227575
0 0.092187 0.949335 0.0192273 0.009729 0.00227354
0 0.983524 0.706546 0.0329512 0.0655948 0.00226275
0 0.24629 0.638625 0.0401834 0.044205 0.00226114
0 0.166375 0.971467 0.0371871 0.018922 0.00223173
0 0.110556 0.543165 0.0705828 0.0331771 0.00222689
0 0.320482 0.640617 0.0742296 0.171568 0.00221064
0 0.0554446 0.441626 0.0370882 0.0351274 0.00218872
0 0.0679753 0.497713 0.0709082 0.0536431 0.00215324
0 0.0242531 0.35183 0.040618 0.0230629 0.00214322
0 0.187315 0.966117 0.0207656 0.0205441 0.00213106
0 0.320952 0.874723 0.0226174 0.0150723 0.0021105
0 0.731585 0.270286 0.104882 0.0973112 0.00210226
0 0.666151 0.986579 0.0266404 0.0207575 0.00208221
0 0.513919 0.439314 0.0549883 0.0527741 0.00206143
0 0.314231 0.584526 0.0124549 0.0450044 0.00205756
0 0.153578 0.0339578 0.0191284 0.0177463 0.00203875
0 0.0542188 0.284503 0.0209698 0.0323962 0.00203129
0 0.056323 0.527688 0.0890672 0.0937093 0.00200619
0 0.0923978 0.439229 0.0438765 0.0438766 0.00199752
0 0.272232 0.391444 0.0193635 0.0845346 0.0019945
0 0.535405 0.577469 0.0466344 0.057916 0.00199358
0 0.195809 0.70097 0.391618 0.570579 0.00198837
0 0.660677 0.977773 0.0207381 0.017071 0.00196652
0 0.145613 0.947267 0.108331 0.0659948 0.00195623
0 0.178097 0.156421 0.0433958 0.0655899 0.00194232
0 0.145746 0.437733 0.0672648 0.0587653 0.00192489
0 0.301814 0.626863 0.0986722 0.251697 0.00191633
0 0.196885 0.453288 0.393769 0.644259 0.00191417
0 0.202407 0.362626 0.293215 0.725253 0.00190276
0 0.19968 0.535606 0.020431 0.0151261 0.00190098
0 0.536069 0.551783 0.215537 0.270848 0.00187958
0 0.0619429 0.332019 0.0234785 0.0152527 0.00184548
0 0.177545 0.961022 0.0518364 0.0442987 0.00184136
0 0.552436 0.950934 0.0238274 0.0162451 0.00183659
0 0.286875 0.105022 0.0211104 0.0317009 0.00183281
0 0.0267161 0.970406 0.0181615 0.0195915 0.00181105
0 0.173803 0.0926281 0.0396826 0.0788343 0.00178815
0 0.249483 0.359308 0.176172 0.718617 0.00178659
0 0.758037 0.253215 0.0458755 0.0591496 0.00177202
0 0.275487 0.598452 0.026045 0.0325101 0.00175454
0 0.174731 0.0267121 0.0232019 0.0372547 0.00175031
0 0.0217619 0.509094 0.0281668 0.0274929 0.00174714
0 0.110252 0.357807 0.220505 0.451108 0.00173755
0 0.0119129 0.966147 0.0164661 0.0174555 0.00173567
