0 0.723328 0.839636 0.0395488 0.103408 0.697046
0 0.314727 0.181773 0.135486 0.230556 0.548945
0 0.642951 0.715297 0.0156788 0.0422605 0.344445
0 0.137025 0.348154 0.151959 0.0876924 0.307787
0 0.728588 0.849417 0.0263614 0.0853672 0.302236
0 0.608223 0.7083 0.0128791 0.0215051 0.264959
0 0.333885 0.215064 0.0844207 0.164184 0.249963
0 0.297366 0.185514 0.0657253 0.100082 0.128062
0 0.720538 0.809355 0.0330153 0.122882 0.126422
0 0.639515 0.718204 0.023478 0.0477137 0.121889
0 0.612322 0.709464 0.02118 0.0303949 0.118091
0 0.721219 0.82275 0.0496958 0.132798 0.104082
0 0.295221 0.191223 0.0396784 0.0747289 0.0822936
0 0.722769 0.832764 0.0333526 0.0686573 0.0821677
0 0.293899 0.147406 0.17381 0.194567 0.0798304
0 0.716199 0.793908 0.0209638 0.0767761 0.0694361
0 0.682677 0.779351 0.0152778 0.021835 0.0496773
0 0.349283 0.244722 0.0637338 0.110988 0.0482248
0 0.638833 0.709877 0.0157469 0.0417362 0.0471532
0 0.716998 0.820832 0.0686926 0.16295 0.0439877
0 0.410249 0.791695 0.019206 0.031241 0.0428918
0 0.612647 0.701564 0.0261582 0.045756 0.0344182
0 0.45435 0.378954 0.032444 0.0764958 0.0343382
0 0.685235 0.788709 0.0254255 0.0515226 0.0320633
0 0.1972 0.482745 0.0195776 0.0181281 0.0314802
0 0.716808 0.782953 0.0157424 0.0653538 0.0301733
0 0.615937 0.666528 0.025184 0.0332443 0.029815
0 0.135708 0.349281 0.189223 0.151319 0.0285845
0 0.391919 0.379093 0.0447082 0.0550963 0.0284964
0 0.609252 0.703463 0.0122758 0.0260155 0.0281315
0 0.684119 0.784949 0.0200463 0.0353832 0.0270354
0 0.340596 0.221422 0.170893 0.220387 0.024246
0 0.722766 0.819283 0.0378295 0.0610319 0.0217166
0 0.250249 0.117907 0.0489214 0.0668208 0.0197242
0 0.586717 0.852817 0.0462861 0.044853 0.0195985
0 0.693967 0.799303 0.0371423 0.0754426 0.0189919
0 0.635208 0.706534 0.0264764 0.0512263 0.0182653
0 0.712304 0.804871 0.0294936 0.0944803 0.017575
0 0.615447 0.70986 0.0352123 0.0529197 0.0174769
0 0.732248 0.860618 0.0251228 0.073155 0.0161258
0 0.719706 0.806039 0.0306383 0.061302 0.0149869
0 0.300369 0.180003 0.0306148 0.102029 0.0140565
0 0.715877 0.819564 0.0270865 0.091745 0.0136367
0 0.243803 0.490798 0.0178501 0.0182214 0.0134923
0 0.265301 0.64692 0.087315 0.0690249 0.013222
0 0.603597 0.708579 0.0146132 0.0262204 0.0125095
0 0.146258 0.344457 0.0961884 0.0711589 0.0123178
0 0.622922 0.719421 0.0272369 0.0409011 0.0118384
0 0.384653 0.367907 0.0319779 0.0372935 0.0106586
0 0.688665 0.790215 0.0373695 0.0677361 0.0106001
0 0.451931 0.392349 0.0223363 0.0570274 0.0105913
0 0.352103 0.246167 0.0476023 0.0734743 0.0100798
0 0.69918 0.91117 0.0567175 0.0378363 0.00987525
0 0.255289 0.120296 0.0303251 0.0592385 0.00902274
0 0.726661 0.858227 0.0471549 0.0753134 0.00893946
0 0.700416 0.838286 0.163352 0.234266 0.0087304
0 0.717164 0.852895 0.0420176 0.0930534 0.008595
0 0.378405 0.616101 0.146568 0.0685401 0.00806492
0 0.317334 0.185192 0.0919579 0.122529 0.00799726
0 0.742627 0.835943 0.174853 0.269446 0.00778164
0 0.269556 0.134388 0.134449 0.134817 0.00756896
0 0.140856 0.332532 0.13482 0.0695797 0.00744534
0 0.629394 0.902908 0.0379742 0.0429611 0.00681305
0 0.387217 0.376654 0.030788 0.0459431 0.00668658
0 0.293061 0.637571 0.0250439 0.044346 0.00661389
0 0.614405 0.659158 0.021812 0.0258244 0.00660634
0 0.25312 0.379054 0.017984 0.0295135 0.00647441
0 0.402932 0.377628 0.0614351 0.0652317 0.00618984
0 0.716924 0.842512 0.0305369 0.0666759 0.00608296
0 0.254028 0.10493 0.0321005 0.0510151 0.00605791
0 0.625572 0.727637 0.0292933 0.047554 0.00574597
0 0.644782 0.730345 0.0276069 0.0567635 0.00572821
0 0.325013 0.244647 0.0706908 0.106728 0.00558797
0 0.718047 0.77256 0.0155093 0.0413442 0.00530128
0 0.712719 0.802659 0.02425 0.0591792 0.00522586
0 0.329762 0.5002 0.0456118 0.0452518 0.00518344
0 0.337985 0.252578 0.0640376 0.0896634 0.00513645
0 0.617486 0.667191 0.0337247 0.0519199 0.00511836
0 0.60207 0.713272 0.0151989 0.0259785 0.0049753
0 0.120771 0.0083696 0.0235615 0.0167392 0.00492956
0 0.445385 0.372194 0.055316 0.0860741 0.00484088
0 0.353924 0.206899 0.0765029 0.164304 0.00479362
0 0.646778 0.709795 0.0172769 0.0401002 0.00469242
0 0.634111 0.736321 0.0244184 0.044112 0.00468718
0 0.705671 0.83849 0.0396793 0.088213 0.00462059
0 0.709353 0.877553 0.0507915 0.0697872 0.00461364
0 0.19514 0.486816 0.0246218 0.0257704 0.00455225
0 0.735602 0.865419 0.018672 0.0521509 0.0045385
0 0.642218 0.725215 0.0633638 0.0805362 0.00441839
0 0.305878 0.173458 0.0478368 0.100682 0.00429613
0 0.46068 0.370955 0.0384642 0.0920856 0.00416542
0 0.605736 0.695932 0.0266948 0.0504484 0.00406934
0 0.575925 0.854908 0.0725348 0.0470778 0.0039423
0 0.686315 0.801547 0.0334209 0.0472225 0.00392064
0 0.678631 0.782033 0.0145104 0.0254041 0.00391381
0 0.262401 0.119912 0.0607934 0.0715346 0.00386058
0 0.646668 0.728765 0.0393847 0.0685709 0.0038443
0 0.285492 0.645281 0.0487002 0.0641991 0.0038408
0 0.685966 0.797116 0.0633477 0.0981586 0.00381761
0 0.624253 0.723392 0.0389799 0.071505 0.00380829
0 0.71398 0.777771 0.0275446 0.0619822 0.00375506
0 0.261678 0.132759 0.0941219 0.096116 0.00363142
0 0.243925 0.126033 0.0808966 0.0764824 0.00362961
0 0.353962 0.156926 0.0301886 0.0516592 0.00361858
0 0.12093 0.0159096 0.0285953 0.0289705 0.00358205
0 0.696044 0.803338 0.0290215 0.0498268 0.00345649
0 0.969542 0.013206 0.0231279 0.0166729 0.00333051
0 0.346921 0.788256 0.0204584 0.0193638 0.00328277
0 0.349809 0.158327 0.0419163 0.064317 0.00322816
0 0.622874 0.705632 0.0574576 0.0752619 0.00322351
0 0.372166 0.612679 0.18393 0.0970013 0.00320377
0 0.402017 0.384371 0.0397117 0.054338 0.00318373
0 0.409121 0.618672 0.106865 0.0551266 0.0031528
0 0.24941 0.656023 0.0707527 0.053586 0.00313854
0 0.477581 0.703557 0.0222742 0.0230196 0.00302698
0 0.305158 0.204602 0.0744354 0.110987 0.00300715
0 0.622365 0.66947 0.0290794 0.0340444 0.00281006
0 0.627335 0.700299 0.0267074 0.0568451 0.00276295
0 0.327201 0.502427 0.0302699 0.039041 0.00267475
0 0.735764 0.836989 0.036196 0.110914 0.00266783
0 0.277678 0.182864 0.105637 0.152179 0.00265248
0 0.626721 0.738032 0.0235152 0.0404191 0.00263265
0 0.114985 0.358858 0.104858 0.0671435 0.00259682
0 0.345913 0.260906 0.0434579 0.0690838 0.00257093
0 0.714744 0.81736 0.0209609 0.0537766 0.0025375
0 0.741319 0.860278 0.0311131 0.0688339 0.00243249
0 0.323163 0.254402 0.0567842 0.0761701 0.00242738
0 0.12347 0.00606854 0.0283658 0.0121371 0.00242292
0 0.133367 0.368979 0.131358 0.109609 0.00241957
0 0.641483 0.70297 0.0185494 0.0373462 0.00239787
0 0.706348 0.835843 0.0536717 0.116502 0.00238112
0 0.254107 0.380765 0.0263459 0.024475 0.00237194
0 0.404164 0.7132 0.00971489 0.0167162 0.00235179
0 0.258503 0.105247 0.0448699 0.068514 0.00229246
0 0.43544 0.379757 0.0816567 0.0790631 0.00227508
0 0.317225 0.151452 0.127129 0.129402 0.00224786
0 0.311643 0.474478 0.0815636 0.0792026 0.00218065
0 0.71774 0.764464 0.0142058 0.0270277 0.00215817
0 0.295075 0.637235 0.0564748 0.0596814 0.00214741
0 0.535803 0.878523 0.14686 0.112169 0.00214064
0 0.730225 0.862856 0.065858 0.119704 0.00209109
0 0.233093 0.128881 0.0438831 0.0470162 0.00207523
0 0.97664 0.0146962 0.0323225 0.0237269 0.00204428
0 0.163311 0.249898 0.0397704 0.0346984 0.00202843
0 0.608483 0.666706 0.0279612 0.0340515 0.00199861
0 0.264147 0.649192 0.108132 0.0945829 0.00199639
0 0.691453 0.775997 0.0792814 0.122362 0.0019803
0 0.679315 0.806645 0.0362347 0.0486568 0.00196534
0 0.17538 0.343817 0.126086 0.065015 0.00194848
0 0.391323 0.383783 0.0608325 0.0761218 0.00194196
0 0.679772 0.8058 0.0964496 0.160934 0.00189496
0 0.195896 0.479123 0.0240811 0.0229642 0.00186969
0 0.192819 0.481809 0.0339278 0.0309602 0.00186657
0 0.37742 0.368074 0.0223967 0.0337534 0.00186434
0 0.208411 0.188194 0.374266 0.315051 0.00185647
0 0.401572 0.374646 0.102553 0.171937 0.00183043
0 0.370508 0.627554 0.129834 0.0492637 0.00181385
0 0.278905 0.117661 0.0924952 0.0863883 0.00179325
0 0.592211 0.859959 0.0438951 0.0407639 0.00178989
0 0.657232 0.741077 0.0221058 0.053505 0.00177878
0 0.441036 0.373274 0.0801159 0.12411 0.00174584
0 0.353628 0.604611 0.281683 0.185188 0.0017069
0 0.609648 0.722607 0.0259712 0.0336389 0.00170266
0 0.308911 0.669398 0.0189745 0.0270744 0.00168936
0 0.598819 0.695847 0.0218826 0.0267368 0.0016804
0 0.612564 0.679446 0.0236581 0.0486327 0.00166728
0 0.291418 0.199532 0.0294577 0.0594112 0.00165727
0 0.330681 0.169241 0.0795496 0.132728 0.00164354
0 0.725028 0.86083 0.0296229 0.0625439 0.00163684
0 0.645877 0.735017 0.0866069 0.130898 0.00162978
0 0.743583 0.844543 0.0589828 0.125691 0.00159289
0 0.282608 0.464018 0.108913 0.0957569 0.00157919
0 0.247728 0.153124 0.218788 0.20907 0.00157039
0 0.592297 0.847118 0.033555 0.0447065 0.00154261
0 0.979538 0.0100232 0.0396761 0.0200463 0.0015378
0 0.29634 0.173748 0.0433863 0.069648 0.00147562
0 0.349825 0.166324 0.0675189 0.116053 0.0014607
0 0.698921 0.812402 0.04093 0.0717848 0.00145672
0 0.418647 0.621284 0.0649543 0.0488952 0.00145366
0 0.302129 0.224892 0.129026 0.175979 0.00142866
0 0.387978 0.362649 0.031568 0.0256689 0.00142465
0 0.320852 0.487703 0.0707552 0.0756442 0.00142194
0 0.684441 0.812063 0.033132 0.0424143 0.00140691
0 0.342078 0.231951 0.0567659 0.0713489 0.00137837
0 0.66393 0.74725 0.018574 0.0428689 0.00135325
0 0.60124 0.864007 0.0533107 0.0470423 0.00134779
0 0.361487 0.245478 0.0438218 0.0851241 0.00134743
0 0.28266 0.645374 0.261406 0.161054 0.00133128
0 0.598123 0.856024 0.0319414 0.0343391 0.00132044
0 0.278183 0.198143 0.171937 0.198425 0.00131343
0 0.616656 0.706578 0.0827359 0.138087 0.00129707
0 0.397768 0.400993 0.0297304 0.0617557 0.00129275
0 0.510935 0.891953 0.176906 0.122983 0.00129168
0 0.36272 0.63146 0.209819 0.086927 0.00126691
0 0.714429 0.895486 0.0523719 0.0627401 0.00126381
0 0.669158 0.761017 0.0268239 0.0652566 0.00123055
0 0.693961 0.77203 0.10988 0.196074 0.00123007
0 0.674876 0.806638 0.0170028 0.0364746 0.00122763
0 0.62552 0.676355 0.0630607 0.0690012 0.00120795
0 0.694983 0.913853 0.0400106 0.0291439 0.00119601
0 0.292855 0.627521 0.021913 0.0320127 0.00116639
0 0.688892 0.776734 0.0290566 0.0485768 0.00114594
0 0.17757 0.350209 0.171982 0.0819575 0.00113662
0 0.708091 0.877129 0.0760686 0.126685 0.00113157
0 0.469967 0.905144 0.0548334 0.0588633 0.00108675
0 0.241791 0.491061 0.024525 0.0135612 0.00108263
0 0.569836 0.866802 0.115023 0.0940458 0.00108251
0 0.676575 0.789562 0.0223283 0.0396227 0.00106266
0 0.288831 0.630439 0.0302132 0.0431031 0.00105936
0 0.745913 0.817483 0.0813481 0.155108 0.00105276
0 0.233722 0.120945 0.147806 0.141222 0.00103826
0 0.374507 0.242213 0.219342 0.276467 0.00102881
0 0.340527 0.277404 0.217249 0.302375 0.00102728
0 0.722139 0.78507 0.0231811 0.071388 0.00102505
0 0.513623 0.870138 0.228571 0.112619 0.00101749
