0 0.156635 0.42382 0.218545 0.247562 0.645777
0 0.214616 0.55532 0.125957 0.531156 0.408013
0 0.157699 0.557272 0.293082 0.540586 0.295184
0 0.225035 0.53597 0.0822608 0.466062 0.191681
0 0.148417 0.923374 0.0353147 0.0177278 0.0793725
0 0.236467 0.481003 0.115917 0.355029 0.0757266
0 0.234368 0.535688 0.0770428 0.301758 0.0648132
0 0.205732 0.635463 0.0873665 0.409518 0.0509544
0 0.245611 0.510971 0.167436 0.481722 0.0404251
0 0.987765 0.980087 0.019372 0.0276781 0.031004
0 0.986873 0.80568 0.0218023 0.0378305 0.0306276
0 0.146692 0.925849 0.0404866 0.0262709 0.0299147
0 0.221977 0.579504 0.0650017 0.285689 0.023978
0 0.223436 0.553394 0.0278716 0.241115 0.022609
0 0.220696 0.529775 0.039825 0.247657 0.0221563
0 0.161637 0.393655 0.169224 0.203439 0.0219794
0 0.241634 0.455649 0.198817 0.315735 0.0194626
0 0.247734 0.439568 0.107479 0.244997 0.019121
0 0.99069 0.800948 0.0170613 0.0352734 0.0176065
0 0.216472 0.348671 0.0887364 0.0908326 0.0169494
0 0.24377 0.566198 0.0980621 0.536039 0.016212
0 0.131451 0.557194 0.133582 0.252818 0.0154181
0 0.166378 0.637455 0.173236 0.483582 0.0150022
0 0.104445 0.567324 0.208889 0.564961 0.0149328
0 0.0147796 0.529838 0.0252727 0.0876511 0.0132411
0 0.221172 0.507935 0.0606996 0.252347 0.0120333
0 0.226544 0.462528 0.0999407 0.252646 0.0105843
0 0.202744 0.36476 0.119603 0.132855 0.00930153
0 0.0160867 0.530064 0.0321734 0.113169 0.00885777
0 0.921391 0.113893 0.0134783 0.0140714 0.00800593
0 0.986468 0.980359 0.0245853 0.0365458 0.007962
0 0.189916 0.479046 0.216222 0.375772 0.00770488
0 0.989235 0.976147 0.0126284 0.0325169 0.00658247
0 0.0131015 0.543995 0.0212489 0.0526241 0.00618883
0 0.237418 0.389942 0.112496 0.13769 0.0059688
0 0.211154 0.411976 0.18392 0.21917 0.00592085
0 0.985838 0.808722 0.0283241 0.0562484 0.00547654
0 0.240853 0.424994 0.0738148 0.105352 0.00509696
0 0.148334 0.923389 0.0465634 0.0488932 0.00501766
0 0.162556 0.452254 0.158422 0.251295 0.00500809
0 0.0333948 0.356354 0.0667896 0.20846 0.00497413
0 0.195073 0.690633 0.10705 0.280365 0.00491715
0 0.195627 0.580511 0.0942171 0.281182 0.00476712
0 0.0225459 0.512889 0.0450919 0.203578 0.00434537
0 0.207857 0.712173 0.0912194 0.211283 0.00432848
0 0.0680119 0.587217 0.13597 0.481591 0.00418039
0 0.150334 0.367261 0.200434 0.130398 0.00413277
0 0.121742 0.440365 0.160013 0.214913 0.00411508
0 0.135702 0.53118 0.200282 0.242089 0.00403639
0 0.228399 0.641669 0.168341 0.535385 0.00391166
0 0.0104157 0.539061 0.0208314 0.0591762 0.00386311
0 0.22457 0.579609 0.0322075 0.155595 0.0037436
0 0.012035 0.551349 0.0168314 0.0415189 0.00358412
0 0.195136 0.687565 0.160802 0.3448 0.00357662
0 0.167513 0.561651 0.121247 0.287306 0.00352119
0 0.984041 0.825611 0.0258444 0.0755146 0.00342021
0 0.0208947 0.510504 0.0347618 0.153747 0.0032603
0 0.276977 0.3494 0.0237328 0.0379962 0.00312385
0 0.274229 0.355186 0.030403 0.0450427 0.00305024
0 0.156474 0.816291 0.0528685 0.0160198 0.00295478
0 0.050078 0.359214 0.100156 0.319542 0.00295162
0 0.188626 0.368338 0.239705 0.212317 0.00291904
0 0.0205394 0.353665 0.0410787 0.152632 0.00287977
0 0.210145 0.636701 0.0695999 0.306262 0.00282721
0 0.982853 0.973381 0.0195082 0.0378345 0.00278345
0 0.26938 0.366114 0.0468075 0.0653426 0.00273962
0 0.0540241 0.448232 0.108048 0.426415 0.00272402
0 0.0525977 0.336904 0.0918105 0.17909 0.00271397
0 0.194556 0.556337 0.0603334 0.237887 0.0026639
0 0.217614 0.409314 0.127415 0.189537 0.00262482
0 0.0435678 0.414626 0.0297737 0.057136 0.00258324
0 0.125272 0.361986 0.250544 0.421376 0.00253699
0 0.118086 0.693355 0.236172 0.61329 0.00251536
0 0.924859 0.113171 0.026483 0.0146657 0.00251066
0 0.0362632 0.340966 0.0651576 0.125784 0.00248651
0 0.0889698 0.55601 0.128279 0.245541 0.0024713
0 0.274472 0.565396 0.183808 0.570086 0.00244433
0 0.0153766 0.545102 0.0307532 0.0622877 0.00241546
0 0.178516 0.814951 0.056246 0.0204994 0.00240872
0 0.0451231 0.442593 0.0896665 0.29523 0.00237156
0 0.0112432 0.516068 0.0224864 0.113397 0.00233069
0 0.0699876 0.645145 0.139975 0.681991 0.00231194
0 0.0286025 0.486957 0.0443591 0.174022 0.00230803
0 0.231474 0.453097 0.0683186 0.133807 0.00228643
0 0.244001 0.555469 0.0550156 0.251867 0.00218225
0 0.990537 0.984879 0.0160878 0.0255089 0.00216724
0 0.0335728 0.418272 0.0412275 0.0800341 0.00207329
0 0.187096 0.79485 0.105253 0.0688383 0.00206405
0 0.220735 0.556694 0.0317941 0.134352 0.00196474
0 0.191077 0.733329 0.0948484 0.182582 0.00194854
0 0.182212 0.810255 0.0745013 0.0276186 0.00193922
0 0.187333 0.160926 0.250114 0.142041 0.00191348
0 0.0320425 0.438751 0.0576277 0.17475 0.0019103
0 0.0249451 0.455154 0.0498903 0.276582 0.00187113
0 0.229935 0.544637 0.0308417 0.152088 0.00186783
0 0.115017 0.356901 0.214124 0.317165 0.00186438
0 0.98467 0.973613 0.0130506 0.0298532 0.00176239
0 0.159263 0.474605 0.259439 0.230191 0.00172143
0 0.169449 0.81326 0.0866642 0.0264194 0.00161706
0 0.147778 0.252865 0.281398 0.371233 0.00156811
0 0.232351 0.48341 0.0602138 0.158149 0.00155017
0 0.182534 0.806558 0.0973279 0.039529 0.00152399
0 0.153713 0.0132859 0.0130668 0.013886 0.00151766
0 0.257601 0.380447 0.0781875 0.121661 0.00149042
0 0.0787394 0.449007 0.157479 0.483847 0.00143387
0 0.984446 0.985848 0.0215927 0.023621 0.00141279
0 0.269821 0.0993709 0.0264453 0.0256935 0.00138068
0 0.247352 0.584605 0.0783903 0.273782 0.00137929
0 0.139311 0.664684 0.211553 0.325727 0.00135494
0 0.257205 0.401893 0.11031 0.171608 0.00133129
0 0.218227 0.375193 0.0818255 0.133583 0.00131802
0 0.200835 0.514174 0.0961407 0.298312 0.00126343
0 0.974482 0.450736 0.0238394 0.0534222 0.00124389
0 0.220254 0.718867 0.049382 0.132607 0.00122476
0 0.14069 0.921275 0.0267235 0.027739 0.00121524
0 0.032048 0.40728 0.0640961 0.333165 0.00120446
0 0.324788 0.541088 0.34921 0.559917 0.00119327
0 0.149876 0.0145629 0.0241439 0.0183851 0.00119032
0 0.01679 0.43281 0.0335799 0.0675138 0.00114117
0 0.145091 0.914809 0.0386687 0.0454039 0.00112841
0 0.106806 0.688306 0.200873 0.423896 0.00112814
0 0.0150999 0.433389 0.0300365 0.105118 0.00112078
0 0.0180801 0.560412 0.0215896 0.0281115 0.00107846
0 0.0455239 0.565757 0.0910477 0.556746 0.00106561
0 0.223565 0.529969 0.0273971 0.146917 0.00106479
0 0.922817 0.116437 0.0232457 0.0222652 0.00103434
0 0.015763 0.506436 0.031526 0.070362 0.00103026
0 0.0389401 0.493188 0.074231 0.265503 0.00100893
