0 0.505862 0.504273 0.0574185 0.249397 0.829984
0 0.476025 0.550084 0.0265251 0.0681714 0.31349
0 0.48075 0.541325 0.029619 0.0949227 0.272044
0 0.503619 0.501034 0.154755 0.304684 0.128207
0 0.983599 0.263091 0.032802 0.0435424 0.0864029
0 0.896224 0.154319 0.0607651 0.104666 0.0818627
0 0.481226 0.511749 0.0545779 0.222718 0.0567877
0 0.887894 0.141702 0.120234 0.185053 0.0344004
0 0.801272 0.362733 0.0326654 0.0478917 0.0341216
0 0.493442 0.403152 0.0311498 0.0505664 0.0338934
0 0.519202 0.604742 0.0278821 0.0455334 0.0334001
0 0.487334 0.520971 0.0355868 0.130747 0.0321416
0 0.513919 0.598323 0.0361944 0.0484428 0.0247953
0 0.903938 0.17414 0.127852 0.18444 0.0230334
0 0.80808 0.106437 0.0336376 0.0461285 0.0230105
0 0.481514 0.494157 0.0883977 0.239824 0.0220706
0 0.510028 0.555165 0.0492505 0.150156 0.0171481
0 0.887675 0.111151 0.216494 0.222302 0.0170979
0 0.125308 0.6399 0.0123976 0.0179324 0.0168177
0 0.512477 0.60405 0.0267394 0.0407455 0.0142629
0 0.487118 0.544119 0.0264792 0.106658 0.013952
0 0.497999 0.520637 0.0457623 0.141282 0.0135145
0 0.497018 0.474188 0.0595379 0.224054 0.0133872
0 0.493484 0.531954 0.0313173 0.12878 0.013328
0 0.460882 0.725606 0.0167725 0.048741 0.0128721
0 0.519141 0.610295 0.0188019 0.0323816 0.0111413
0 0.127334 0.640388 0.0103592 0.0152411 0.010322
0 0.24013 0.520986 0.0121181 0.0296378 0.0098245
0 0.869335 0.205763 0.1524 0.267661 0.00975205
0 0.493096 0.573677 0.0364317 0.0802979 0.00900785
0 0.502229 0.569164 0.0564114 0.115989 0.0079367
0 0.80628 0.104899 0.0454317 0.0573827 0.00780225
0 0.864578 0.241678 0.121813 0.215302 0.00750038
0 0.919025 0.202047 0.16195 0.247198 0.00693729
0 0.508892 0.504145 0.0530622 0.163442 0.0066782
0 0.490977 0.396024 0.0240266 0.0459929 0.00641994
0 0.985851 0.271841 0.0282984 0.0420409 0.00628875
0 0.509883 0.474454 0.0907471 0.275615 0.00627391
0 0.89544 0.151897 0.0510273 0.0697153 0.00603686
0 0.0064654 0.00874838 0.0129308 0.0148156 0.00518556
0 0.12813 0.639231 0.015852 0.0138865 0.00510617
0 0.23843 0.525114 0.017853 0.0323549 0.00497652
0 0.486816 0.519082 0.0372656 0.0625357 0.00488288
0 0.516833 0.534744 0.0610001 0.238021 0.00461308
0 0.805683 0.353953 0.0315025 0.0644729 0.00436517
0 0.495431 0.416985 0.0297732 0.0712818 0.00418898
0 0.51012 0.588817 0.0493081 0.0624416 0.00414805
0 0.864082 0.0691721 0.215735 0.138344 0.00389419
0 0.800106 0.352826 0.0277657 0.0550006 0.00379764
0 0.506444 0.441669 0.0520406 0.168375 0.00371845
0 0.877121 0.156576 0.0980713 0.13006 0.00342223
0 0.00526035 0.0150236 0.0105207 0.0286955 0.00335664
0 0.512715 0.612132 0.0131628 0.0260015 0.00314619
0 0.981245 0.251637 0.0375093 0.0754703 0.00309017
0 0.499849 0.573105 0.0804426 0.228488 0.00307958
0 0.490402 0.567271 0.0221635 0.0763017 0.00307539
0 0.474219 0.575074 0.0278122 0.0597319 0.0030524
0 0.53245 0.471233 0.183002 0.336608 0.00291893
0 0.508507 0.567257 0.0337005 0.110049 0.00285469
0 0.522595 0.598236 0.0195798 0.0434746 0.00285463
0 0.486752 0.543427 0.0251427 0.0664144 0.00283204
0 0.769161 0.0323585 0.0731574 0.0528113 0.00263001
0 0.98985 0.26396 0.0202993 0.035922 0.00258669
0 0.460187 0.725603 0.0270807 0.0594471 0.00252732
0 0.798642 0.100482 0.0256895 0.0440705 0.00251532
0 0.505608 0.604298 0.0304802 0.0420469 0.00244084
0 0.844977 0.277054 0.101246 0.161554 0.00242089
0 0.493263 0.436416 0.0463526 0.107704 0.00240852
0 0.51416 0.545579 0.0316646 0.172913 0.0023989
0 0.48409 0.577332 0.024906 0.0643847 0.00234885
0 0.846486 0.15202 0.201076 0.286154 0.00224643
0 0.45132 0.48688 0.141435 0.24959 0.00224383
0 0.484796 0.556344 0.0244476 0.0665796 0.00208006
0 0.391948 0.990508 0.00932522 0.0185501 0.00207385
0 0.465962 0.719426 0.0276165 0.059346 0.00204943
0 0.8072 0.371783 0.0292604 0.0344504 0.00198168
0 0.841782 0.108536 0.205519 0.145139 0.00195578
0 0.229889 0.474966 0.0103633 0.0240021 0.00193859
0 0.802045 0.314368 0.0279589 0.0534229 0.00180488
0 0.808675 0.313074 0.0314402 0.0585978 0.0017964
0 0.964135 0.246008 0.067317 0.112991 0.00178829
0 0.500532 0.418291 0.0306829 0.0892814 0.00176026
0 0.475202 0.577079 0.0345844 0.105327 0.00173087
0 0.509662 0.470906 0.0436655 0.155387 0.00172184
0 0.813568 0.101411 0.0744444 0.0853241 0.00171885
0 0.551992 0.492824 0.170917 0.24027 0.00163515
0 0.919546 0.149841 0.160907 0.299681 0.00162844
0 0.471211 0.579492 0.0163658 0.0456377 0.00159921
0 0.501839 0.592754 0.0277595 0.0483488 0.00157004
0 0.226917 0.476021 0.0115979 0.0266028 0.00155516
0 0.495421 0.495124 0.0654904 0.132804 0.00154798
0 0.530328 0.073406 0.0136466 0.0113549 0.00154023
0 0.877663 0.281781 0.163681 0.211166 0.00153955
0 0.464977 0.533241 0.163445 0.278674 0.00153144
0 0.573543 0.498659 0.21173 0.324472 0.00152172
0 0.908286 0.174525 0.072637 0.125043 0.00151948
0 0.488686 0.386108 0.0215867 0.0297937 0.00150594
0 0.796981 0.347437 0.0241093 0.0414249 0.00149672
0 0.77994 0.0448478 0.0879073 0.0858362 0.00147203
0 0.506427 0.60143 0.0398409 0.0575892 0.00146538
0 0.523998 0.612158 0.0173824 0.0259022 0.00143254
0 0.124839 0.64324 0.0171036 0.0203701 0.00138578
0 0.819337 0.123007 0.0964966 0.171954 0.00125112
0 0.808582 0.348383 0.0474739 0.0665664 0.00124558
0 0.825475 0.199419 0.165194 0.289563 0.00122076
0 0.503956 0.433115 0.0395794 0.123609 0.00121427
0 0.390774 0.982525 0.00819082 0.0237549 0.0012127
0 0.490365 0.567107 0.0155262 0.0623216 0.00120811
0 0.458941 0.712073 0.0229883 0.078502 0.00116734
0 0.451862 0.490502 0.0975453 0.210736 0.00114053
0 0.515387 0.587747 0.0837933 0.170375 0.00111751
0 0.496347 0.579554 0.0204679 0.0589641 0.00110649
0 0.388596 0.98919 0.0122605 0.0198093 0.00109908
0 0.455362 0.699058 0.0305758 0.105328 0.00108045
0 0.77936 0.0245101 0.0629862 0.0473582 0.00107601
0 0.887345 0.135465 0.0568819 0.0858901 0.00107131
0 0.507411 0.568265 0.0282444 0.0674972 0.00106813
0 0.679865 0.61458 0.0223783 0.0523134 0.0010388
0 0.0239329 0.343595 0.0323027 0.0718576 0.00102763
0 0.772771 0.0709804 0.0837318 0.141961 0.00102046
