0 0.499569 0.502337 0.0842161 0.0923865 0.588625
0 0.339748 0.409931 0.0438037 0.157294 0.338287
0 0.384287 0.72915 0.0450454 0.0455788 0.251546
0 0.298611 0.289608 0.0299712 0.0510809 0.232339
0 0.293722 0.215965 0.0177222 0.0422441 0.149388
0 0.300158 0.155585 0.0308962 0.0373829 0.128333
0 0.357937 0.315194 0.024619 0.0206001 0.0952136
0 0.3959 0.68513 0.0206081 0.0190046 0.0868563
0 0.363722 0.476991 0.0181406 0.0222206 0.078948
0 0.30168 0.288877 0.0352715 0.0726832 0.0673763
0 0.292038 0.216571 0.0273582 0.0524823 0.0617789
0 0.361194 0.316381 0.0313401 0.027233 0.0604344
0 0.2976 0.279067 0.0218165 0.0443705 0.0594514
0 0.317685 0.338834 0.0136717 0.014018 0.0552894
0 0.38909 0.718686 0.0382285 0.057199 0.054241
0 0.292972 0.277315 0.0178354 0.032203 0.0496916
0 0.34657 0.417519 0.0386813 0.129324 0.0373353
0 0.492685 0.500826 0.168968 0.16871 0.0352004
0 0.392168 0.69511 0.0345811 0.0367789 0.0334402
0 0.718536 0.562313 0.00973845 0.0207621 0.0301127
0 0.39973 0.686059 0.0223924 0.0229437 0.0262696
0 0.260979 0.410172 0.0540882 0.13607 0.0251917
0 0.296604 0.278345 0.0302634 0.0540145 0.0225596
0 0.305754 0.297954 0.016447 0.0313585 0.0221046
0 0.381989 0.741973 0.0404202 0.0302041 0.0219245
0 0.316962 0.338638 0.0174947 0.0185267 0.0212992
0 0.359937 0.323213 0.0213606 0.0262246 0.0208738
0 0.514015 0.512149 0.0631063 0.0767833 0.0200625
0 0.503078 0.499776 0.0583522 0.0733945 0.0187196
0 0.522613 0.525874 0.0328198 0.0408376 0.0184201
0 0.329481 0.282222 0.114325 0.283196 0.0175168
0 0.648426 0.00426005 0.0172749 0.00812669 0.0169394
0 0.385873 0.72961 0.0643515 0.104536 0.0154405
0 0.290732 0.238451 0.01248 0.0384855 0.0151865
0 0.293246 0.206915 0.0209589 0.050935 0.0145887
0 0.350348 0.447273 0.0186162 0.0333131 0.0134959
0 0.305254 0.275786 0.0442474 0.133488 0.0125715
0 0.260044 0.394222 0.0480114 0.0892226 0.0112515
0 0.341187 0.372176 0.0675887 0.219964 0.0111385
0 0.391725 0.68442 0.0156033 0.0208997 0.0110798
0 0.531452 0.435211 0.0153629 0.0138825 0.0102292
0 0.292371 0.22643 0.015438 0.0529273 0.010215
0 0.374749 0.733978 0.0280661 0.0325846 0.00998641
0 0.340473 0.401838 0.0445661 0.0706288 0.00996229
0 0.333599 0.384149 0.0450722 0.0821204 0.00991335
0 0.289139 0.238137 0.0107081 0.0261725 0.00903646
0 0.353192 0.315289 0.0174941 0.0242926 0.00885432
0 0.297247 0.160619 0.0239935 0.0324837 0.00855926
0 0.384454 0.840109 0.0151638 0.0199347 0.00805255
0 0.265725 0.386894 0.0419055 0.0553212 0.00711151
0 0.364619 0.325714 0.0310123 0.0359049 0.0070436
0 0.392522 0.69928 0.0421716 0.0753655 0.00703656
0 0.365787 0.315517 0.0316596 0.0351968 0.00697358
0 0.258074 0.378413 0.0472563 0.057329 0.00682636
0 0.396025 0.681131 0.0303953 0.0284543 0.00648053
0 0.315978 0.405156 0.19449 0.222771 0.00634687
0 0.402887 0.669432 0.0167796 0.0214442 0.00597709
0 0.291749 0.270841 0.011683 0.0284694 0.00592935
0 0.410734 0.855272 0.0281799 0.0305269 0.00538971
0 0.293072 0.232083 0.022998 0.0655555 0.00523473
0 0.382977 0.745113 0.0476442 0.06274 0.00508649
0 0.329942 0.365284 0.0333051 0.0609032 0.00505446
0 0.38485 0.834845 0.0137722 0.017988 0.00480836
0 0.388204 0.839308 0.0175488 0.0212231 0.00478731
0 0.717079 0.55868 0.0105828 0.0239997 0.00463624
0 0.363031 0.315999 0.0416542 0.0705477 0.00462821
0 0.337213 0.26854 0.196205 0.279454 0.00457758
0 0.480924 0.500678 0.120419 0.107584 0.00457376
0 0.0270794 0.989062 0.0394759 0.0218754 0.00446411
0 0.716627 0.564906 0.0115687 0.0255779 0.00439464
0 0.398153 0.709174 0.0307322 0.0551036 0.00437097
0 0.356946 0.297751 0.052645 0.115309 0.00420752
0 0.252449 0.379833 0.0347926 0.0795988 0.00416454
0 0.332248 0.393594 0.0447234 0.131295 0.00414945
0 0.29109 0.241666 0.0148357 0.0245707 0.00400749
0 0.376774 0.722183 0.0314865 0.0350822 0.00377669
0 0.290886 0.20026 0.0155555 0.043008 0.00375404
0 0.261047 0.41106 0.0874775 0.172962 0.0037452
0 0.389143 0.69107 0.022888 0.035164 0.00374232
0 0.315338 0.334789 0.0133389 0.0177922 0.00348405
0 0.0259962 0.987287 0.0519925 0.0254262 0.00336262
0 0.397202 0.676954 0.0247441 0.0244001 0.00329266
0 0.309657 0.301364 0.267645 0.343561 0.00323545
0 0.322321 0.341142 0.0204913 0.0196002 0.00318084
0 0.294346 0.231217 0.0335989 0.0863342 0.00310198
0 0.291139 0.156569 0.0248362 0.0319435 0.00307669
0 0.355845 0.402143 0.0697643 0.153223 0.00296889
0 0.47657 0.528486 0.133315 0.129336 0.00285304
0 0.519262 0.498594 0.0890688 0.0980841 0.0028252
0 0.394684 0.739211 0.189051 0.305909 0.00281451
0 0.381681 0.853465 0.0174496 0.0283354 0.00275348
0 0.356241 0.294176 0.0843508 0.184082 0.00274131
0 0.398131 0.670883 0.0575424 0.132057 0.00263753
0 0.448303 0.604478 0.151308 0.257475 0.00262395
0 0.308848 0.158735 0.0380077 0.0355086 0.00254679
0 0.248045 0.30514 0.486545 0.370563 0.00254521
0 0.353156 0.458006 0.0239143 0.0336376 0.00243172
0 0.365776 0.472528 0.0238334 0.030142 0.00232064
0 0.717931 0.561578 0.0220858 0.0336608 0.00230734
0 0.308975 0.303333 0.0154231 0.0282321 0.00221254
0 0.35171 0.311111 0.021158 0.0242187 0.00219104
0 0.367198 0.292044 0.026544 0.0412557 0.00217249
0 0.344697 0.360184 0.225633 0.336763 0.00217059
0 0.399271 0.676832 0.032755 0.0422056 0.00214407
0 0.297833 0.226112 0.0212293 0.071371 0.00210193
0 0.490933 0.670823 0.0153165 0.0143638 0.00205113
0 0.300929 0.1749 0.0400295 0.0571707 0.00204291
0 0.913793 0.0186551 0.0220093 0.0254083 0.00202506
0 0.38402 0.76431 0.0484719 0.0782265 0.00188007
0 0.383889 0.844912 0.023576 0.0383007 0.00186053
0 0.284257 0.211753 0.0407655 0.066855 0.00185138
0 0.381625 0.854182 0.0243118 0.0382578 0.00185099
0 0.413664 0.856475 0.0194107 0.0236149 0.00184021
0 0.290301 0.198332 0.0250071 0.0420974 0.00183853
0 0.915447 0.760999 0.0046814 0.0147078 0.001834
0 0.527333 0.43429 0.0240578 0.0133107 0.0018305
0 0.647258 0.0040575 0.0266678 0.00811501 0.00180216
0 0.351144 0.704114 0.236425 0.286942 0.00179455
0 0.989558 0.753973 0.011421 0.0409207 0.00175952
0 0.317155 0.341969 0.0183803 0.0387576 0.00173558
0 0.348645 0.436753 0.0306483 0.0936461 0.0017175
0 0.33823 0.00468458 0.0200561 0.00936917 0.00170722
0 0.371737 0.264454 0.0207193 0.0392159 0.00170684
0 0.402239 0.418202 0.0103948 0.020013 0.0016502
0 0.740228 0.972003 0.0370039 0.0527679 0.00162857
0 0.369926 0.281967 0.0232122 0.0417994 0.0016233
0 0.308914 0.294913 0.0252253 0.044171 0.00160371
0 0.379367 0.863998 0.0181292 0.0448227 0.00159577
0 0.431378 0.542365 0.0417737 0.0514614 0.00158692
0 0.301677 0.196317 0.0646042 0.108452 0.00156408
0 0.652902 0.0131245 0.0239952 0.020887 0.00153318
0 0.43239 0.607168 0.107283 0.206698 0.00152952
0 0.522331 0.535271 0.0289521 0.0404359 0.00151121
0 0.647119 0.0111824 0.0226934 0.0176682 0.00150562
0 0.396338 0.727149 0.0347425 0.0457751 0.00150051
0 0.487766 0.49862 0.0582704 0.0671697 0.00148224
0 0.314789 0.347767 0.135927 0.302741 0.00144855
0 0.291756 0.291154 0.026386 0.0386405 0.00144228
0 0.327544 0.368614 0.0246552 0.0467488 0.00141258
0 0.370345 0.337314 0.0329214 0.0423896 0.00140614
0 0.987308 0.97312 0.0253848 0.0526838 0.00140427
0 0.404998 0.662491 0.0133583 0.035766 0.0013925
0 0.987423 0.489559 0.00986748 0.0377107 0.00137977
0 0.383259 0.697952 0.0386095 0.0450294 0.00137038
0 0.290064 0.256331 0.0154787 0.0729716 0.00135584
0 0.398119 0.678066 0.036098 0.0700247 0.00134868
0 0.244253 0.401088 0.307098 0.304763 0.00134403
0 0.982629 0.766392 0.0170239 0.0470507 0.00133152
0 0.991301 0.742173 0.0112619 0.0315682 0.00130205
0 0.417906 0.561464 0.0400857 0.0655518 0.00129848
0 0.987965 0.767305 0.012075 0.0437208 0.0012929
0 0.468643 0.537281 0.189465 0.170458 0.00128535
0 0.915557 0.019996 0.0136023 0.0286658 0.00128524
0 0.253745 0.39644 0.0397021 0.120644 0.00128139
0 0.270945 0.383972 0.0346419 0.0420979 0.0012773
0 0.427851 0.552478 0.0536636 0.0780849 0.00127502
0 0.365457 0.471832 0.0328338 0.0615856 0.00124493
0 0.282937 0.231537 0.0422112 0.0833485 0.00122456
0 0.328903 0.426859 0.0881699 0.18745 0.00122405
0 0.4052 0.666038 0.0948881 0.249189 0.00122347
0 0.305974 0.15761 0.0674239 0.0487577 0.00121969
0 0.189686 0.104059 0.357162 0.208119 0.00119405
0 0.341834 0.00575965 0.0179645 0.0114884 0.00119073
0 0.321934 0.35775 0.025037 0.0452983 0.00119038
0 0.652245 0.00348693 0.0237876 0.00697386 0.00118562
0 0.400441 0.84911 0.0375627 0.0377855 0.00117896
0 0.322658 0.335954 0.018835 0.0140612 0.0011431
0 0.989809 0.765941 0.0203812 0.0655663 0.00112427
0 0.375577 0.399282 0.209838 0.258453 0.00111486
0 0.331033 0.34434 0.0349853 0.0665149 0.0011071
0 0.283065 0.211939 0.0582722 0.0991703 0.0010993
0 0.991748 0.76806 0.00888786 0.0464025 0.00108025
0 0.0318768 0.0173836 0.0160292 0.0329325 0.00108007
0 0.390105 0.853151 0.0293177 0.0332802 0.00107111
0 0.288321 0.147113 0.0280365 0.0307811 0.00106274
0 0.721472 0.560396 0.011672 0.02416 0.00105548
0 0.994016 0.754105 0.00862961 0.0458858 0.00104517
0 0.418321 0.598519 0.0665607 0.179634 0.00104242
0 0.913947 0.76639 0.0104687 0.0197802 0.00104234
0 0.414111 0.706029 0.0789442 0.0897827 0.00104116
0 0.290288 0.16505 0.0196766 0.027375 0.00103962
0 0.314004 0.16631 0.0348636 0.0298072 0.00103513
0 0.443938 0.642034 0.208697 0.370256 0.00103215
0 0.48997 0.481067 0.0756888 0.07543 0.00101438
0 0.487814 0.549844 0.124355 0.198149 0.00100671
