0 0.380443 0.623917 0.0598624 0.0771139 0.723212
0 0.501591 0.486625 0.0232499 0.164333 0.553889
0 0.203873 0.117638 0.0178031 0.0186821 0.077707
0 0.501453 0.487319 0.0171383 0.132903 0.0702326
0 0.470674 0.765024 0.0350592 0.0419777 0.0464879
0 0.501141 0.457933 0.018638 0.0999591 0.0426313
0 0.405937 0.813435 0.0733712 0.0271433 0.0418545
0 0.498298 0.543695 0.0141645 0.0582984 0.0360754
0 0.220909 0.354413 0.0592083 0.0324949 0.0262489
0 0.388052 0.608516 0.163221 0.187936 0.0229549
0 0.374874 0.636603 0.0534424 0.0673605 0.0181214
0 0.456953 0.867395 0.0490342 0.0632969 0.0175875
0 0.498848 0.506884 0.0208747 0.128468 0.016755
0 0.352112 0.60482 0.16963 0.215247 0.0164557
0 0.494584 0.48767 0.0504807 0.189283 0.0145448
0 0.183079 0.11982 0.0220365 0.0192665 0.0131675
0 0.389889 0.612574 0.046625 0.0676446 0.0123831
0 0.396224 0.626201 0.0686495 0.0799009 0.0112042
0 0.499922 0.478149 0.0218177 0.0661244 0.00981769
0 0.497593 0.54085 0.0203692 0.0686203 0.00968124
0 0.500692 0.433952 0.0230387 0.0627724 0.00933407
0 0.499619 0.447735 0.0195459 0.0662609 0.0089951
0 0.410672 0.82044 0.0663245 0.0350925 0.00872477
0 0.500028 0.488843 0.0272457 0.0673462 0.00850831
0 0.478693 0.486983 0.053537 0.166691 0.00849729
0 0.4453 0.857525 0.0531189 0.0467152 0.00832724
0 0.202443 0.120355 0.023526 0.0221967 0.0076634
0 0.453029 0.85184 0.0570967 0.075824 0.00724706
0 0.441418 0.804885 0.0900762 0.136868 0.00710869
0 0.472213 0.765585 0.0424046 0.0802205 0.00698596
0 0.474223 0.748136 0.0455136 0.070643 0.0065153
0 0.431732 0.814504 0.0938264 0.0870494 0.00627119
0 0.474072 0.757013 0.0326303 0.0521128 0.00622459
0 0.193928 0.117527 0.0402535 0.0324728 0.0059543
0 0.220214 0.357001 0.0719687 0.0570822 0.00586035
0 0.243694 0.261568 0.0196024 0.0550792 0.00581173
0 0.416244 0.812568 0.0759847 0.0610226 0.0050578
0 0.165251 0.112572 0.029029 0.0418396 0.00494892
0 0.440666 0.84667 0.0373919 0.0304173 0.00476882
0 0.439415 0.783811 0.116547 0.154386 0.00462168
0 0.477091 0.493919 0.0755693 0.206649 0.0045831
0 0.36445 0.627559 0.063007 0.0730399 0.00439946
0 0.089456 0.912472 0.0888999 0.0832115 0.00418349
0 0.395198 0.601972 0.0335325 0.052718 0.00412423
0 0.461175 0.813442 0.0627507 0.140257 0.00410493
0 0.384257 0.606783 0.0640148 0.0921857 0.00402004
0 0.419772 0.832373 0.0706716 0.057336 0.00385662
0 0.449262 0.752837 0.0883409 0.109027 0.00379317
0 0.467898 0.783321 0.0342481 0.0655441 0.00362814
0 0.0285607 0.425031 0.0281568 0.0235879 0.00356813
0 0.218901 0.360277 0.0486551 0.0321338 0.00351812
0 0.415062 0.735095 0.0937473 0.0849575 0.00335587
0 0.481773 0.742504 0.0288908 0.0794533 0.00333331
0 0.189332 0.116598 0.0337133 0.0245026 0.00323642
0 0.409222 0.801187 0.0777141 0.0648985 0.0031606
0 0.990788 0.39564 0.00920391 0.0142901 0.00314355
0 0.428668 0.854039 0.0497089 0.0331274 0.00306243
0 0.988442 0.395371 0.0118916 0.0193756 0.00300292
0 0.509578 0.489161 0.0535292 0.179838 0.00300257
0 0.366862 0.648467 0.0348832 0.0435421 0.0029779
0 0.396923 0.620024 0.0388896 0.0690392 0.00295948
0 0.458136 0.819302 0.0462025 0.107385 0.00281663
0 0.520449 0.487997 0.0453845 0.160327 0.00272912
0 0.46452 0.87461 0.0369176 0.0482859 0.00268076
0 0.396989 0.716875 0.0767178 0.0823793 0.00264311
0 0.453942 0.841707 0.0501613 0.117696 0.00255374
0 0.192523 0.120303 0.0300327 0.0200257 0.00255343
0 0.497164 0.501148 0.0286587 0.0705867 0.00254544
0 0.21485 0.35872 0.0465506 0.0219818 0.00251562
0 0.494204 0.487755 0.178624 0.269383 0.00250706
0 0.165117 0.109152 0.0187254 0.0502365 0.00248888
0 0.499758 0.428435 0.0188714 0.0442206 0.00242777
0 0.18151 0.115946 0.0268635 0.0289205 0.00241928
0 0.408237 0.825843 0.0707958 0.0789488 0.00230298
0 0.46935 0.804474 0.030331 0.074942 0.00230027
0 0.37912 0.724652 0.0408013 0.0635331 0.00226594
0 0.169735 0.118115 0.0251706 0.0359456 0.00217153
0 0.481976 0.741634 0.0403429 0.0965884 0.00215443
0 0.450933 0.844653 0.0847894 0.13227 0.00212812
0 0.217734 0.0141772 0.014863 0.0283543 0.00212662
0 0.415489 0.741284 0.0769577 0.0509513 0.00207249
0 0.497887 0.518386 0.0186189 0.0697672 0.00206985
0 0.368523 0.603133 0.0585683 0.0938398 0.00204615
0 0.208579 0.119948 0.0214168 0.0168876 0.00196211
0 0.411275 0.63034 0.101864 0.107807 0.00192272
0 0.193458 0.231112 0.0597106 0.0510283 0.00185696
0 0.195497 0.116463 0.0362389 0.0200447 0.00185619
0 0.990199 0.398348 0.0122253 0.0138234 0.00177011
0 0.219022 0.00779738 0.0177787 0.0153188 0.00176582
0 0.167203 0.111923 0.0421519 0.0627248 0.0017635
0 0.016433 0.973651 0.0221104 0.0526986 0.00173301
0 0.248071 0.268795 0.0205739 0.0405412 0.00169865
0 0.440526 0.798373 0.189334 0.254933 0.00169799
0 0.984614 0.394096 0.0140844 0.0242455 0.00164131
0 0.399614 0.603955 0.0287605 0.0387171 0.00159101
0 0.372302 0.612036 0.0531346 0.0599672 0.00154336
0 0.226962 0.00545889 0.0206249 0.0109178 0.00152792
0 0.178118 0.219711 0.0263477 0.0202204 0.00152204
0 0.305321 0.009893 0.0145558 0.010426 0.00151395
0 0.455587 0.493116 0.179404 0.239262 0.00150386
0 0.417299 0.743003 0.119291 0.120989 0.00149486
0 0.987153 0.393796 0.0134735 0.0133918 0.00145442
0 0.499455 0.422161 0.0130302 0.047421 0.00144308
0 0.509464 0.49482 0.0330956 0.160896 0.00143388
0 0.195162 0.113981 0.0522933 0.0612149 0.00143363
0 0.418645 0.806804 0.119525 0.16824 0.00141333
0 0.217289 0.365759 0.0592297 0.0301136 0.00141191
0 0.441044 0.846578 0.063192 0.0764559 0.00139939
0 0.0150337 0.976943 0.0300675 0.0461141 0.00136522
0 0.489707 0.723434 0.0294945 0.0624738 0.0013143
0 0.406417 0.711088 0.111607 0.140081 0.0013105
0 0.450717 0.846044 0.0404168 0.0439827 0.00130238
0 0.418173 0.615439 0.12901 0.143742 0.00129849
0 0.983683 0.401095 0.014476 0.0225906 0.00128547
0 0.390204 0.731542 0.058837 0.0754769 0.00127587
0 0.416082 0.761042 0.0764999 0.102632 0.00126776
0 0.443665 0.835872 0.0442239 0.0501785 0.00126621
0 0.231856 0.362176 0.0645499 0.0415431 0.00125446
0 0.991184 0.399131 0.0152145 0.0203923 0.00125241
0 0.366016 0.571816 0.0829815 0.144559 0.00124398
0 0.415345 0.781762 0.0657969 0.0852466 0.00124325
0 0.362973 0.629266 0.0413672 0.0638057 0.0012342
0 0.389025 0.575328 0.108965 0.194553 0.00123413
0 0.240571 0.247728 0.0265572 0.0646549 0.00120966
0 0.464146 0.86099 0.0339167 0.0619358 0.00117309
0 0.158137 0.118698 0.0197184 0.0465252 0.00116448
0 0.427849 0.73295 0.0981803 0.032459 0.00115058
0 0.485491 0.733319 0.0250472 0.0583998 0.00113094
0 0.361962 0.654465 0.0203443 0.032593 0.0011268
0 0.489938 0.504948 0.0351232 0.153622 0.00112408
0 0.463184 0.793414 0.0442636 0.0848608 0.00111986
0 0.493669 0.734472 0.0261952 0.0659101 0.00109864
0 0.160085 0.120708 0.0306575 0.0462158 0.00106136
0 0.522681 0.477315 0.0771464 0.175784 0.00106129
0 0.476841 0.795539 0.020026 0.0392281 0.00105774
0 0.24392 0.262764 0.0288263 0.0679712 0.00104349
0 0.182626 0.224596 0.0509292 0.0287856 0.001041
0 0.225355 0.358108 0.100992 0.188709 0.00103408
0 0.495557 0.719017 0.0234637 0.0504229 0.00103338
0 0.984815 0.40016 0.0169127 0.0122072 0.00103275
0 0.207753 0.366279 0.0353666 0.0289265 0.00100443
