0 0.517973 0.455154 0.0694223 0.116335 0.819284
0 0.283174 0.917322 0.0824727 0.0633781 0.781133
0 0.47639 0.54728 0.0309213 0.0713691 0.752232
0 0.0355573 0.531287 0.068744 0.0642944 0.684995
0 0.602113 0.785402 0.017319 0.0146036 0.560052
0 0.121221 0.403622 0.0822731 0.124889 0.52872
0 0.596939 0.787166 0.0227116 0.0154799 0.217727
0 0.124362 0.374545 0.0966168 0.150117 0.197799
0 0.669158 0.854277 0.0286455 0.0140244 0.185389
0 0.618429 0.380292 0.0128318 0.0141995 0.151832
0 0.0531682 0.0885877 0.0166 0.0440493 0.139488
0 0.483915 0.545579 0.0309361 0.0728725 0.129981
0 0.583766 0.790041 0.013052 0.0147442 0.0880032
0 0.0865589 0.0579729 0.149968 0.115946 0.0869675
0 0.0324496 0.683825 0.0627879 0.0585764 0.0845984
0 0.473673 0.53868 0.0233771 0.0657536 0.0738125
0 0.13936 0.396794 0.165884 0.192673 0.0525877
0 0.505039 0.44986 0.152888 0.192697 0.0491732
0 0.601116 0.788074 0.0212811 0.0206442 0.0483423
0 0.515485 0.451556 0.057383 0.0720883 0.0479917
0 0.666007 0.856147 0.0212823 0.013806 0.0464206
0 0.508818 0.477302 0.0493973 0.0579493 0.0371324
0 0.517498 0.474462 0.057126 0.0949082 0.0366618
0 0.479633 0.560381 0.0307451 0.0529019 0.0358374
0 0.0149639 0.979811 0.0299278 0.0403787 0.0354814
0 0.131659 0.333784 0.0911512 0.0724324 0.0341207
0 0.502376 0.488574 0.0323257 0.040295 0.0328587
0 0.0573522 0.0870375 0.0328707 0.0544311 0.0325271
0 0.497163 0.493868 0.0202782 0.0268136 0.032478
0 0.0258655 0.918772 0.051731 0.162455 0.0302541
0 0.112416 0.40014 0.0604786 0.099641 0.0299838
0 0.0185609 0.97241 0.0371218 0.0551804 0.0286159
0 0.287837 0.904177 0.165913 0.170506 0.0277184
0 0.620341 0.382195 0.0157202 0.0137441 0.0258738
0 0.0917238 0.081433 0.183448 0.162866 0.0182884
0 0.0235508 0.963307 0.0471017 0.0733853 0.0181848
0 0.112008 0.371372 0.153222 0.206227 0.0172589
0 0.102276 0.0430008 0.143625 0.0740049 0.0171974
0 0.101963 0.429467 0.152645 0.189493 0.0160033
0 0.0656403 0.5061 0.131281 0.193598 0.0150615
0 0.0632048 0.0881781 0.0501734 0.0666965 0.0143768
0 0.0958221 0.0567639 0.0923062 0.0987191 0.0124214
0 0.495387 0.500007 0.017555 0.0187812 0.0123648
0 0.505685 0.497697 0.0449548 0.10652 0.012171
0 0.608741 0.785782 0.0241729 0.0178247 0.0119882
0 0.670336 0.857587 0.0334949 0.0203003 0.0119143
0 0.203554 0.1582 0.0416397 0.103233 0.0118084
0 0.0493792 0.536429 0.0488414 0.057049 0.0117265
0 0.0330498 0.578082 0.0660995 0.185907 0.0116229
0 0.307787 0.91812 0.122637 0.0673845 0.0113968
0 0.492815 0.544257 0.0356079 0.0691475 0.011293
0 0.050347 0.525877 0.0927743 0.0714806 0.0109107
0 0.0591925 0.0903918 0.0235381 0.0412023 0.010827
0 0.475558 0.521376 0.017312 0.0322169 0.00984632
0 0.0558831 0.0956557 0.0148243 0.0328864 0.00947505
0 0.485187 0.522836 0.0270452 0.0886947 0.00938439
0 0.0465543 0.544107 0.0931087 0.212142 0.00925773
0 0.482895 0.556058 0.0454037 0.0600792 0.00925183
0 0.0837295 0.498815 0.161175 0.151037 0.00906668
0 0.481359 0.57456 0.0185419 0.0232414 0.00904709
0 0.488409 0.542771 0.0695681 0.114731 0.00903491
0 0.037959 0.671906 0.075918 0.138177 0.00892593
0 0.486611 0.538189 0.0403503 0.0937084 0.00865317
0 0.500394 0.484975 0.0228724 0.0327204 0.00838879
0 0.590643 0.789952 0.0288076 0.0230545 0.00821351
0 0.503097 0.48602 0.0397099 0.0597792 0.00816641
0 0.284153 0.93448 0.0889092 0.0891605 0.00755925
0 0.474475 0.519773 0.0190285 0.0198266 0.00743523
0 0.0138301 0.985516 0.0276603 0.0289687 0.0073784
0 0.110534 0.402953 0.0547094 0.0603216 0.00735751
0 0.926952 0.00780818 0.0143528 0.00787544 0.00734225
0 0.605531 0.784647 0.0243897 0.0238237 0.00718657
0 0.927133 0.00775788 0.0103872 0.0109001 0.00717981
0 0.0650716 0.528323 0.119753 0.0908623 0.00717208
0 0.474598 0.547546 0.0620143 0.103325 0.00688593
0 0.506358 0.500503 0.0701614 0.148009 0.00683902
0 0.500871 0.499769 0.0221931 0.0271795 0.00668816
0 0.0326895 0.69379 0.0653789 0.103654 0.00649482
0 0.0857289 0.0268712 0.156792 0.0537423 0.00649329
0 0.0611976 0.0820973 0.0237084 0.0473033 0.00635278
0 0.198388 0.190776 0.0142717 0.0285578 0.00611127
0 0.675119 0.852985 0.0298941 0.0192627 0.00575336
0 0.617636 0.381004 0.0192868 0.0203756 0.00570192
0 0.0761622 0.457231 0.152324 0.207618 0.00557641
0 0.129692 0.333034 0.116411 0.110198 0.00538755
0 0.148124 0.386572 0.10504 0.175201 0.00534665
0 0.540635 0.4754 0.170709 0.22171 0.0050717
0 0.485313 0.563695 0.0192344 0.0464472 0.00471413
0 0.274065 0.912365 0.0575888 0.0563017 0.00470997
0 0.59456 0.784552 0.0308881 0.0265692 0.00469216
0 0.0122798 0.974397 0.0243946 0.0486164 0.00467618
0 0.0778076 0.529948 0.155615 0.124138 0.0045011
0 0.534777 0.453232 0.0662396 0.109889 0.00445176
0 0.0605011 0.0205094 0.11242 0.036422 0.00433454
0 0.472117 0.529006 0.0186839 0.0538585 0.00418179
0 0.297449 0.00325594 0.0151002 0.00651188 0.00417899
0 0.263011 0.918678 0.0603472 0.0633734 0.00415411
0 0.199917 0.186936 0.0195692 0.0444799 0.00413197
0 0.031675 0.835662 0.0633501 0.328677 0.00390279
0 0.598386 0.790149 0.040296 0.05667 0.00382271
0 0.929245 0.00776932 0.0155626 0.0136481 0.00379158
0 0.137328 0.413004 0.0697695 0.129244 0.00378654
0 0.582419 0.7901 0.0221005 0.022999 0.00377514
0 0.123691 0.451396 0.101703 0.235558 0.0037431
0 0.0533333 0.016323 0.0712843 0.0283888 0.00371275
0 0.257759 0.926715 0.184394 0.14657 0.00340142
0 0.0234298 0.897183 0.0468597 0.205634 0.003382
0 0.0936255 0.124242 0.187192 0.222246 0.00330669
0 0.111394 0.481803 0.17136 0.255512 0.00329463
0 0.052457 0.548425 0.0211237 0.0361363 0.00306895
0 0.466897 0.544236 0.0340617 0.0627363 0.00306012
0 0.106439 0.386077 0.0472687 0.0830662 0.00304299
0 0.0417242 0.546389 0.0492744 0.0594393 0.00303974
0 0.131054 0.330844 0.0590255 0.0622332 0.00293709
0 0.113191 0.425142 0.0666709 0.129228 0.00282135
0 0.0483574 0.609273 0.0885234 0.250239 0.0027576
0 0.196845 0.14868 0.0384061 0.132261 0.00270715
0 0.261482 0.924079 0.0331326 0.0542877 0.00267625
0 0.0476686 0.524473 0.0567758 0.069007 0.0025902
0 0.273031 0.90586 0.0727865 0.0757252 0.00254715
0 0.504959 0.458057 0.0549908 0.105425 0.0025036
0 0.578948 0.792785 0.0179609 0.0200144 0.00248914
0 0.126992 0.058158 0.16783 0.113137 0.0024862
0 0.0777464 0.0791208 0.0944315 0.0784451 0.0024592
0 0.0560133 0.0763068 0.0389209 0.0860298 0.00241114
0 0.478759 0.567937 0.0228283 0.0363075 0.00240494
0 0.584822 0.795806 0.0183413 0.0228495 0.00235617
0 0.0626284 0.53509 0.0802992 0.0615649 0.00231953
0 0.121463 0.0677697 0.242927 0.135539 0.0022194
0 0.102275 0.0539383 0.204549 0.107877 0.00218587
0 0.0501734 0.0979846 0.0319218 0.0584385 0.00217554
0 0.186797 0.39658 0.258114 0.251179 0.00216287
0 0.0394403 0.0198194 0.0699409 0.0335153 0.00215947
0 0.0684978 0.590451 0.136996 0.278599 0.0021527
0 0.047711 0.0668803 0.0452494 0.0810442 0.00215067
0 0.054742 0.0750547 0.0200654 0.0690288 0.00215045
0 0.547591 0.457793 0.13979 0.126187 0.00212828
0 0.300766 0.00402694 0.0116712 0.00805388 0.0021104
0 0.471642 0.557985 0.0458461 0.0622223 0.00207789
0 0.104077 0.0410779 0.0853953 0.0602566 0.00205971
0 0.290922 0.901714 0.0851257 0.066902 0.00202794
0 0.0899081 0.403216 0.0930681 0.12987 0.00202015
0 0.0932118 0.0779465 0.127054 0.106989 0.00198023
0 0.494253 0.540245 0.196643 0.250863 0.00197769
0 0.0897584 0.540824 0.179517 0.297821 0.00197762
0 0.0606659 0.529061 0.0508596 0.0641225 0.00195786
0 0.0697643 0.651501 0.139529 0.280948 0.00192372
0 0.470711 0.52647 0.0288317 0.0564305 0.00189302
0 0.298553 0.916466 0.0521868 0.0592676 0.00189163
0 0.522496 0.504101 0.0922536 0.173074 0.00188027
0 0.323322 0.916422 0.164888 0.0881012 0.00184011
0 0.0354711 0.723394 0.0709423 0.156785 0.00181477
0 0.0341011 0.633012 0.0682023 0.214933 0.001799
0 0.504004 0.51369 0.0242874 0.0523071 0.00177266
0 0.493261 0.516944 0.0274462 0.0625871 0.00176354
0 0.0374767 0.50457 0.0690972 0.0968771 0.00175286
0 0.128264 0.103778 0.185232 0.194873 0.00173777
0 0.128091 0.0370911 0.140219 0.0631693 0.00171239
0 0.303014 0.442047 0.145132 0.229929 0.00170469
0 0.15854 0.0183732 0.0380087 0.0198578 0.001695
0 0.0676586 0.125595 0.135317 0.150062 0.00168957
0 0.516229 0.487489 0.0488074 0.0460004 0.00166325
0 0.0298092 0.551568 0.0596184 0.0895579 0.00165696
0 0.119748 0.0313225 0.127491 0.042301 0.00164721
0 0.280977 0.890683 0.0920872 0.10306 0.00164567
0 0.525208 0.438887 0.0557667 0.103757 0.001642
0 0.0666994 0.887123 0.133399 0.225753 0.00162892
0 0.670823 0.861744 0.0445874 0.0598919 0.00162565
0 0.0451925 0.908858 0.090385 0.182283 0.00161247
0 0.0771477 0.0768755 0.0424221 0.0667346 0.0015859
0 0.0596765 0.800363 0.119353 0.399275 0.00157914
0 0.124058 0.399678 0.0590642 0.0680267 0.0015415
0 0.477694 0.574714 0.0183927 0.0290944 0.00153813
0 0.447426 0.545045 0.188857 0.228775 0.00151493
0 0.92858 0.0105719 0.0108891 0.0140678 0.00149995
0 0.0382494 0.513144 0.0609118 0.0621571 0.00149683
0 0.0996831 0.382494 0.0344055 0.0573654 0.0014955
0 0.050351 0.0616536 0.0670542 0.101935 0.00148172
0 0.0465226 0.698121 0.0930453 0.285256 0.00145006
0 0.138791 0.315979 0.215712 0.228949 0.00143623
0 0.491794 0.495644 0.0189642 0.0268552 0.00141899
0 0.0476103 0.465674 0.0952206 0.204464 0.00140444
0 0.0937943 0.0312188 0.0831197 0.0538343 0.00139511
0 0.0812995 0.177106 0.162599 0.223755 0.00138625
0 0.0676348 0.0546816 0.0627531 0.106608 0.00137746
0 0.0343877 0.960793 0.0687755 0.0784133 0.00136229
0 0.604651 0.778875 0.0218833 0.0249249 0.00130472
0 0.542627 0.424526 0.227872 0.195862 0.00130273
0 0.150525 0.330793 0.0812549 0.0700963 0.0012834
0 0.0292993 0.669323 0.0585985 0.0795162 0.0012741
0 0.0512642 0.1011 0.0462389 0.104064 0.00126341
0 0.485278 0.575935 0.0171189 0.021661 0.00125068
0 0.286186 0.00384315 0.0181125 0.00768629 0.00124397
0 0.0396857 0.0305527 0.0748718 0.048288 0.00123353
0 0.106518 0.0238946 0.108784 0.0472028 0.00121796
0 0.48154 0.507251 0.0802031 0.143389 0.00121338
0 0.484167 0.514464 0.0187535 0.0174823 0.00115695
0 0.27576 0.935998 0.0695075 0.0641487 0.00115542
0 0.511244 0.532918 0.0727819 0.0831147 0.00113699
0 0.0451211 0.0129329 0.0717305 0.0207766 0.00112837
0 0.50354 0.469883 0.0358581 0.0549221 0.00112493
0 0.0113657 0.966991 0.0227314 0.0610346 0.00110605
0 0.48276 0.514351 0.0151045 0.0119356 0.00110028
0 0.930079 0.0109418 0.0158396 0.0211959 0.00109608
0 0.0925874 0.0747448 0.0738856 0.100144 0.00107985
0 0.968005 0.183963 0.050629 0.0789521 0.00107408
0 0.138551 0.351593 0.0710578 0.115999 0.00106357
0 0.485165 0.576115 0.0143016 0.0153936 0.00105735
0 0.21741 0.152371 0.084988 0.127391 0.0010463
0 0.608868 0.782379 0.0342731 0.0660484 0.00104131
0 0.100621 0.430681 0.0985612 0.154644 0.00103263
0 0.595782 0.778108 0.0245128 0.0264757 0.00103212
0 0.176288 0.388263 0.168461 0.185667 0.00101891
0 0.196436 0.155395 0.0397733 0.0709242 0.00101441
0 0.146641 0.42491 0.121135 0.17072 0.00101373
0 0.0213042 0.0207115 0.0383453 0.0334404 0.00100908
