0 0.211938 0.275509 0.309659 0.538312 0.668561
0 0.329893 0.250491 0.0777111 0.0446868 0.651603
0 0.900296 0.933811 0.0332737 0.030254 0.54733
0 0.878432 0.792363 0.0304457 0.0977196 0.525202
0 0.974264 0.521335 0.0197355 0.0361157 0.187905
0 0.201134 0.281608 0.157788 0.252284 0.108674
0 0.899091 0.936452 0.035811 0.0532864 0.0859176
0 0.857556 0.97915 0.0284683 0.0353718 0.0846919
0 0.240467 0.137455 0.208605 0.25576 0.0841058
0 0.316878 0.261535 0.143648 0.228576 0.0615278
0 0.871845 0.792501 0.0456306 0.111709 0.0613228
0 0.328436 0.254242 0.113135 0.117814 0.0525216
0 0.327036 0.0176153 0.0392262 0.0299793 0.0437877
0 0.3975 0.259807 0.0175958 0.0127367 0.0413617
0 0.883162 0.809694 0.0181826 0.0555922 0.0411028
0 0.883699 0.802836 0.0213139 0.080374 0.0335717
0 0.230165 0.2126 0.242198 0.4252 0.030799
0 0.327844 0.255304 0.149153 0.0682351 0.0300649
0 0.850763 0.980856 0.021229 0.0343775 0.0277414
0 0.875385 0.784513 0.0281042 0.070919 0.0269361
0 0.20746 0.360781 0.246169 0.371921 0.0266141
0 0.303197 0.257635 0.253155 0.459967 0.017579
0 0.975006 0.521751 0.0282272 0.0513457 0.01665
0 0.903639 0.942985 0.0321609 0.0440243 0.0163098
0 0.335909 0.252994 0.269146 0.315107 0.0127632
0 0.858521 0.977155 0.0375959 0.0456905 0.0125852
0 0.333835 0.239408 0.152017 0.145232 0.0101562
0 0.678669 0.972885 0.0956354 0.0491638 0.00853238
0 0.399476 0.262791 0.0218232 0.0160469 0.0081386
0 0.829797 0.351761 0.0132952 0.0239223 0.007515
0 0.993351 0.559809 0.00983295 0.0167144 0.00734282
0 0.339217 0.257759 0.080661 0.0483322 0.00712185
0 0.204658 0.507334 0.045956 0.0284978 0.00673802
0 0.860324 0.804847 0.0416449 0.103775 0.00650716
0 0.950286 0.957285 0.0713737 0.0831034 0.00630069
0 0.892258 0.933554 0.0241201 0.0316952 0.00622958
0 0.899949 0.942688 0.0538139 0.0529787 0.0061392
0 0.946331 0.994048 0.025901 0.0119032 0.00599383
0 0.864914 0.983927 0.0199986 0.0321457 0.00532892
0 0.323947 0.242039 0.0698789 0.0340504 0.00516125
0 0.208052 0.235337 0.234189 0.25443 0.00509711
0 0.866321 0.978179 0.0276148 0.0345421 0.0048187
0 0.863434 0.786947 0.074457 0.128167 0.0047445
0 0.851961 0.794764 0.0602732 0.101489 0.00454501
0 0.337022 0.282717 0.421375 0.565435 0.00443387
0 0.321788 0.0243614 0.0406846 0.0367694 0.00391871
0 0.87355 0.81295 0.0242037 0.0617073 0.00366397
0 0.300586 0.131407 0.160937 0.262814 0.00349342
0 0.878922 0.961562 0.0521717 0.0524984 0.00344059
0 0.84726 0.793894 0.168462 0.217506 0.00341061
0 0.893852 0.794847 0.0466375 0.0859546 0.0033945
0 0.99043 0.554945 0.0137848 0.0295046 0.00328953
0 0.828317 0.352378 0.0176949 0.0300563 0.00328449
0 0.201178 0.506933 0.0634191 0.0495637 0.00316077
0 0.887094 0.786354 0.0752048 0.135389 0.00310859
0 0.993638 0.559851 0.0127237 0.0213955 0.00294255
0 0.884055 0.811454 0.0530258 0.123427 0.00293232
0 0.264594 0.0945324 0.171122 0.189065 0.00280725
0 0.858583 0.814392 0.0295879 0.0625874 0.00278603
0 0.674151 0.954318 0.109211 0.0913638 0.00270765
0 0.966757 0.5194 0.0332039 0.0456721 0.00248501
0 0.893143 0.791435 0.181264 0.239128 0.00246906
0 0.982315 0.533883 0.019503 0.0364511 0.00243279
0 0.943411 0.948436 0.108108 0.099159 0.00239244
0 0.908064 0.93135 0.0365517 0.0272552 0.0023012
0 0.897029 0.949506 0.0355749 0.0523701 0.00230047
0 0.324703 0.0130395 0.0250937 0.0211989 0.00228193
0 0.173004 0.152272 0.290785 0.266699 0.00223217
0 0.92213 0.970963 0.0269192 0.0361761 0.00219203
0 0.212933 0.505101 0.0409695 0.0206783 0.00216973
0 0.346516 0.255138 0.0514713 0.0371075 0.00208517
0 0.39134 0.30065 0.720402 0.526884 0.00203467
0 0.975351 0.534114 0.0185495 0.0386881 0.00202593
0 0.330488 0.0226931 0.0489014 0.0453861 0.00201327
0 0.344122 0.253216 0.114482 0.0517894 0.00195534
0 0.828231 0.350851 0.0227877 0.0202347 0.00193413
0 0.883122 0.824351 0.0173531 0.0508911 0.00185171
0 0.87426 0.76361 0.0252056 0.0580968 0.00184354
0 0.196981 0.141291 0.145737 0.216926 0.00182485
0 0.391515 0.258081 0.025068 0.0157476 0.00181926
0 0.23505 0.24402 0.151978 0.325618 0.00172368
0 0.884432 0.786197 0.0362009 0.0695543 0.00170284
0 0.336575 0.0113827 0.0332675 0.0227654 0.00169913
0 0.849504 0.975453 0.0324457 0.0430294 0.00156022
0 0.84831 0.98517 0.0162134 0.0240257 0.00155771
0 0.397227 0.26205 0.0269549 0.0236464 0.00150038
0 0.313204 0.246334 0.0486064 0.0369052 0.00148602
0 0.205897 0.408987 0.23662 0.221162 0.0014833
0 0.0979697 0.361056 0.0276244 0.0559823 0.00143572
0 0.865223 0.820938 0.0271214 0.0716776 0.00141139
0 0.148192 0.268474 0.196636 0.449654 0.00138893
0 0.208519 0.369759 0.163623 0.270078 0.00137822
0 0.890344 0.819698 0.0754562 0.16199 0.00137429
0 0.859398 0.805041 0.0385958 0.0651125 0.00136516
0 0.127468 0.270844 0.0447475 0.0680477 0.00132254
0 0.689241 0.969305 0.125277 0.0613894 0.00131984
0 0.901594 0.948622 0.0861656 0.100406 0.00131893
0 0.881329 0.816547 0.0248779 0.076243 0.00131864
0 0.94488 0.51336 0.0832195 0.0715108 0.00130766
0 0.868413 0.935037 0.0752253 0.0433229 0.00129798
0 0.334932 0.152588 0.420316 0.305175 0.00124833
0 0.365188 0.253241 0.270117 0.0953465 0.00122715
0 0.223061 0.361316 0.256315 0.242917 0.00117186
0 0.961366 0.525281 0.0661777 0.0686415 0.00114643
0 0.810752 0.0226445 0.0179882 0.0306391 0.00114041
0 0.13982 0.265242 0.279641 0.530483 0.00112883
0 0.914165 0.966692 0.0219379 0.0350203 0.00110333
0 0.656011 0.915799 0.300546 0.168403 0.00108979
0 0.119058 0.280607 0.0351007 0.0781502 0.00106353
0 0.868491 0.978006 0.0418329 0.0439886 0.0010299
