0 0.678131 0.588805 0.019408 0.0437863 0.749087
0 0.358521 0.182414 0.051646 0.217272 0.682969
0 0.563508 0.736089 0.0772886 0.11303 0.622528
0 0.425056 0.879297 0.106159 0.0991545 0.541362
0 0.354516 0.214702 0.0370712 0.149278 0.434594
0 0.354534 0.221602 0.0253397 0.130433 0.381837
0 0.373947 0.113467 0.0312463 0.0693578 0.28572
0 0.283584 0.790065 0.0267989 0.0297337 0.179902
0 0.406811 0.797731 0.0299675 0.0332035 0.170818
0 0.105315 0.82661 0.0907471 0.0784286 0.164058
0 0.371501 0.126913 0.0413875 0.108226 0.1164
0 0.0392552 0.932798 0.0493303 0.0286966 0.112721
0 0.398089 0.805234 0.0451228 0.0485485 0.081523
0 0.29119 0.35812 0.0169789 0.0171965 0.0795338
0 0.351101 0.170343 0.150531 0.273372 0.0675565
0 0.682724 0.591577 0.0180117 0.0390065 0.0611974
0 0.351849 0.228516 0.0245628 0.0731076 0.0555289
0 0.408439 0.887353 0.177403 0.145194 0.0466784
0 0.349258 0.238872 0.0211781 0.108336 0.041779
0 0.430718 0.863702 0.158782 0.155075 0.0404843
0 0.553028 0.740569 0.165154 0.173365 0.0396204
0 0.277078 0.786914 0.0466365 0.0352135 0.0388761
0 0.3788 0.100766 0.0268508 0.0548498 0.0357699
0 0.3448 0.188837 0.0574162 0.21432 0.0313019
0 0.6564 0.674168 0.00997896 0.0131287 0.03008
0 0.108916 0.844065 0.107124 0.120802 0.0298258
0 0.348222 0.25644 0.0183163 0.0588757 0.0296864
0 0.364399 0.144317 0.0382202 0.124502 0.0260985
0 0.404594 0.806244 0.063774 0.0596613 0.0250219
0 0.345056 0.264939 0.0158304 0.0472101 0.0244193
0 0.406171 0.840085 0.0597796 0.12075 0.0241233
0 0.674248 0.592773 0.0227123 0.0404792 0.0240419
0 0.565474 0.732124 0.0575891 0.0691053 0.0234679
0 0.576458 0.725747 0.0514194 0.0891161 0.0214974
0 0.39954 0.885045 0.0912545 0.0855724 0.02069
0 0.411153 0.800399 0.0425111 0.039411 0.0191046
0 0.137133 0.933086 0.011556 0.0141022 0.0174086
0 0.394035 0.828855 0.0442556 0.0911819 0.0170568
0 0.359873 0.231793 0.0316936 0.127616 0.0143844
0 0.0416571 0.321437 0.0789911 0.113686 0.014324
0 0.0358652 0.927635 0.0493825 0.0229692 0.0142005
0 0.430183 0.852672 0.103847 0.109967 0.0136902
0 0.404741 0.81395 0.0425639 0.065209 0.013015
0 0.449831 0.868784 0.0847421 0.0783632 0.0129243
0 0.392438 0.815331 0.0337861 0.0661812 0.0128468
0 0.406843 0.901186 0.0653323 0.0540144 0.0126923
0 0.678328 0.598562 0.0159328 0.0466565 0.0121635
0 0.657713 0.676587 0.0112626 0.0134314 0.0116502
0 0.386235 0.804771 0.031231 0.0441732 0.0114892
0 0.683439 0.585762 0.0242483 0.0421724 0.0114635
0 0.259922 0.785148 0.0894414 0.0418637 0.0113141
0 0.121103 0.861637 0.0311434 0.0283588 0.0110696
0 0.128193 0.851894 0.0266969 0.0288958 0.0107014
0 0.674239 0.583124 0.0193233 0.039037 0.0106923
0 0.0415233 0.772604 0.0277739 0.0385242 0.010627
0 0.588242 0.704877 0.0223037 0.0398438 0.00970745
0 0.367374 0.152913 0.0491915 0.16859 0.00945878
0 0.373363 0.86708 0.184732 0.180615 0.00936136
0 0.353761 0.185419 0.0481022 0.137126 0.00929353
0 0.398521 0.86664 0.113495 0.139552 0.00899203
0 0.583813 0.71076 0.0296947 0.0514617 0.00893937
0 0.363557 0.126273 0.0721441 0.15986 0.00869677
0 0.366695 0.210849 0.0358714 0.16163 0.00834366
0 0.120911 0.836284 0.0663873 0.0673759 0.00812744
0 0.0397539 0.934423 0.0574719 0.0579437 0.0079492
0 0.193206 0.735779 0.20951 0.132883 0.00785347
0 0.131505 0.845008 0.0303303 0.0407906 0.00782643
0 0.404273 0.792379 0.0212227 0.027561 0.00758009
0 0.119716 0.862552 0.045354 0.0410084 0.0074746
0 0.100234 0.845286 0.193084 0.197698 0.00726393
0 0.290166 0.791986 0.0246655 0.0252199 0.00704551
0 0.397822 0.905047 0.0480459 0.0380426 0.00695235
0 0.0953191 0.840635 0.0918868 0.0742409 0.00694512
0 0.10533 0.823596 0.0590128 0.0631249 0.0065277
0 0.416088 0.899109 0.092331 0.0737436 0.00642288
0 0.341005 0.168926 0.0850587 0.238386 0.00630979
0 0.337305 0.218907 0.0433747 0.119831 0.00607254
0 0.394222 0.911455 0.0386658 0.0303659 0.00601636
0 0.540823 0.738121 0.107757 0.118861 0.00601574
0 0.091137 0.91546 0.0231548 0.0217916 0.00579516
0 0.28931 0.359295 0.024657 0.0217643 0.00566008
0 0.138864 0.886081 0.0870898 0.102226 0.00545762
0 0.388231 0.827952 0.0295675 0.0678448 0.00545021
0 0.359235 0.217704 0.0393815 0.0718795 0.00508499
0 0.405956 0.818953 0.0936065 0.131568 0.00503792
0 0.586266 0.731257 0.0855922 0.0975331 0.00497435
0 0.38612 0.798065 0.023799 0.0416 0.00490499
0 0.282016 0.784694 0.0318671 0.0297354 0.00487037
0 0.355012 0.724536 0.0133627 0.016663 0.00486561
0 0.353736 0.20796 0.0388602 0.0719379 0.0047277
0 0.119108 0.858393 0.0233643 0.0230803 0.00458656
0 0.6539 0.676436 0.0145417 0.0132381 0.0045572
0 0.184489 0.0148215 0.0214151 0.025035 0.00432779
0 0.0841462 0.832245 0.0793245 0.0490496 0.00430254
0 0.378387 0.806195 0.0195073 0.0384737 0.00399476
0 0.20222 0.757452 0.178602 0.0909686 0.00398478
0 0.222548 0.77299 0.153106 0.0524978 0.00385927
0 0.464964 0.852643 0.0374558 0.0372906 0.00371033
0 0.455063 0.858662 0.0529863 0.0459131 0.00371025
0 0.114143 0.858117 0.060723 0.0970892 0.00369885
0 0.120011 0.877112 0.114767 0.127527 0.00368715
0 0.039886 0.939426 0.0419722 0.029178 0.00366135
0 0.139325 0.0958413 0.0999263 0.0279368 0.00355431
0 0.127909 0.862054 0.0844196 0.122457 0.00346357
0 0.156872 0.100968 0.0539788 0.0227793 0.00341882
0 0.591292 0.698281 0.018744 0.0235409 0.00339324
0 0.291265 0.35477 0.0211484 0.0223399 0.0033839
0 0.343284 0.273735 0.0170252 0.0398035 0.00335197
0 0.41845 0.875096 0.059586 0.0710886 0.00327725
0 0.67839 0.578692 0.0215484 0.0352969 0.00319271
0 0.986381 0.502522 0.0144638 0.0177989 0.00315232
0 0.588617 0.715121 0.204669 0.196981 0.00311231
0 0.143772 0.743562 0.0641868 0.0363257 0.0030852
0 0.36748 0.232501 0.0312885 0.109143 0.00306706
0 0.42898 0.867716 0.056795 0.0711809 0.00305706
0 0.340267 0.256854 0.0223898 0.0497932 0.00297992
0 0.983957 0.502827 0.0151928 0.0280963 0.00292189
0 0.332085 0.189491 0.047935 0.169272 0.00291725
0 0.138253 0.852051 0.0196086 0.0276207 0.0028762
0 0.401649 0.7573 0.0185393 0.0217998 0.0028715
0 0.991032 0.503021 0.0116734 0.0211128 0.00287094
0 0.349609 0.227337 0.172759 0.269296 0.00283658
0 0.98728 0.689033 0.0111347 0.0424 0.00280544
0 0.238919 0.778916 0.101157 0.0392619 0.0027786
0 0.149847 0.8967 0.0647971 0.0857084 0.00276424
0 0.37039 0.906748 0.219571 0.135534 0.00274553
0 0.258962 0.782114 0.0569601 0.0408922 0.00274093
0 0.398431 0.881698 0.0535051 0.0843664 0.00270938
0 0.398266 0.756536 0.0272835 0.0264872 0.00269488
0 0.676063 0.639052 0.0146067 0.0192386 0.00267753
0 0.989009 0.499721 0.0139248 0.02144 0.00267022
0 0.990834 0.499491 0.00936623 0.0185312 0.00264066
0 0.418641 0.814179 0.0664729 0.0722168 0.0026298
0 0.380323 0.0897571 0.0224982 0.0353409 0.00256372
0 0.12439 0.835934 0.0371474 0.0541317 0.00253194
0 0.0654824 0.631003 0.0242065 0.0307366 0.00250965
0 0.0927012 0.81644 0.107824 0.113914 0.00250447
0 0.987549 0.680134 0.00917797 0.0360759 0.00249871
0 0.133392 0.741005 0.0424171 0.0321349 0.00244816
0 0.171026 0.707475 0.273519 0.192577 0.00243807
0 0.811128 0.25562 0.0309458 0.0185429 0.0023998
0 0.99105 0.691548 0.0178997 0.059547 0.0023691
0 0.828486 0.568538 0.0180952 0.0358654 0.00224339
0 0.376926 0.215126 0.0250815 0.0745955 0.0022314
0 0.179884 0.667372 0.0791552 0.0758503 0.0022309
0 0.360411 0.938541 0.229609 0.122443 0.00221974
0 0.579623 0.171788 0.0178555 0.0227885 0.00220832
0 0.0287102 0.930395 0.0331458 0.0212406 0.00218061
0 0.340408 0.268643 0.0152866 0.0406181 0.00216384
0 0.881536 0.643336 0.0127239 0.0166312 0.00213222
0 0.197161 0.742498 0.248292 0.190452 0.00210878
0 0.674636 0.576899 0.0163086 0.0304659 0.00208311
0 0.139148 0.935224 0.0141108 0.0141901 0.00203912
0 0.817127 0.259188 0.0277616 0.0146499 0.00203277
0 0.991095 0.688687 0.0083147 0.0406587 0.00202001
0 0.0321707 0.018328 0.0643414 0.0330335 0.00200818
0 0.187172 0.685458 0.156023 0.160676 0.00200417
0 0.29631 0.359681 0.0243338 0.0176982 0.0020041
0 0.398088 0.807517 0.223785 0.319905 0.00199646
0 0.347686 0.126689 0.179982 0.253379 0.0019936
0 0.387438 0.826163 0.0250378 0.0480143 0.00199122
0 0.366528 0.229623 0.0689422 0.202849 0.00198137
0 0.367752 0.135691 0.0426459 0.0726415 0.00197252
0 0.284225 0.793187 0.0396984 0.049182 0.00197109
0 0.0594418 0.827696 0.0268836 0.0261694 0.00194021
0 0.675218 0.59194 0.0465465 0.0546746 0.00191711
0 0.136808 0.935817 0.0161914 0.0181379 0.00188648
0 0.992264 0.680512 0.0073473 0.0350605 0.00188609
0 0.598175 0.736485 0.134847 0.11482 0.00187301
0 0.988053 0.501967 0.0207577 0.0246179 0.00184591
0 0.681686 0.610075 0.0178214 0.0414596 0.00183003
0 0.398172 0.790245 0.0264395 0.0372084 0.00182883
0 0.386028 0.845343 0.0353595 0.0991392 0.00182296
0 0.838232 0.101522 0.00966015 0.0152258 0.00180548
0 0.352975 0.727405 0.0167469 0.0178127 0.00180396
0 0.165458 0.704969 0.330916 0.261411 0.00178947
0 0.393964 0.855644 0.0433303 0.12501 0.00178505
0 0.337836 0.242889 0.0340708 0.0708205 0.00178435
0 0.283998 0.795163 0.0212157 0.0265902 0.00177329
0 0.12209 0.810471 0.235204 0.225608 0.00172652
0 0.819218 0.254037 0.0370255 0.0141158 0.00172176
0 0.692836 0.591689 0.0331506 0.0396997 0.00168201
0 0.578667 0.163322 0.017415 0.0175727 0.00166428
0 0.578369 0.16023 0.00338402 0.0130259 0.00165844
0 0.38286 0.811295 0.035493 0.0616493 0.00164382
0 0.370327 0.753148 0.0209224 0.0286093 0.00164164
0 0.161299 0.743163 0.18363 0.0791738 0.00163739
0 0.371044 0.889603 0.141683 0.124029 0.00161728
0 0.82783 0.590672 0.0180069 0.0357464 0.00160245
0 0.38942 0.136277 0.197753 0.272554 0.00157469
0 0.13596 0.848431 0.0271138 0.0301077 0.00157231
0 0.359066 0.32945 0.0203119 0.0225844 0.00156318
0 0.0731695 0.307124 0.146339 0.196302 0.00155232
0 0.67405 0.632288 0.0202699 0.0365238 0.00153194
0 0.329731 0.239609 0.0321975 0.0747397 0.0015277
0 0.673519 0.581608 0.0290727 0.0541353 0.00152448
0 0.127387 0.863005 0.0557321 0.0581345 0.00152275
0 0.0716994 0.833075 0.0526632 0.0393229 0.00152198
0 0.352958 0.724087 0.0232213 0.0231556 0.00151965
0 0.378481 0.840754 0.0578743 0.103043 0.00151104
0 0.397796 0.79056 0.0609932 0.0631405 0.00149496
0 0.741057 0.0250398 0.0142274 0.024931 0.00148063
0 0.991967 0.991964 0.0116873 0.0122368 0.00142944
0 0.0487717 0.936861 0.0450066 0.0253777 0.00141617
0 0.823154 0.263446 0.0221561 0.0156408 0.00139323
0 0.382995 0.758874 0.0430344 0.0348365 0.00138195
0 0.991878 0.984399 0.00790234 0.0226948 0.00137635
0 0.296857 0.967388 0.0782848 0.0542797 0.0013642
0 0.812648 0.26009 0.0410486 0.0188501 0.00134475
0 0.155928 0.75405 0.0677874 0.0378465 0.00134075
0 0.994249 0.689233 0.0115017 0.0555851 0.00131931
0 0.68499 0.601318 0.0192106 0.0503592 0.00131568
0 0.236643 0.763261 0.180323 0.116579 0.00130101
0 0.9922 0.502685 0.0155998 0.0259087 0.00128025
0 0.677763 0.63406 0.0185231 0.0291425 0.00127515
0 0.653617 0.673637 0.0125181 0.0131073 0.00126703
0 0.990784 0.944505 0.0184312 0.0672346 0.00126323
0 0.576445 0.167759 0.00806885 0.0209165 0.00126235
0 0.879085 0.644265 0.0160727 0.0231722 0.00123052
0 0.349136 0.194984 0.0377408 0.0636534 0.00122883
0 0.808406 0.264948 0.0435825 0.0245684 0.00122855
0 0.881465 0.637013 0.00950928 0.0176728 0.00122715
0 0.0624578 0.00945097 0.0552195 0.0169772 0.0012103
0 0.144885 0.748323 0.0899873 0.0505653 0.00119344
0 0.82843 0.581138 0.0118607 0.0265792 0.00118996
0 0.65883 0.677442 0.016771 0.017724 0.00116696
0 0.38652 0.917745 0.194669 0.0851316 0.00114427
0 0.666848 0.591533 0.0410575 0.0454947 0.00113367
0 0.674537 0.613491 0.0214178 0.0489135 0.00112905
0 0.0496723 0.277355 0.0993445 0.158844 0.00111828
0 0.553167 0.752501 0.0763991 0.0993171 0.00111445
0 0.980427 0.959092 0.0391451 0.081817 0.00111289
0 0.56037 0.748113 0.0573273 0.0707103 0.00110902
0 0.384226 0.114173 0.0513957 0.0786975 0.00110796
0 0.0975728 0.812195 0.0801409 0.0618513 0.00110784
0 0.192247 0.59664 0.38356 0.517295 0.00109524
0 0.379862 0.840849 0.0743414 0.141677 0.00108307
0 0.828616 0.555873 0.0135761 0.0243167 0.00108282
0 0.206776 0.695879 0.175646 0.223488 0.00108152
0 0.839045 0.106018 0.00934277 0.0130896 0.00107725
0 0.227972 0.740745 0.110572 0.112465 0.00107253
0 0.040653 0.775063 0.036175 0.0556408 0.00106889
0 0.387834 0.905725 0.0587098 0.0447716 0.00105935
0 0.417268 0.802129 0.0487598 0.0582382 0.00105708
0 0.818987 0.26497 0.0292435 0.0222997 0.00105689
0 0.828126 0.593492 0.011084 0.0254294 0.00105013
0 0.569127 0.706111 0.0639207 0.0756633 0.00104828
0 0.850748 0.710028 0.00540428 0.0361007 0.00103936
0 0.582097 0.159355 0.00830631 0.027965 0.00103777
0 0.384307 0.0958076 0.02081 0.0442733 0.00103327
0 0.377138 0.753689 0.0368049 0.02962 0.00103285
0 0.828478 0.568538 0.0128971 0.0280838 0.00102896
0 0.462319 0.866192 0.111008 0.11747 0.00102778
0 0.284463 0.355415 0.0315872 0.0225449 0.00102673
0 0.400943 0.190755 0.107426 0.205462 0.00102485
0 0.68041 0.0107677 0.0180445 0.0134524 0.00102262
0 0.329594 0.257071 0.026836 0.0437002 0.00101407
0 0.361477 0.338409 0.0220664 0.0290651 0.00100272
0 0.351865 0.17875 0.0525014 0.0715575 0.00100043
