0 0.414988 0.248733 0.311174 0.242567 0.666305
0 0.546856 0.490151 0.0944082 0.211903 0.430924
0 0.570566 0.422381 0.0514872 0.0858598 0.285657
0 0.640197 0.625605 0.300055 0.496644 0.24634
0 0.420893 0.310976 0.307906 0.409573 0.225741
0 0.635574 0.713082 0.23371 0.352311 0.190362
0 0.695672 0.861741 0.0925456 0.0323946 0.146069
0 0.546825 0.52696 0.0879645 0.134475 0.104983
0 0.55209 0.491824 0.176956 0.287162 0.0823212
0 0.564699 0.42473 0.0734017 0.15208 0.0573074
0 0.411026 0.238461 0.167935 0.193564 0.0374926
0 0.302692 0.333339 0.0182054 0.0158422 0.0318957
0 0.29732 0.33329 0.030219 0.0186024 0.0296682
0 0.532214 0.450441 0.131946 0.50488 0.0275543
0 0.356751 0.351319 0.0168638 0.0101967 0.0263923
0 0.534771 0.443146 0.112814 0.341045 0.0223946
0 0.401276 0.203162 0.301925 0.183059 0.0220525
0 0.610632 0.641793 0.208484 0.626983 0.016003
0 0.566574 0.494088 0.194848 0.413211 0.012737
0 0.692509 0.865073 0.0587061 0.0309977 0.0119285
0 0.44891 0.441935 0.417918 0.764288 0.0117881
0 0.139928 0.661009 0.0131782 0.00690079 0.0115383
0 0.696563 0.5615 0.462321 0.602488 0.0114603
0 0.540208 0.542144 0.113006 0.382433 0.00958504
0 0.547343 0.413958 0.171165 0.32446 0.00937259
0 0.697764 0.854421 0.0983398 0.0542147 0.0084314
0 0.60101 0.554981 0.329161 0.712563 0.00737763
0 0.507149 0.401921 0.203507 0.509605 0.00726152
0 0.280758 0.331127 0.0408258 0.0206948 0.0067265
0 0.691634 0.866382 0.0836421 0.0512285 0.00662716
0 0.142393 0.661844 0.0164245 0.0120744 0.00651535
0 0.700064 0.872808 0.103112 0.0871826 0.00650634
0 0.681235 0.862417 0.0577159 0.0294407 0.00625513
0 0.143247 0.664226 0.0153253 0.00728531 0.00624568
0 0.288175 0.331346 0.0513814 0.0263136 0.00614242
0 0.567772 0.399988 0.045257 0.0618783 0.00605781
0 0.575551 0.435652 0.0492144 0.060342 0.00594465
0 0.543496 0.441898 0.0983768 0.190157 0.0055777
0 0.426178 0.325723 0.261004 0.261058 0.00537384
0 0.28337 0.144655 0.0469875 0.0411421 0.00531627
0 0.293494 0.33626 0.0393824 0.0224781 0.00524956
0 0.541241 0.481485 0.106744 0.135941 0.00520919
0 0.558441 0.588465 0.119475 0.468868 0.0045571
0 0.353765 0.352623 0.0161127 0.00955973 0.00443305
0 0.561442 0.599452 0.236035 0.534667 0.00428644
0 0.619674 0.653229 0.176544 0.255634 0.00426992
0 0.622841 0.721351 0.158517 0.284411 0.00399489
0 0.549404 0.334172 0.0438469 0.0699139 0.00384423
0 0.304639 0.327265 0.0175892 0.022982 0.00380131
0 0.143888 0.6635 0.00953777 0.00828066 0.00343507
0 0.145732 0.663417 0.0143591 0.0131939 0.0032526
0 0.552853 0.420683 0.0750235 0.120457 0.00309399
0 0.944967 0.962959 0.0750946 0.0597713 0.00308032
0 0.275182 0.329706 0.0272339 0.018344 0.00297199
0 0.535955 0.606636 0.0294383 0.0201645 0.00262501
0 0.515193 0.601625 0.402924 0.57464 0.00257311
0 0.700581 0.862266 0.0592461 0.0412401 0.00228458
0 0.296856 0.146037 0.0647655 0.0489876 0.00228189
0 0.686803 0.857701 0.122534 0.118923 0.00220173
0 0.282091 0.137365 0.0412776 0.0314217 0.00219249
0 0.692933 0.848858 0.248822 0.302283 0.00215511
0 0.707601 0.853021 0.125369 0.090066 0.00209323
0 0.141961 0.663593 0.00743599 0.00938149 0.00207942
0 0.55568 0.561133 0.0881555 0.233334 0.00204879
0 0.595177 0.0190231 0.60078 0.0380463 0.00204586
0 0.292493 0.326397 0.0431493 0.0262794 0.00203911
0 0.456542 0.548129 0.673713 0.712148 0.0019918
0 0.362233 0.191464 0.251121 0.13374 0.00194038
0 0.531143 0.533482 0.0998562 0.210698 0.00183519
0 0.690473 0.839964 0.115829 0.0625324 0.00182452
0 0.431996 0.276614 0.158193 0.282008 0.00168966
0 0.0372191 0.962862 0.0603954 0.0593611 0.0016857
0 0.597559 0.0413787 0.68299 0.0827573 0.00165684
0 0.353463 0.349055 0.0168696 0.0159531 0.00161128
0 0.603303 0.603417 0.151572 0.243171 0.00155608
0 0.462365 0.487128 0.372995 0.454171 0.00153633
0 0.276225 0.142723 0.0303986 0.039018 0.00149175
0 0.54388 0.601223 0.0446721 0.0253675 0.00149041
0 0.744928 0.685448 0.508246 0.389043 0.00146627
0 0.300618 0.328233 0.0299463 0.0244762 0.00140645
0 0.482833 0.359194 0.298942 0.558714 0.00138875
0 0.359721 0.349405 0.0232904 0.0125377 0.00135199
0 0.525095 0.567232 0.0309111 0.047137 0.00134979
0 0.511149 0.694611 0.537422 0.551381 0.00134556
0 0.683414 0.870721 0.0698564 0.0340038 0.00127716
0 0.357658 0.396022 0.479238 0.60983 0.00127128
0 0.359919 0.353063 0.0226332 0.0138667 0.00120907
0 0.517763 0.406118 0.109426 0.274523 0.00119594
0 0.359066 0.352904 0.0293738 0.0190202 0.00117392
0 0.578489 0.44751 0.0397724 0.05015 0.00116082
0 0.533698 0.555781 0.0474698 0.0745678 0.00112992
0 0.472743 0.258129 0.433362 0.300067 0.00111805
0 0.194815 0.0842723 0.0170196 0.0111255 0.0010871
0 0.644596 0.805413 0.219564 0.304821 0.00105207
0 0.569847 0.403095 0.0396346 0.0400725 0.00104435
0 0.418791 0.332268 0.162935 0.316495 0.00103455
0 0.292349 0.33008 0.1632 0.0748342 0.00101998
0 0.528038 0.537841 0.0702667 0.116089 0.00100796
