0 0.414735 0.444296 0.448367 0.255893 0.584195
0 0.800816 0.677162 0.0561062 0.0436388 0.509118
0 0.396254 0.540633 0.509386 0.533969 0.167255
0 0.350873 0.635598 0.683993 0.570765 0.0763562
0 0.803706 0.68835 0.0699372 0.0935823 0.0525775
0 0.556476 0.313262 0.854839 0.527131 0.0235821
0 0.809415 0.671021 0.0655804 0.0402961 0.0159066
0 0.802971 0.693428 0.055986 0.0681933 0.0149944
0 0.492611 0.635013 0.726762 0.646561 0.0137812
0 0.340703 0.419211 0.344876 0.237242 0.0100191
0 0.808605 0.667351 0.0753094 0.0952715 0.00959327
0 0.791533 0.653238 0.178946 0.261473 0.00792787
0 0.281254 0.550897 0.562509 0.523065 0.00540653
0 0.491934 0.631712 0.548175 0.471315 0.00500261
0 0.485626 0.424952 0.646767 0.339701 0.00455627
0 0.822867 0.694832 0.20446 0.253925 0.00410629
0 0.803201 0.66508 0.0523668 0.0357272 0.00408831
0 0.475423 0.481794 0.504113 0.37018 0.00298362
0 0.413991 0.435174 0.346118 0.378464 0.00265004
0 0.39866 0.378959 0.547913 0.383859 0.00247425
0 0.819393 0.680391 0.086721 0.0557881 0.00235251
0 0.789383 0.670106 0.102581 0.137817 0.00225543
0 0.324862 0.441806 0.520839 0.298349 0.00206068
0 0.666049 0.32238 0.667901 0.644761 0.00197899
0 0.364499 0.39001 0.307673 0.158088 0.00197541
0 0.80451 0.713979 0.0775017 0.119299 0.00188919
0 0.501754 0.464979 0.313352 0.289164 0.0017406
0 0.806615 0.784839 0.163661 0.33404 0.00159128
0 0.768415 0.702289 0.21149 0.228907 0.00150519
0 0.537324 0.496616 0.763691 0.47027 0.00147861
0 0.549417 0.257999 0.624664 0.439258 0.00144461
0 0.781323 0.680844 0.0978842 0.0535919 0.0013778
0 0.150324 0.59847 0.300648 0.681725 0.00126594
0 0.810801 0.687015 0.0518789 0.0529487 0.00117983
