0 0.501813 0.500811 0.0411146 0.0261868 0.752444
0 0.508395 0.502398 0.0314573 0.0222477 0.091958
0 0.501544 0.5042 0.0422847 0.0535423 0.0911661
0 0.50356 0.507291 0.0314859 0.0272499 0.0585095
0 0.509104 0.49726 0.0391924 0.0238825 0.0156755
0 0.500881 0.505607 0.052842 0.0367441 0.0153527
0 0.490431 0.496322 0.0376937 0.0242522 0.0108997
0 0.498283 0.0183317 0.00818739 0.013479 0.0088634
0 0.504063 0.492166 0.0354053 0.0305912 0.00825213
0 0.496685 0.491818 0.0404506 0.0251234 0.00787931
0 0.414092 0.32426 0.076803 0.0672173 0.00746323
0 0.0511857 0.226875 0.01324 0.0114764 0.00658179
0 0.0537757 0.227611 0.0140796 0.00783925 0.00651987
0 0.500315 0.0188278 0.0114238 0.0104668 0.00550055
0 0.0535762 0.227829 0.0111175 0.0134326 0.00506427
0 0.490733 0.501561 0.0287898 0.0321939 0.00438558
0 0.497389 0.494938 0.0532584 0.0333006 0.00417422
0 0.499547 0.0183325 0.0150387 0.0157094 0.0038232
0 0.512838 0.508614 0.0487692 0.0389319 0.00363023
0 0.0390194 0.964231 0.0572525 0.054442 0.00340148
0 0.684368 0.443829 0.0750192 0.0842578 0.00288516
0 0.967796 0.0158488 0.0196085 0.00910687 0.00280118
0 0.500657 0.506448 0.0827597 0.0947283 0.00258625
0 0.969578 0.0143954 0.0278891 0.0114408 0.002486
0 0.686542 0.49182 0.076837 0.12267 0.00236329
0 0.944937 0.328202 0.110125 0.217192 0.00194294
0 0.966203 0.0167078 0.0186764 0.0137072 0.00178323
0 0.0322488 0.939929 0.0613647 0.113838 0.00166209
0 0.413521 0.328802 0.0932213 0.105451 0.00165495
0 0.957204 0.961461 0.0702557 0.0534014 0.00146062
0 0.0542272 0.227624 0.0173247 0.0152483 0.00141277
0 0.194574 0.307918 0.0793735 0.0613815 0.00134406
0 0.501373 0.0150929 0.00898838 0.0138157 0.00132903
0 0.504342 0.519724 0.0487162 0.0524934 0.00132721
0 0.922663 0.334976 0.154674 0.252425 0.00119985
0 0.691636 0.457406 0.104918 0.137146 0.00118338
0 0.519011 0.496331 0.0525739 0.0342698 0.00115959
0 0.969082 0.41167 0.00587635 0.00925722 0.00114676
0 0.711803 0.219501 0.0113913 0.0165101 0.00107762
0 0.968441 0.41204 0.0103598 0.0117066 0.00104789
0 0.486565 0.489804 0.0293925 0.022532 0.00101968
0 0.030924 0.899793 0.0589255 0.170899 0.0010062
