0 0.4161 0.198077 0.8322 0.10462 0.130476
0 0.277792 0.204876 0.555584 0.104696 0.100638
0 0.465308 0.258643 0.930616 0.244703 0.0823836
0 0.467696 0.174316 0.935393 0.204237 0.0712412
0 0.919327 0.855969 0.0966352 0.223314 0.0648528
0 0.301262 0.20648 0.602524 0.166376 0.0574922
0 0.433541 0.183788 0.671701 0.098976 0.0459219
0 0.384082 0.177955 0.692146 0.145995 0.0457536
0 0.167625 0.221617 0.33525 0.0786865 0.0335444
0 0.218702 0.20858 0.437404 0.0776287 0.0323656
0 0.382296 0.239802 0.686519 0.195764 0.0285346
0 0.415272 0.132833 0.830543 0.265666 0.0170444
0 0.440004 0.301549 0.880007 0.375336 0.0152962
0 0.919572 0.927085 0.0297808 0.0621464 0.0133284
0 0.228153 0.297329 0.456306 0.287378 0.0131051
0 0.543222 0.172824 0.622854 0.0801173 0.0125758
0 0.539654 0.1673 0.856915 0.124938 0.0103538
0 0.908497 0.855714 0.165707 0.246128 0.00951747
0 0.192906 0.211385 0.385813 0.110478 0.00850299
0 0.5 0.336545 1 0.514268 0.00832147
0 0.255355 0.246617 0.51071 0.186334 0.00815722
0 0.506941 0.195976 0.986119 0.143405 0.00747089
0 0.149354 0.219338 0.298707 0.0487269 0.00663476
0 0.472887 0.0966512 0.945773 0.193302 0.00539321
0 0.935018 0.82018 0.0982622 0.162864 0.00398693
0 0.252656 0.158701 0.505312 0.256849 0.00355885
0 0.919206 0.917902 0.0387524 0.0689131 0.00306991
0 0.170106 0.204111 0.340212 0.0571718 0.00298663
0 0.676371 0.154336 0.592172 0.0580509 0.0029346
0 0.586207 0.157687 0.322512 0.0318738 0.00264826
0 0.135636 0.221142 0.166852 0.0532711 0.00244016
0 0.956731 0.0904959 0.0718088 0.133719 0.00235635
0 0.112937 0.22517 0.225874 0.0408336 0.00220741
0 0.215336 0.1729 0.430671 0.163349 0.00194219
0 0.873972 0.857032 0.178448 0.28089 0.00189044
0 0.380988 0.079207 0.658228 0.158414 0.0016177
0 0.925885 0.823335 0.148229 0.241946 0.00150126
0 0.621758 0.151653 0.756483 0.161404 0.00147351
0 0.64776 0.148456 0.70448 0.105568 0.00136091
0 0.658881 0.153585 0.327421 0.0311881 0.00133841
0 0.898663 0.879446 0.104998 0.23457 0.00132718
0 0.93837 0.510737 0.111598 0.433351 0.00128263
0 0.305333 0.323386 0.610667 0.484523 0.00126467
0 0.535446 0.117191 0.929108 0.222347 0.00118416
0 0.0544476 0.231595 0.0961498 0.0198567 0.00115072
0 0.454148 0.0624365 0.908296 0.124873 0.0011425
0 0.944014 0.860574 0.111972 0.213972 0.00106733
0 0.924319 0.201292 0.142568 0.371424 0.00101555
