0 0.545529 0.497067 0.122281 0.070789 0.87264
0 0.539506 0.498345 0.165504 0.154608 0.051637
0 0.538613 0.49009 0.0608035 0.0661085 0.00885026
0 0.544552 0.777587 0.0111775 0.0140848 0.00727922
0 0.126646 0.761063 0.00805039 0.0124972 0.00644622
0 0.125584 0.763868 0.0106308 0.0121183 0.00635722
0 0.124897 0.76545 0.0114806 0.019355 0.00464605
0 0.541246 0.5089 0.0924052 0.0711205 0.00409246
0 0.572399 0.506131 0.119124 0.0666334 0.00385012
0 0.127873 0.680603 0.00840302 0.0140652 0.00351485
0 0.127136 0.763222 0.0155782 0.0196233 0.00300292
0 0.534241 0.483269 0.122821 0.0764983 0.00285812
0 0.547087 0.775407 0.0156186 0.0176943 0.00282966
0 0.109993 0.548 0.00752919 0.014467 0.0022267
0 0.576118 0.514552 0.0912136 0.0531036 0.00192206
0 0.00663836 0.0112247 0.0132767 0.0166127 0.00188407
0 0.980097 0.540771 0.0170656 0.0519596 0.00184703
0 0.12608 0.681133 0.0109529 0.0191463 0.00182178
0 0.53875 0.778982 0.0108218 0.0166925 0.00177686
0 0.51113 0.49274 0.052919 0.0588656 0.00168822
0 0.573344 0.499057 0.167811 0.0845466 0.00156154
0 0.985609 0.541094 0.0114376 0.0423737 0.00154717
0 0.730806 0.540645 0.0185039 0.034825 0.00153395
0 0.130076 0.678043 0.011375 0.0216207 0.00139313
0 0.6569 0.00417547 0.0211843 0.00835095 0.00136096
0 0.545144 0.775456 0.00374985 0.0180021 0.00135962
0 0.507758 0.482835 0.0336726 0.0437685 0.00129792
0 0.107458 0.547711 0.00948489 0.0218901 0.00126173
0 0.989236 0.541117 0.0173498 0.0516664 0.0012505
0 0.629454 0.969791 0.0378167 0.0427908 0.00118534
0 0.979846 0.956019 0.0403073 0.0879628 0.0011598
0 0.5257 0.484834 0.0808412 0.0539757 0.00115702
0 0.0881896 0.267831 0.0113958 0.0218273 0.00110984
0 0.983383 0.556157 0.0332338 0.0657566 0.00110009
0 0.658391 0.00570273 0.0280677 0.0114055 0.0010674
0 0.553539 0.518937 0.102646 0.066025 0.0010394
0 0.574823 0.516833 0.0534249 0.0498497 0.00103135
