0 0.578028 0.770862 0.0321625 0.0302001 0.87389
0 0.10247 0.494462 0.0377551 0.0527226 0.807441
0 0.909533 0.938972 0.0234076 0.0260464 0.708949
0 0.613338 0.706224 0.0355169 0.0868595 0.686946
0 0.907929 0.94838 0.0260557 0.049061 0.607154
0 0.609334 0.714627 0.0268395 0.0655344 0.5111
0 0.0895658 0.905866 0.0216937 0.0609299 0.393522
0 0.101252 0.832153 0.0159711 0.0145174 0.360173
0 0.0943799 0.907106 0.0356309 0.0505865 0.237967
0 0.100953 0.48675 0.0379246 0.0332171 0.215154
0 0.612676 0.705003 0.0499447 0.104626 0.199019
0 0.580724 0.772517 0.039798 0.044584 0.174523
0 0.608629 0.724608 0.0219046 0.0472331 0.173778
0 0.904603 0.961209 0.0241362 0.0353495 0.150347
0 0.121288 0.912422 0.0211063 0.0285854 0.0990114
0 0.597481 0.718571 0.0623398 0.109032 0.0948768
0 0.0892397 0.89574 0.0144684 0.0397514 0.0895025
0 0.624026 0.677287 0.0142772 0.0279788 0.07656
0 0.622123 0.697125 0.0426418 0.0887209 0.0692543
0 0.913903 0.942006 0.0234549 0.0261051 0.062394
0 0.607178 0.736054 0.0177595 0.0284646 0.0617875
0 0.0878963 0.886806 0.0147619 0.0202204 0.0507824
0 0.902354 0.965965 0.0177341 0.0237127 0.0491674
0 0.0814316 0.816944 0.016387 0.0177429 0.0467017
0 0.0788274 0.913634 0.0666471 0.0968323 0.0465289
0 0.623348 0.675742 0.0215308 0.0225743 0.0461602
0 0.0665298 0.929533 0.111298 0.107322 0.0454237
0 0.597878 0.718312 0.0800043 0.147496 0.0353928
0 0.102217 0.904161 0.0547986 0.0599596 0.0345284
0 0.905257 0.942391 0.0187008 0.0322086 0.0302839
0 0.0892357 0.822293 0.0261528 0.0166763 0.0302389
0 0.0848963 0.915509 0.10724 0.0996349 0.0297035
0 0.604184 0.707489 0.0319816 0.0850856 0.0289793
0 0.103752 0.508506 0.0326762 0.0472441 0.0280321
0 0.122748 0.910984 0.0152574 0.0229771 0.0269761
0 0.584202 0.774611 0.0295485 0.0292779 0.0236872
0 0.100825 0.50365 0.0464457 0.0500667 0.0228511
0 0.5992 0.738914 0.0326819 0.064822 0.0196705
0 0.102947 0.911295 0.0408023 0.0500725 0.018519
0 0.0984443 0.47952 0.0290534 0.0170984 0.0161764
0 0.576339 0.766053 0.0274347 0.0208171 0.0153803
0 0.104073 0.501347 0.0669969 0.0926689 0.0145962
0 0.0873725 0.911882 0.0344566 0.0637943 0.0142967
0 0.100409 0.828868 0.0122507 0.0196774 0.0139718
0 0.915047 0.952774 0.029796 0.0426132 0.0138793
0 0.103001 0.479941 0.0393499 0.0236272 0.0135635
0 0.0955415 0.828925 0.0239595 0.0225126 0.012759
0 0.553059 0.891127 0.00965805 0.0150553 0.0125519
0 0.87912 0.296869 0.0145916 0.00980539 0.0121647
0 0.601138 0.741888 0.0526475 0.0622599 0.012018
0 0.0976035 0.481975 0.0289532 0.0319761 0.0115446
0 0.596081 0.702051 0.171105 0.205343 0.00992409
0 0.604247 0.730275 0.0223223 0.0446342 0.00981769
0 0.626893 0.674483 0.023917 0.0293652 0.00974313
0 0.0862855 0.825085 0.0260997 0.0279837 0.0094964
0 0.0815353 0.899353 0.033879 0.0548326 0.00918864
0 0.623181 0.713128 0.0549272 0.0912086 0.0091716
0 0.098329 0.834105 0.0180171 0.0198839 0.00903509
0 0.905853 0.957794 0.0447422 0.0499037 0.00781035
0 0.579888 0.78336 0.0361176 0.0523035 0.00779634
0 0.110515 0.488263 0.0366587 0.0483887 0.00777563
0 0.0853997 0.824521 0.0219201 0.0195072 0.00703334
0 0.0918682 0.482359 0.0251 0.0192078 0.00702819
0 0.0827419 0.927767 0.165484 0.144466 0.0063856
0 0.0911765 0.493212 0.0516116 0.0417175 0.0063618
0 0.00576057 0.0122993 0.0115211 0.0171422 0.00635098
0 0.0400996 0.962313 0.0683517 0.0626278 0.00619379
0 0.962299 0.185599 0.00869598 0.0196799 0.00599075
0 0.620084 0.677437 0.0270126 0.0342975 0.0059354
0 0.929443 0.174229 0.00817699 0.0136894 0.0059019
0 0.912454 0.934319 0.0296919 0.0554472 0.00568681
0 0.0765902 0.906828 0.0534966 0.0668821 0.00565713
0 0.611624 0.737961 0.0204463 0.0318427 0.00537871
0 0.595066 0.76498 0.0408009 0.0373875 0.00525781
0 0.0524873 0.953671 0.0992695 0.0796299 0.00525387
0 0.881252 0.29521 0.0156851 0.0141081 0.00506471
0 0.0802279 0.820378 0.0205179 0.0243164 0.00505537
0 0.554155 0.889141 0.0131412 0.0185305 0.00500712
0 0.904912 0.936232 0.0151466 0.0184053 0.00499121
0 0.637906 0.706471 0.0753135 0.101073 0.00485878
0 0.589746 0.761612 0.0262341 0.0351095 0.00451837
0 0.960312 0.186631 0.0117483 0.0237496 0.00437272
0 0.0921315 0.501546 0.039141 0.044025 0.00410379
0 0.0989707 0.50901 0.0252905 0.0330888 0.00409674
0 0.122115 0.914865 0.0330237 0.0512772 0.00398504
0 0.928896 0.177321 0.0137213 0.015817 0.00386709
0 0.640093 0.66568 0.0253246 0.0253897 0.00385279
0 0.101232 0.829282 0.0223709 0.0226826 0.00357119
0 0.116654 0.495162 0.0428277 0.0394752 0.00353093
0 0.904041 0.970908 0.0219358 0.0272533 0.00344952
0 0.091321 0.49412 0.0289314 0.0394537 0.00332859
0 0.601029 0.741086 0.0208054 0.0368342 0.00323081
0 0.0937657 0.497469 0.187531 0.290522 0.00315601
0 0.0878603 0.87629 0.0225549 0.0516516 0.00282868
0 0.00394356 0.0135713 0.00788713 0.0244322 0.00281778
0 0.151053 0.879916 0.0201224 0.0210205 0.00280088
0 0.612966 0.692024 0.0809803 0.111997 0.00271987
0 0.111057 0.918304 0.0802995 0.077207 0.00260013
0 0.963721 0.182936 0.0138874 0.0207963 0.00257005
0 0.049328 0.917768 0.0954665 0.113564 0.00255204
0 0.113763 0.910242 0.10717 0.111169 0.00248581
0 0.0913056 0.878111 0.0891306 0.111035 0.00247816
0 0.930751 0.173436 0.0157589 0.0193028 0.00247782
0 0.93263 0.17311 0.0146935 0.0140375 0.00244916
0 0.0993721 0.898533 0.0340608 0.0512972 0.00242869
0 0.11058 0.919414 0.0581548 0.0533276 0.00241738
0 0.962251 0.18999 0.0118565 0.023709 0.00224359
0 0.0809242 0.951712 0.145126 0.0951122 0.00222109
0 0.568676 0.651022 0.0226053 0.0206631 0.00216489
0 0.981724 0.00802719 0.0335022 0.0160544 0.0021452
0 0.599819 0.739626 0.0176176 0.025022 0.00209312
0 0.629858 0.690383 0.070381 0.0830654 0.00201871
0 0.910221 0.928486 0.0256592 0.031065 0.00198838
0 0.803109 0.307071 0.0144995 0.0182127 0.00191949
0 0.091735 0.922587 0.0365474 0.092831 0.00185528
0 0.0356034 0.972525 0.0712067 0.0549509 0.00182906
0 0.0409513 0.94529 0.0819025 0.109421 0.00181613
0 0.62169 0.67999 0.0333133 0.0745286 0.00175763
0 0.0906964 0.87546 0.0367777 0.0529516 0.0017544
0 0.0937304 0.924026 0.0693431 0.099173 0.00174251
0 0.918578 0.95183 0.0745089 0.0963399 0.00172794
0 0.0961112 0.833439 0.0356932 0.070249 0.00163734
0 0.574647 0.752547 0.0891526 0.127886 0.00160623
0 0.983247 0.0124235 0.0267395 0.024847 0.00158363
0 0.612066 0.685505 0.0318307 0.0591593 0.00157255
0 0.574214 0.784284 0.0347218 0.0387834 0.00153838
0 0.575369 0.710163 0.115611 0.14182 0.0014931
0 0.116065 0.903339 0.0302191 0.0420279 0.00148997
0 0.0901294 0.813972 0.0247041 0.0226305 0.00147012
0 0.109353 0.832493 0.0350421 0.0187918 0.00146163
0 0.551549 0.892056 0.0169512 0.0204771 0.00144341
0 0.596871 0.767612 0.0639344 0.0678313 0.00143799
0 0.526469 0.294994 0.00683317 0.0278539 0.00140786
0 0.589317 0.781136 0.0759274 0.109488 0.00139581
0 0.277293 0.515367 0.017801 0.050264 0.00139053
0 0.565985 0.767554 0.0454515 0.0277731 0.00137792
0 0.117085 0.499795 0.0523222 0.0566912 0.00137407
0 0.0980908 0.482213 0.0402077 0.0566269 0.00137256
0 0.628983 0.676462 0.0331902 0.0565853 0.00136202
0 0.990898 0.00712739 0.0182037 0.0142548 0.00136079
0 0.588015 0.785171 0.0385409 0.0472506 0.0013132
0 0.898861 0.971651 0.0129881 0.0199018 0.0013084
0 0.560855 0.65418 0.0257869 0.018929 0.0012803
0 0.0901312 0.82242 0.0421144 0.0567591 0.00126297
0 0.604667 0.751359 0.0248655 0.0350611 0.00125865
0 0.0940505 0.875173 0.118956 0.172319 0.00125024
0 0.84308 0.0495103 0.00897255 0.0172574 0.00124199
0 0.393975 0.905667 0.0217346 0.019206 0.00122649
0 0.969667 0.00837103 0.0378475 0.0167421 0.00121537
0 0.112117 0.510266 0.0327479 0.0497232 0.00120469
0 0.906407 0.961395 0.0660622 0.0772093 0.00119986
0 0.566815 0.770896 0.0232104 0.0287924 0.00113567
0 0.644066 0.661796 0.0196 0.0165533 0.00112715
0 0.841166 0.213333 0.00991478 0.0117466 0.00110278
0 0.0286693 0.964845 0.056186 0.0441351 0.00107328
0 0.89817 0.968991 0.0238155 0.0233429 0.00106551
0 0.965046 0.187125 0.0145439 0.0246636 0.00102407
0 0.126437 0.944545 0.208793 0.0904106 0.00100151
