0 0.578815 0.663043 0.158238 0.242432 0.688542
0 0.774221 0.943178 0.0494939 0.077244 0.506068
0 0.245734 0.0924386 0.0811648 0.129041 0.367418
0 0.333476 0.252757 0.293774 0.483415 0.191115
0 0.778646 0.94686 0.0688457 0.0960857 0.0871698
0 0.767493 0.932566 0.0385318 0.0570894 0.0811983
0 0.410682 0.392013 0.0988538 0.160101 0.0659098
0 0.62766 0.66143 0.284676 0.267959 0.043613
0 0.262116 0.11005 0.115566 0.161631 0.0432504
0 0.279878 0.133438 0.147271 0.190118 0.0256958
0 0.801572 0.946805 0.11624 0.0904119 0.0242781
0 0.254831 0.103314 0.17609 0.192698 0.0228593
0 0.406241 0.363048 0.0496092 0.0722836 0.0144773
0 0.303256 0.18 0.19288 0.28494 0.0136214
0 0.398398 0.361808 0.0258336 0.0410634 0.0128854
0 0.399211 0.363691 0.0320927 0.0574528 0.0124481
0 0.793472 0.921499 0.184595 0.157003 0.0112283
0 0.401745 0.393069 0.179086 0.210853 0.011031
0 0.750554 0.9252 0.167871 0.149599 0.0102885
0 0.256521 0.0269763 0.0136636 0.0136564 0.00901374
0 0.324331 0.611373 0.0846541 0.125376 0.00857608
0 0.785958 0.945131 0.0543549 0.0693817 0.00825509
0 0.53619 0.66038 0.241326 0.267019 0.00815883
0 0.780872 0.960207 0.048472 0.0779974 0.00662002
0 0.588944 0.731843 0.185033 0.384923 0.00584062
0 0.7589 0.938738 0.0439174 0.0598429 0.0057339
0 0.271809 0.186544 0.154224 0.350482 0.00552948
0 0.563498 0.624974 0.238957 0.365666 0.005284
0 0.401804 0.370673 0.121014 0.234433 0.00496408
0 0.230321 0.0912426 0.0666449 0.111098 0.00464836
0 0.0303318 0.261535 0.0451261 0.0852803 0.00413537
0 0.569832 0.620465 0.113251 0.198648 0.00389637
0 0.426495 0.396414 0.0838864 0.132679 0.00377343
0 0.324156 0.63774 0.10211 0.151096 0.0036522
0 0.421608 0.424869 0.101005 0.18933 0.00336116
0 0.358861 0.336562 0.216582 0.381301 0.00319562
0 0.397117 0.366847 0.0966016 0.151903 0.00297961
0 0.253005 0.151744 0.120829 0.217739 0.00286665
0 0.3954 0.208565 0.455249 0.407711 0.00286445
0 0.748691 0.910935 0.214747 0.178131 0.00282349
0 0.481857 0.509275 0.192342 0.301189 0.00277916
0 0.436011 0.428681 0.0500007 0.0855226 0.00267255
0 0.43198 0.420477 0.060784 0.118966 0.00262728
0 0.2448 0.113621 0.0659351 0.125201 0.00252195
0 0.598208 0.704494 0.161305 0.197885 0.00239526
0 0.601526 0.563993 0.42021 0.477765 0.00231315
0 0.258805 0.0292597 0.0165086 0.0129817 0.00213579
0 0.239522 0.0862831 0.057168 0.069654 0.00201691
0 0.483963 0.46294 0.273089 0.534894 0.00200661
0 0.326979 0.137851 0.2632 0.227775 0.00181793
0 0.441641 0.445045 0.188311 0.307832 0.00173784
0 0.894477 0.0793827 0.133773 0.109194 0.0016485
0 0.441562 0.287538 0.39836 0.460933 0.0016444
0 0.548331 0.642604 0.139588 0.235834 0.00162775
0 0.832901 0.932173 0.231096 0.135654 0.00158755
0 0.259109 0.290963 0.433995 0.496007 0.0015831
0 0.17053 0.707633 0.328122 0.274396 0.00153979
0 0.495408 0.552284 0.331905 0.50497 0.00151322
0 0.440857 0.43489 0.152605 0.219697 0.00150407
0 0.450682 0.446575 0.262296 0.387692 0.00150334
0 0.787523 0.962601 0.0421911 0.0615524 0.00143089
0 0.0286304 0.257207 0.0572609 0.150938 0.00140694
0 0.253286 0.0286338 0.0175534 0.0151421 0.0013976
0 0.344918 0.61459 0.322709 0.377007 0.0012855
0 0.684834 0.610958 0.383914 0.3502 0.00126476
0 0.765113 0.950622 0.0464139 0.0666647 0.00117307
0 0.507175 0.746638 0.473561 0.400019 0.00115896
0 0.414091 0.483717 0.178547 0.429861 0.00115629
0 0.681602 0.738781 0.375886 0.390426 0.00114544
0 0.0376035 0.279412 0.0537127 0.0785724 0.0011316
0 0.308451 0.253464 0.17668 0.267459 0.00112637
0 0.263396 0.240761 0.193995 0.481523 0.00112221
0 0.427815 0.93866 0.130184 0.0975552 0.00108624
0 0.624668 0.664769 0.142085 0.218749 0.00108575
0 0.265785 0.142972 0.085747 0.145365 0.00107566
0 0.506906 0.885473 0.0824588 0.13458 0.00105803
0 0.27446 0.0826433 0.137275 0.14039 0.00104305
0 0.756751 0.949901 0.0740288 0.0820541 0.00102814
0 0.437262 0.366456 0.255841 0.312058 0.00101722
