0 0.500234 0.500511 0.0414002 0.0795163 0.661053
0 0.919771 0.869635 0.118795 0.111696 0.0651065
0 0.501756 0.500052 0.0610177 0.107959 0.0624189
0 0.11729 0.636418 0.0115137 0.0109319 0.0311814
0 0.118425 0.638859 0.0137209 0.00970812 0.0273718
0 0.497009 0.486486 0.0404027 0.0619761 0.0105124
0 0.899459 0.393826 0.00957527 0.0156122 0.0103969
0 0.493777 0.496554 0.176184 0.241286 0.00920736
0 0.491595 0.496539 0.0355685 0.0691627 0.00648793
0 0.954236 0.900349 0.0392847 0.0333897 0.00492115
0 0.937618 0.37106 0.0111212 0.0137749 0.00468571
0 0.502731 0.523197 0.0316731 0.0424199 0.00459919
0 0.899886 0.393915 0.0163431 0.014979 0.00435265
0 0.902983 0.39428 0.00702782 0.0144086 0.0041375
0 0.902742 0.395138 0.011231 0.0178323 0.00374774
0 0.521115 0.496752 0.0787707 0.0913375 0.00357579
0 0.510866 0.510387 0.0455258 0.0655689 0.00343534
0 0.398261 0.810563 0.0188125 0.00991116 0.00332686
0 0.495038 0.473295 0.0343815 0.0493349 0.00281942
0 0.923323 0.859846 0.153353 0.153272 0.00265918
0 0.910131 0.886057 0.171838 0.155213 0.00256092
0 0.480891 0.495305 0.0489654 0.0808255 0.00255114
0 0.467841 0.501035 0.183243 0.173621 0.0024757
0 0.400679 0.811426 0.0206096 0.0132502 0.00237198
0 0.976841 0.510051 0.0135574 0.0301697 0.00231375
0 0.966348 0.571426 0.0143166 0.0253411 0.00215204
0 0.502548 0.518855 0.0344229 0.0653532 0.00214049
0 0.90356 0.394007 0.0170357 0.0168296 0.00195221
0 0.115505 0.636149 0.0158552 0.0147336 0.00193128
0 0.990508 0.994012 0.0189837 0.0111694 0.00192732
0 0.966096 0.569402 0.00596886 0.0244378 0.00156216
0 0.49408 0.472795 0.0338796 0.0310351 0.00146951
0 0.490574 0.471178 0.0217556 0.0352336 0.00146932
0 0.960146 0.716194 0.0289665 0.0133666 0.00144744
0 0.50367 0.714192 0.0120708 0.00983181 0.00126106
0 0.927923 0.892199 0.121183 0.105677 0.00125978
0 0.928231 0.817726 0.115355 0.223369 0.00120778
0 0.490588 0.511751 0.0504876 0.0697531 0.00119166
0 0.948382 0.909461 0.0836346 0.0837954 0.00119024
0 0.425631 0.80917 0.0135141 0.0100077 0.00118825
0 0.937379 0.371678 0.0161913 0.0194868 0.001168
0 0.532286 0.847439 0.014497 0.0129602 0.00115589
0 0.419181 0.11206 0.0106149 0.00601227 0.00111285
0 0.991804 0.991701 0.0163923 0.0165981 0.001018
0 0.420939 0.114165 0.0115951 0.00731695 0.00101376
0 0.909613 0.154493 0.139588 0.308987 0.00101007
0 0.41827 0.161509 0.0108875 0.0083142 0.00100175
