0 0.309159 0.678115 0.178641 0.326912 0.612428
0 0.223603 0.120816 0.152043 0.241632 0.575469
0 0.222276 0.187942 0.160872 0.365761 0.46506
0 0.191737 0.298306 0.074287 0.110864 0.424753
0 0.226656 0.43522 0.0533187 0.15324 0.412164
0 0.271499 0.572402 0.100924 0.0921561 0.318063
0 0.224955 0.456183 0.048453 0.100828 0.255013
0 0.228414 0.443021 0.066935 0.225143 0.138545
0 0.202711 0.295163 0.110988 0.12894 0.134116
0 0.207513 0.268203 0.118059 0.205683 0.123212
0 0.288473 0.613619 0.168232 0.286943 0.113427
0 0.224599 0.476333 0.0403644 0.155664 0.113158
0 0.265543 0.566663 0.113599 0.162834 0.107566
0 0.269602 0.690296 0.0997282 0.284567 0.103747
0 0.31444 0.63561 0.107931 0.166336 0.0819691
0 0.224362 0.209255 0.135336 0.259446 0.0693456
0 0.225179 0.453956 0.0469952 0.0586649 0.0623801
0 0.310973 0.660677 0.129425 0.234136 0.0546307
0 0.236026 0.475379 0.0770303 0.324761 0.0518542
0 0.263334 0.723064 0.0738313 0.223764 0.050538
0 0.240761 0.652138 0.0327785 0.0564643 0.0481546
0 0.326751 0.658362 0.103152 0.134645 0.047126
0 0.229874 0.270283 0.17155 0.240272 0.0456708
0 0.313524 0.7361 0.194495 0.185299 0.0443724
0 0.293783 0.613806 0.140616 0.205936 0.0412518
0 0.323218 0.657886 0.0667714 0.116588 0.0241778
0 0.247098 0.445113 0.17693 0.325197 0.0221493
0 0.256535 0.559024 0.185224 0.301725 0.0192855
0 0.221213 0.409343 0.0427044 0.125221 0.0185439
0 0.208635 0.446535 0.140319 0.30738 0.0175402
0 0.175341 0.0376324 0.0295221 0.0519628 0.0171593
0 0.2894 0.719938 0.139984 0.242251 0.0162487
0 0.229114 0.300806 0.156039 0.150204 0.0158604
0 0.224509 0.503135 0.047283 0.232622 0.0155049
0 0.228937 0.344029 0.157743 0.416486 0.0154974
0 0.169797 0.29882 0.159462 0.227457 0.0154129
0 0.251746 0.117532 0.100528 0.219429 0.0153604
0 0.175448 0.0551718 0.0322369 0.0893641 0.0145407
0 0.188899 0.296451 0.0578544 0.0713844 0.0145269
0 0.173639 0.0164207 0.0291616 0.0241851 0.0130284
0 0.224858 0.47739 0.0423934 0.0710222 0.0113815
0 0.225814 0.491678 0.0288831 0.114778 0.010608
0 0.211628 0.0166395 0.0143061 0.0198776 0.0100563
0 0.237414 0.455683 0.0277187 0.0533427 0.00927809
0 0.20178 0.324379 0.168797 0.258917 0.00907964
0 0.213757 0.399221 0.0324129 0.0928831 0.00859516
0 0.213435 0.296261 0.0669865 0.10942 0.00767701
0 0.320567 0.776752 0.167545 0.141616 0.00766879
0 0.251002 0.579202 0.0603359 0.0664854 0.00749548
0 0.199523 0.302192 0.0519971 0.0728453 0.00730489
0 0.245379 0.65326 0.0440512 0.0749669 0.00726371
0 0.323368 0.618719 0.234255 0.343811 0.00591765
0 0.213642 0.0284673 0.012045 0.0413494 0.00588368
0 0.17811 0.297551 0.0461982 0.0998602 0.00540234
0 0.183637 0.194604 0.092176 0.354862 0.00538404
0 0.244496 0.275796 0.155103 0.13368 0.0052999
0 0.224581 0.428341 0.0551678 0.0734771 0.00528878
0 0.235177 0.656813 0.0218959 0.0519109 0.00527379
0 0.264505 0.12084 0.156624 0.24168 0.00521371
0 0.194874 0.238668 0.124416 0.358167 0.00500236
0 0.18259 0.275117 0.0656442 0.128055 0.00490388
0 0.234229 0.445212 0.0425563 0.104702 0.00479211
0 0.266158 0.567746 0.0600169 0.0698679 0.00478749
0 0.171953 0.0149773 0.0243444 0.0170994 0.00464069
0 0.221797 0.505171 0.0199282 0.102792 0.0046222
0 0.222932 0.551589 0.139004 0.517485 0.00436699
0 0.212547 0.393959 0.0198782 0.0827971 0.00423905
0 0.201187 0.136938 0.102925 0.22541 0.00393552
0 0.251074 0.580297 0.0772277 0.0894338 0.00389353
0 0.250997 0.687799 0.0890223 0.34487 0.00383502
0 0.234849 0.476568 0.0442161 0.0949391 0.00369769
0 0.302496 0.565221 0.0604413 0.0930929 0.00356363
0 0.329439 0.785108 0.160991 0.0876245 0.00355018
0 0.267622 0.644206 0.119759 0.187828 0.00347762
0 0.216593 0.0663717 0.0991315 0.132743 0.00343168
0 0.214057 0.0959152 0.197017 0.19183 0.00335315
0 0.341881 0.578474 0.016994 0.0481853 0.00334502
0 0.273229 0.501484 0.209178 0.570482 0.00332523
0 0.224443 0.489614 0.0349289 0.0691514 0.00330076
0 0.211431 0.388026 0.026707 0.060539 0.00326148
0 0.195775 0.0888235 0.0749906 0.177647 0.0031816
0 0.209159 0.551031 0.223104 0.566521 0.00294899
0 0.274681 0.12391 0.24462 0.24782 0.00288489
0 0.33887 0.580978 0.0194708 0.0641223 0.00286696
0 0.187057 0.251687 0.0714393 0.188759 0.00284416
0 0.25394 0.513615 0.113506 0.278683 0.00272864
0 0.304089 0.549426 0.0209286 0.0550167 0.00270857
0 0.181849 0.284522 0.0553285 0.0642853 0.0026875
0 0.172486 0.0763428 0.0344717 0.113034 0.00267836
0 0.246777 0.23725 0.202392 0.357127 0.00255949
0 0.221099 0.504711 0.0219029 0.0597312 0.00253571
0 0.270324 0.209898 0.267413 0.419795 0.00247777
0 0.240561 0.463464 0.0284095 0.0295648 0.00239666
0 0.227528 0.291961 0.0648398 0.126211 0.00238555
0 0.279283 0.554029 0.0819625 0.104218 0.00236361
0 0.214915 0.366605 0.117675 0.329257 0.00231901
0 0.257295 0.709299 0.0533153 0.159113 0.00231151
0 0.273824 0.498142 0.162965 0.379327 0.00225214
0 0.210047 0.0145761 0.0185216 0.013665 0.00223587
0 0.250275 0.333447 0.149127 0.320396 0.00221841
0 0.235284 0.361643 0.104988 0.267631 0.00220613
0 0.235247 0.653386 0.0326863 0.0699312 0.00217791
0 0.322392 0.65729 0.0567892 0.0712215 0.00215069
0 0.362666 0.794799 0.0876573 0.0692544 0.00211434
0 0.251245 0.756155 0.0590197 0.161027 0.0021046
0 0.248318 0.689011 0.054778 0.232121 0.00208878
0 0.556511 0.508655 0.0551003 0.149505 0.00208709
0 0.172545 0.272683 0.0420451 0.0793042 0.00205894
0 0.170066 0.202187 0.206864 0.404375 0.00199529
0 0.206509 0.416555 0.0337601 0.117272 0.00194012
0 0.220556 0.533929 0.0673802 0.398911 0.00191882
0 0.375206 0.659733 0.366478 0.419025 0.00185691
0 0.271181 0.132498 0.0917058 0.263423 0.00180921
0 0.346668 0.953914 0.0162732 0.0384631 0.00177144
0 0.244094 0.438945 0.0891006 0.169915 0.00176875
0 0.207423 0.39152 0.0212427 0.0849924 0.00167105
0 0.458194 0.54839 0.648521 0.548428 0.00164804
0 0.216502 0.445294 0.0437108 0.126291 0.00161108
0 0.553888 0.496134 0.0564764 0.0659268 0.00160616
0 0.345677 0.154582 0.378701 0.309165 0.00154929
0 0.233037 0.533444 0.0468077 0.186563 0.00153446
0 0.188513 0.0581333 0.0704007 0.113212 0.00153408
0 0.190951 0.186916 0.0735705 0.246561 0.00150644
0 0.200695 0.275458 0.0800094 0.152303 0.00150251
0 0.185041 0.107038 0.118828 0.214076 0.00150116
0 0.34289 0.456936 0.42292 0.733347 0.0014882
0 0.25667 0.512455 0.0955 0.197142 0.00147048
0 0.347823 0.953704 0.00548098 0.0300944 0.00146072
0 0.183327 0.0796435 0.0450015 0.139368 0.00145508
0 0.345523 0.954389 0.0106519 0.0351757 0.0014361
0 0.191314 0.236272 0.10009 0.22619 0.00142165
0 0.205262 0.437283 0.0411486 0.133339 0.00142067
0 0.187909 0.325881 0.0695928 0.180132 0.00139377
0 0.215985 0.367284 0.0632192 0.220992 0.00136404
0 0.330155 0.781612 0.218625 0.21657 0.0013565
0 0.170153 0.271698 0.0392788 0.051269 0.0013478
0 0.241286 0.651406 0.079667 0.243459 0.00120449
0 0.442868 0.108814 0.0553562 0.112454 0.00120248
0 0.265711 0.656368 0.0640934 0.115726 0.00119184
0 0.303139 0.553871 0.0298143 0.0418581 0.00118133
0 0.234475 0.49266 0.057004 0.130599 0.00117575
0 0.175718 0.21108 0.0596838 0.255166 0.00116131
0 0.207799 0.032047 0.0216508 0.0403051 0.00115494
0 0.247278 0.587067 0.0456323 0.0568371 0.00113338
0 0.26794 0.60233 0.0916212 0.139061 0.0011278
0 0.297267 0.558264 0.0363493 0.0709253 0.00111393
0 0.175111 0.0250049 0.0399763 0.0500099 0.00111215
0 0.251287 0.733766 0.0439777 0.162711 0.00110942
0 0.235958 0.593211 0.0300435 0.0475244 0.00109595
0 0.309756 0.630249 0.0748953 0.139314 0.00109146
0 0.205703 0.438401 0.0598978 0.195349 0.00108704
0 0.236844 0.411609 0.0591329 0.144984 0.00108554
0 0.273389 0.0960401 0.076538 0.19208 0.0010821
0 0.302162 0.577447 0.129922 0.120043 0.00108058
0 0.331752 0.595587 0.0805074 0.159192 0.00106952
0 0.209381 0.0219523 0.0193964 0.0312459 0.00101663
0 0.562419 0.510792 0.0677764 0.0970786 0.00101568
0 0.242439 0.272861 0.0908456 0.155324 0.00100171
0 0.412465 0.200057 0.456185 0.400114 0.00100131
