0 0.208994 0.724745 0.0436795 0.0591827 0.801426
0 0.796079 0.262065 0.0312073 0.023618 0.783849
0 0.319832 0.635097 0.044137 0.0673901 0.747961
0 0.31414 0.627815 0.0345444 0.0488024 0.219058
0 0.317886 0.653529 0.0216894 0.0366681 0.125251
0 0.913756 0.189155 0.0157843 0.0217433 0.117249
0 0.318676 0.659319 0.0157946 0.0255163 0.0761794
0 0.320339 0.637645 0.0585545 0.09439 0.0726828
0 0.796263 0.264571 0.0359322 0.0483928 0.0616804
0 0.208379 0.731313 0.0605916 0.0947849 0.0547088
0 0.212975 0.713942 0.0368772 0.0421411 0.0426062
0 0.320331 0.647949 0.0326989 0.0610397 0.0317303
0 0.913755 0.189275 0.0256039 0.03074 0.019249
0 0.995362 0.0364526 0.00747414 0.0229124 0.0146871
0 0.334465 0.6351 0.0614081 0.0678652 0.0144934
0 0.957928 0.460366 0.0790832 0.098222 0.0111342
0 0.794755 0.2542 0.0268187 0.0278427 0.00954319
0 0.912094 0.184465 0.0197954 0.0318834 0.00904961
0 0.828587 0.940221 0.0229176 0.0949867 0.00898682
0 0.297446 0.643894 0.176302 0.217331 0.0088261
0 0.22003 0.725295 0.0400797 0.0602203 0.00871993
0 0.208079 0.744323 0.0399817 0.07911 0.00833513
0 0.339822 0.641494 0.187082 0.231541 0.00819901
0 0.191545 0.703054 0.177946 0.242889 0.00817575
0 0.995299 0.0360118 0.00940294 0.0299529 0.00784639
0 0.208474 0.708219 0.033457 0.0331535 0.00742228
0 0.0453612 0.956274 0.058174 0.0661953 0.00720079
0 0.799803 0.258343 0.0295872 0.0267182 0.0063848
0 0.315492 0.661854 0.0150719 0.0280493 0.00576532
0 0.319486 0.615491 0.0479116 0.0378584 0.00574351
0 0.914576 0.189771 0.031164 0.055127 0.00403727
0 0.994215 0.0255065 0.01157 0.0211455 0.003995
0 0.232328 0.738861 0.190798 0.238297 0.00385121
0 0.222994 0.706025 0.0191159 0.0296762 0.00357083
0 0.799164 0.924753 0.0719646 0.122141 0.00332672
0 0.994988 0.0259619 0.00712013 0.0258475 0.00332653
0 0.994185 0.0257979 0.0116293 0.0348311 0.00331054
0 0.797459 0.266174 0.0503784 0.0368897 0.00328314
0 0.195181 0.732998 0.0602608 0.0777111 0.00312808
0 0.992842 0.0378589 0.0143149 0.0303239 0.00299032
0 0.935274 0.913611 0.0994001 0.169165 0.00293354
0 0.304901 0.631164 0.0211004 0.0358125 0.00277415
0 0.33558 0.622724 0.0528393 0.0581878 0.0024727
0 0.321852 0.661733 0.0121643 0.030917 0.00238983
0 0.795289 0.269456 0.0234306 0.0416356 0.00233535
0 0.782945 0.263123 0.036739 0.0297284 0.00228694
0 0.307891 0.624659 0.0311654 0.03466 0.00227799
0 0.996347 0.0324237 0.00730543 0.0229002 0.00226679
0 0.991878 0.0326789 0.0127249 0.0267386 0.00213492
0 0.99558 0.0311018 0.00884047 0.0291797 0.00205624
0 0.991499 0.0360038 0.0170021 0.0486133 0.00198672
0 0.951757 0.469449 0.0964856 0.116031 0.00195519
0 0.325424 0.610716 0.0461725 0.0299036 0.00186384
0 0.852472 0.0225935 0.00768757 0.0209503 0.00182149
0 0.311226 0.662154 0.066729 0.0926275 0.00181674
0 0.850208 0.0201038 0.0132755 0.0196917 0.00169516
0 0.310538 0.91919 0.0753312 0.122337 0.00168578
0 0.991129 0.0357074 0.0177428 0.0426774 0.00166623
0 0.800164 0.270003 0.0272211 0.034493 0.00160884
0 0.219907 0.701851 0.0240602 0.0177719 0.00159934
0 0.991664 0.0408831 0.0124781 0.0286958 0.00156723
0 0.803674 0.257362 0.0360949 0.0551103 0.001556
0 0.80124 0.272683 0.0386396 0.0597854 0.00150038
0 0.687731 0.810391 0.0114162 0.0377308 0.00146384
0 0.906312 0.914095 0.176302 0.171811 0.00139275
0 0.329792 0.659213 0.0579433 0.0781285 0.00133533
0 0.215565 0.747266 0.0341738 0.0910246 0.00129543
0 0.685392 0.811449 0.00595379 0.0221735 0.0012911
0 0.311043 0.614315 0.0260486 0.0358512 0.00125283
0 0.993299 0.0493779 0.0134021 0.0420024 0.0012513
0 0.956226 0.961589 0.0702898 0.0562393 0.00122429
0 0.991008 0.0242669 0.0179832 0.0402941 0.00118807
0 0.915452 0.19549 0.0158844 0.0261206 0.0011799
0 0.911479 0.453411 0.177042 0.265334 0.00117255
0 0.831287 0.927709 0.0339842 0.0838289 0.00114258
0 0.778363 0.258933 0.031278 0.0270037 0.00111113
0 0.304594 0.621614 0.0213112 0.0308388 0.00110827
0 0.685295 0.807558 0.0107863 0.0341009 0.00110191
0 0.996157 0.0400602 0.00768509 0.0270219 0.00110114
0 0.82142 0.947574 0.030344 0.0940041 0.00108271
0 0.31084 0.889893 0.0817523 0.105177 0.00104974
