0 0.752785 0.3988 0.326825 0.146614 0.707046
0 0.0685523 0.664854 0.127191 0.0612195 0.704558
0 0.110827 0.655305 0.0435882 0.0342911 0.577856
0 0.681623 0.433521 0.172276 0.0884686 0.478058
0 0.756354 0.395712 0.15629 0.141835 0.0872997
0 0.109376 0.65899 0.0478839 0.0523942 0.0821274
0 0.0603158 0.667015 0.0909368 0.0474712 0.0676312
0 0.0672945 0.654382 0.134589 0.176122 0.0338637
0 0.0823597 0.653603 0.12878 0.0528499 0.031485
0 0.0677532 0.685932 0.135506 0.106001 0.0287783
0 0.753753 0.447642 0.303733 0.222933 0.0251789
0 0.698288 0.432067 0.264354 0.148684 0.0212624
0 0.0538471 0.677123 0.107694 0.0564976 0.0194702
0 0.0485706 0.675956 0.0971412 0.0366375 0.0168654
0 0.687017 0.434016 0.0965397 0.0708312 0.0124503
0 0.814434 0.385065 0.217845 0.116559 0.0123915
0 0.0650701 0.725562 0.13014 0.18915 0.0109431
0 0.120587 0.653402 0.0332602 0.0296013 0.00998275
0 0.0983415 0.658886 0.0728859 0.041814 0.00936473
0 0.754138 0.482906 0.355472 0.366491 0.00913633
0 0.836803 0.365117 0.160333 0.0731101 0.00826894
0 0.665845 0.447554 0.144068 0.0761185 0.00820652
0 0.0643041 0.66061 0.0592841 0.0589652 0.00812113
0 0.856407 0.356998 0.127328 0.0548491 0.00783908
0 0.0779711 0.658489 0.0906359 0.0503895 0.00713505
0 0.088707 0.690029 0.177414 0.208371 0.00639625
0 0.112935 0.65961 0.0945788 0.0893829 0.00616763
0 0.065124 0.639611 0.130248 0.0951082 0.00584104
0 0.0483097 0.663438 0.0966194 0.0711509 0.0050855
0 0.0682743 0.685816 0.093838 0.0862398 0.00427455
0 0.87931 0.348049 0.0801527 0.0364943 0.00329382
0 0.0576475 0.753683 0.115295 0.238787 0.00321799
0 0.829588 0.395793 0.302102 0.171666 0.00289053
0 0.0997297 0.658301 0.0433432 0.0391252 0.00285422
0 0.124388 0.645684 0.0192069 0.0133346 0.00280615
0 0.738123 0.435449 0.162087 0.188998 0.00243997
0 0.108314 0.667187 0.0618115 0.039416 0.0023059
0 0.636806 0.454955 0.070657 0.0465723 0.00221439
0 0.0559682 0.671985 0.0585032 0.0453175 0.00209243
0 0.0534086 0.661405 0.106817 0.112378 0.00203074
0 0.618635 0.462521 0.0372014 0.0291075 0.00202414
0 0.569219 0.00615046 0.0182924 0.0122098 0.00200294
0 0.707749 0.421639 0.166967 0.0934928 0.00199291
0 0.135213 0.649492 0.270425 0.297017 0.00190093
0 0.0458348 0.67619 0.0547224 0.0347477 0.00182802
0 0.0787773 0.654263 0.0558922 0.0473758 0.00178904
0 0.643514 0.449332 0.0984368 0.0544977 0.00166611
0 0.653374 0.00616888 0.0108225 0.01031 0.0016592
0 0.0358663 0.670396 0.0699806 0.0494703 0.00165553
0 0.622487 0.457025 0.0433415 0.0376745 0.00164027
0 0.609497 0.467423 0.0179436 0.0195019 0.00152871
0 0.72029 0.388389 0.164953 0.134567 0.00148754
0 0.0592065 0.650733 0.0900392 0.0702895 0.00144579
0 0.570575 0.00703998 0.0245098 0.01408 0.00144223
0 0.660843 0.455794 0.114952 0.0512353 0.00143076
0 0.66053 0.43517 0.11848 0.0696748 0.00139807
0 0.11784 0.673442 0.166994 0.0749543 0.00138861
0 0.0511465 0.616092 0.102293 0.143923 0.00137625
0 0.0359672 0.684839 0.0719344 0.0412817 0.00132359
0 0.891544 0.345221 0.0482178 0.0321159 0.00126697
0 0.0345069 0.679494 0.0538832 0.030325 0.00125517
0 0.750844 0.323276 0.438594 0.320694 0.00122633
0 0.729593 0.975175 0.053395 0.049651 0.00120708
0 0.107341 0.668754 0.0837916 0.0563574 0.001168
0 0.0617052 0.716076 0.12341 0.118514 0.00109551
0 0.486946 0.00490597 0.0173894 0.00811791 0.00109156
0 0.578836 0.00559787 0.0209257 0.00837892 0.00107598
