0 0.500991 0.501048 0.0359149 0.0325928 0.817445
0 0.646741 0.270792 0.0462456 0.0284711 0.513069
0 0.143465 0.553447 0.0344205 0.0526306 0.474669
0 0.444373 0.416458 0.0112576 0.0204614 0.147418
0 0.166108 0.442842 0.0147042 0.0185798 0.143778
0 0.184566 0.259239 0.0143679 0.0127622 0.128614
0 0.502682 0.507347 0.0286932 0.031108 0.0673963
0 0.64876 0.27075 0.0554864 0.0458963 0.0659641
0 0.142235 0.549379 0.0450214 0.0698678 0.0236437
0 0.8096 0.91538 0.025345 0.0142078 0.022721
0 0.502866 0.491962 0.0337524 0.0291891 0.0224222
0 0.508219 0.496051 0.0349546 0.0301467 0.0194033
0 0.18649 0.261235 0.0162698 0.016806 0.0172806
0 0.16511 0.446363 0.0184754 0.0236907 0.0167954
0 0.443427 0.419108 0.0155212 0.0226854 0.0139991
0 0.143967 0.519699 0.052576 0.152684 0.0124341
0 0.49153 0.502408 0.0326419 0.0291143 0.0120562
0 0.401658 0.622189 0.0124037 0.0141345 0.0118491
0 0.659605 0.269123 0.0603423 0.032524 0.0114343
0 0.491831 0.504924 0.0195699 0.0342607 0.0113539
0 0.141068 0.537854 0.0299987 0.0560678 0.0100228
0 0.444073 0.417937 0.0225425 0.0300888 0.00868733
0 0.174356 0.287322 0.0102023 0.0184376 0.0084518
0 0.811305 0.917416 0.0198301 0.0133158 0.00824018
0 0.63992 0.274508 0.0378822 0.0240771 0.00814533
0 0.141924 0.567565 0.032095 0.0615738 0.00801376
0 0.135007 0.555999 0.0341687 0.0514869 0.00795382
0 0.501093 0.505773 0.0483176 0.0394801 0.00780915
0 0.119861 0.968353 0.0217069 0.0554453 0.00709005
0 0.183623 0.266023 0.0178473 0.0318419 0.00693429
0 0.649845 0.284817 0.072552 0.0880353 0.00601956
0 0.146617 0.512389 0.0732984 0.188233 0.00598805
0 0.166487 0.443841 0.026476 0.0291481 0.00558093
0 0.142826 0.396473 0.0274391 0.0199053 0.00499615
0 0.977481 0.845253 0.0306875 0.0506392 0.00495376
0 0.145381 0.548337 0.0682468 0.136732 0.00467034
0 0.175222 0.284371 0.0151771 0.0203513 0.00460138
0 0.783393 0.922344 0.0280514 0.0321831 0.00438151
0 0.641005 0.277275 0.0580687 0.0463989 0.00422952
0 0.982791 0.842934 0.0344186 0.0622147 0.00412374
0 0.149267 0.491456 0.052636 0.162505 0.0039342
0 0.177486 0.283392 0.0143577 0.0322037 0.0039221
0 0.178498 0.275704 0.0196255 0.0356735 0.0036873
0 0.185369 0.257366 0.0191339 0.0242611 0.00363217
0 0.803701 0.916277 0.0404247 0.0246407 0.00356501
0 0.795493 0.919032 0.0342009 0.0276974 0.00342963
0 0.657307 0.277609 0.0631204 0.0443367 0.00342284
0 0.14148 0.522484 0.0297756 0.102062 0.00317133
0 0.00627296 0.0111917 0.0125459 0.0172395 0.00316211
0 0.162801 0.449456 0.0196015 0.0346962 0.00278452
0 0.139988 0.397355 0.0201543 0.0152995 0.00274262
0 0.00521009 0.0175844 0.0104202 0.0299451 0.00236056
0 0.162696 0.439209 0.0203554 0.0338283 0.00230646
0 0.139269 0.523824 0.0248755 0.0730845 0.00224787
0 0.121634 0.975029 0.00988026 0.0314558 0.00222316
0 0.664042 0.262216 0.0534723 0.0293779 0.00217054
0 0.134784 0.55798 0.0420193 0.0742009 0.00210049
0 0.154678 0.551295 0.0547893 0.0674824 0.00204973
0 0.645265 0.257849 0.0480186 0.0470914 0.002047
0 0.98004 0.852493 0.0209782 0.0300018 0.00182923
0 0.661167 0.260733 0.0823492 0.0938777 0.00173591
0 0.790443 0.921334 0.0496889 0.0352907 0.00173005
0 0.124443 0.973927 0.0157222 0.0349546 0.00172624
0 0.178114 0.260703 0.016511 0.0178312 0.001677
0 0.633251 0.270874 0.064277 0.0327208 0.00164175
0 0.642013 0.246357 0.20612 0.279588 0.00164114
0 0.184855 0.253451 0.015407 0.0217646 0.0015623
0 0.164709 0.454476 0.0341665 0.0833229 0.00156032
0 0.444803 0.424695 0.0311057 0.0724339 0.00154647
0 0.502253 0.507228 0.0863594 0.113196 0.00152474
0 0.143941 0.501154 0.180164 0.269411 0.00147367
0 0.99471 0.97805 0.0082304 0.0315622 0.00146335
0 0.123634 0.969023 0.00764513 0.0313478 0.00133483
0 0.991066 0.976727 0.013372 0.0240559 0.00132168
0 0.168297 0.444344 0.0326794 0.0575429 0.00130947
0 0.638816 0.264235 0.0541239 0.0371812 0.00128945
0 0.517909 0.496783 0.0466575 0.0370777 0.00126901
0 0.174893 0.28361 0.0227789 0.0354911 0.00124713
0 0.164129 0.502544 0.0920196 0.184975 0.00121144
0 0.399202 0.623683 0.0146258 0.0182098 0.0011689
0 0.633647 0.266078 0.0991706 0.117301 0.00113932
0 0.126429 0.971781 0.0374652 0.046212 0.00113712
0 0.894453 0.0749721 0.015831 0.0133967 0.00113397
0 0.825675 0.296101 0.0197998 0.0504752 0.00111791
0 0.79758 0.913171 0.0367573 0.0241121 0.00111353
0 0.513897 0.487929 0.0277845 0.0320746 0.00111035
0 0.992586 0.969076 0.0115545 0.017738 0.00110254
0 0.177359 0.257149 0.0224001 0.0182467 0.00109467
0 0.119356 0.969721 0.0134711 0.0364191 0.00108568
0 0.18444 0.268073 0.0317224 0.0704969 0.00103852
0 0.126708 0.491194 0.0891345 0.175786 0.00103259
0 0.171177 0.443354 0.0234939 0.0218052 0.00101985
