0 0.150834 0.899521 0.252564 0.189818 0.694144
0 0.512345 0.987262 0.027068 0.0254757 0.578285
0 0.136237 0.214971 0.019315 0.106658 0.487951
0 0.145873 0.9067 0.170923 0.1866 0.186873
0 0.284375 0.491641 0.0400414 0.0322176 0.0528428
0 0.0816385 0.269977 0.0132664 0.0264457 0.051147
0 0.113327 0.82706 0.0137063 0.0150085 0.0361889
0 0.204574 0.898601 0.145518 0.200879 0.0360377
0 0.512455 0.983835 0.0324285 0.0323297 0.0296227
0 0.0847675 0.269842 0.0151741 0.0226056 0.0130288
0 0.130115 0.217884 0.0246311 0.108774 0.0120985
0 0.0843153 0.953348 0.115266 0.0899969 0.0107565
0 0.687379 0.895826 0.0102842 0.0163704 0.00982506
0 0.0537608 0.66349 0.107522 0.189423 0.00851251
0 0.607257 0.00423894 0.0144713 0.00847788 0.00798505
0 0.140144 0.230479 0.0223607 0.0995609 0.00713162
0 0.156548 0.936172 0.243484 0.127655 0.00687364
0 0.133728 0.198164 0.0255752 0.0970377 0.00683445
0 0.123518 0.89387 0.152383 0.127441 0.00674278
0 0.136271 0.198169 0.0231087 0.0667393 0.00663091
0 0.0812318 0.270918 0.0204414 0.0349289 0.00617295
0 0.134943 0.217895 0.046778 0.128677 0.00609501
0 0.218959 0.895202 0.259472 0.209596 0.00551758
0 0.207489 0.00492297 0.0161486 0.00876054 0.00551393
0 0.141615 0.197263 0.0300425 0.117314 0.00533852
0 0.167639 0.875152 0.148605 0.162713 0.00496945
0 0.114304 0.827063 0.0194527 0.0179371 0.00493219
0 0.134563 0.00819643 0.0170814 0.0129497 0.00483243
0 0.368956 0.0756403 0.0108907 0.0164188 0.00450591
0 0.610448 0.00433945 0.0140921 0.00837828 0.00398756
0 0.862573 0.213659 0.241245 0.427319 0.00382726
0 0.283928 0.485519 0.0342151 0.027072 0.00379986
0 0.148195 0.210022 0.0423518 0.113182 0.00365836
0 0.284684 0.492472 0.0473973 0.0472682 0.00359947
0 0.902407 0.297792 0.140283 0.595585 0.00351212
0 0.503628 0.985769 0.0347316 0.0225716 0.00349455
0 0.515564 0.990796 0.0208288 0.0184078 0.00324001
0 0.90211 0.650009 0.156514 0.600148 0.00311352
0 0.140691 0.213354 0.0700936 0.168125 0.00299265
0 0.940435 0.654418 0.11913 0.602042 0.00296587
0 0.686837 0.897754 0.0138519 0.0207117 0.00288778
0 0.50386 0.988688 0.0205583 0.022623 0.00286306
0 0.862379 0.305251 0.17491 0.610501 0.00285997
0 0.510533 0.978743 0.0248706 0.0257896 0.00279226
0 0.611571 0.00560979 0.018368 0.0112196 0.00278578
0 0.119986 0.214993 0.0723707 0.163543 0.0026993
0 0.0589284 0.702495 0.0887763 0.111477 0.002658
0 0.9408 0.295296 0.103032 0.586415 0.00263381
0 0.211638 0.00560913 0.0192097 0.00754589 0.00261133
0 0.128802 0.215168 0.0226221 0.0685594 0.00258224
0 0.0749839 0.279731 0.0287184 0.0461582 0.00256383
0 0.607532 0.004967 0.0199272 0.009934 0.00245667
0 0.641224 0.394494 0.0147161 0.0143542 0.00234792
0 0.0760079 0.543579 0.132555 0.524695 0.00231397
0 0.133955 0.237955 0.0181972 0.106179 0.00228728
0 0.6021 0.00432815 0.0198021 0.00846695 0.00225119
0 0.147118 0.816202 0.294236 0.343188 0.00218535
0 0.201838 0.00499075 0.0193957 0.00792224 0.00203349
0 0.890419 0.752135 0.214414 0.464713 0.00193027
0 0.522523 0.983628 0.0368299 0.0301706 0.00187286
0 0.946904 0.756872 0.1055 0.462568 0.00185724
0 0.16326 0.849901 0.203628 0.186596 0.00183611
0 0.212804 0.00627133 0.0225658 0.0114993 0.00181887
0 0.522235 0.988753 0.0329402 0.0224931 0.00177265
0 0.0718346 0.640232 0.130801 0.22955 0.00177042
0 0.188779 0.89827 0.139556 0.125906 0.00173668
0 0.893699 0.553586 0.196321 0.696693 0.00173283
0 0.514718 0.978598 0.0234586 0.0361113 0.00172723
0 0.371375 0.0730366 0.0163129 0.0188275 0.00171468
0 0.134144 0.010943 0.0124582 0.0185939 0.001686
0 0.0888382 0.882728 0.0283249 0.0581211 0.00166546
0 0.0747729 0.684682 0.12412 0.152124 0.00164454
0 0.511486 0.988782 0.0212081 0.022437 0.00156803
0 0.121917 0.948877 0.179594 0.102247 0.00154136
0 0.643411 0.395092 0.0157191 0.0206103 0.00151068
0 0.043304 0.69624 0.086608 0.147466 0.00145376
0 0.0979178 0.939859 0.166686 0.0981783 0.00144748
0 0.0861233 0.275822 0.0222088 0.0398794 0.001411
0 0.854619 0.650592 0.218093 0.588778 0.00140759
0 0.0839568 0.272376 0.0306967 0.0611487 0.0013718
0 0.501485 0.989626 0.0469254 0.0207472 0.00136334
0 0.806553 0.204297 0.108752 0.408594 0.00135404
0 0.517935 0.986935 0.0640233 0.0261308 0.00134692
0 0.933436 0.350038 0.133128 0.673149 0.00129156
0 0.989542 0.6658 0.0209151 0.381493 0.00128477
0 0.991313 0.590595 0.0173736 0.360329 0.00126863
0 0.503869 0.979554 0.0379104 0.0362568 0.00126464
0 0.864014 0.0957083 0.255823 0.191417 0.00126375
0 0.924358 0.753066 0.151284 0.487499 0.00126025
0 0.0770192 0.708386 0.084175 0.110975 0.00124939
0 0.696441 0.223757 0.0265219 0.0369161 0.00122245
0 0.0951766 0.916707 0.190353 0.14384 0.00121174
0 0.641516 0.392398 0.0207033 0.0189127 0.00119355
0 0.696637 0.236752 0.0260327 0.0551262 0.00116212
0 0.135309 0.186971 0.0173876 0.0757181 0.0011185
0 0.425062 0.569192 0.0248158 0.0407348 0.00111302
0 0.880103 0.134196 0.239794 0.268391 0.00110548
0 0.134614 0.239359 0.0158259 0.0665624 0.00109248
0 0.139885 0.996504 0.234341 0.00699234 0.00108212
0 0.959175 0.691185 0.0816491 0.518285 0.0010761
0 0.206206 0.0040276 0.0202423 0.0080552 0.00105856
0 0.134701 0.84223 0.180833 0.118678 0.00103631
0 0.7837 0.174893 0.0654083 0.349785 0.00101111
0 0.951607 0.389675 0.0842171 0.44635 0.00100966
0 0.0783843 0.683045 0.156769 0.2057 0.00100231
