0 0.410838 0.52348 0.0597782 0.0277395 0.666901
0 0.565668 0.478544 0.03376 0.0219331 0.30789
0 0.574753 0.477674 0.0521567 0.0264535 0.190439
0 0.409012 0.52576 0.0631999 0.0557658 0.16096
0 0.562946 0.480272 0.0244778 0.0173036 0.124609
0 0.421172 0.519659 0.0664579 0.0283095 0.044657
0 0.407383 0.51711 0.0626967 0.0319808 0.0387336
0 0.588137 0.476101 0.073502 0.0271139 0.0287177
0 0.621993 0.92697 0.0260368 0.0244881 0.0267324
0 0.41045 0.537391 0.07707 0.0886346 0.0196378
0 0.620993 0.928807 0.0307104 0.0369953 0.0181425
0 0.575495 0.480744 0.0602588 0.0543541 0.0151391
0 0.55992 0.482805 0.0164195 0.0154312 0.0121568
0 0.414475 0.516036 0.0830372 0.0909306 0.0113312
0 0.580459 0.483646 0.0586822 0.0334841 0.00790738
0 0.624481 0.923916 0.0174736 0.0199726 0.00690456
0 0.419128 0.532747 0.0761424 0.0571254 0.00496641
0 0.392155 0.500558 0.190766 0.272527 0.00488784
0 0.554353 0.483625 0.0160517 0.0147847 0.00380667
0 0.424929 0.51494 0.0452698 0.02029 0.00336215
0 0.618666 0.933128 0.0355703 0.0535126 0.00335542
0 0.597386 0.470713 0.0831336 0.0389149 0.00328746
0 0.558182 0.479859 0.0304803 0.0233206 0.00278321
0 0.557776 0.478308 0.0486255 0.0267636 0.00252451
0 0.587952 0.485288 0.0772367 0.0435789 0.00242838
0 0.602895 0.470661 0.0610581 0.0257587 0.00221357
0 0.495153 0.504775 0.23562 0.0721152 0.00177983
0 0.58035 0.464809 0.055744 0.0497529 0.00171479
0 0.436748 0.517591 0.0994442 0.0318988 0.00150878
0 0.959094 0.966438 0.0618174 0.0534515 0.00147701
0 0.225971 0.546584 0.0181334 0.0486252 0.0014725
0 0.433656 0.541028 0.23996 0.264525 0.00143773
0 0.590602 0.46326 0.0814191 0.0578959 0.00137282
0 0.588238 0.462242 0.104938 0.107091 0.00125425
0 0.612671 0.93098 0.0288566 0.0322008 0.00114841
0 0.406195 0.509211 0.0730731 0.0379951 0.00112971
0 0.58933 0.489696 0.0998511 0.0867847 0.00109442
0 0.603631 0.471821 0.0386496 0.0151294 0.00101409
0 0.451534 0.516361 0.158141 0.0511816 0.00100848
0 0.40646 0.563486 0.0951146 0.112448 0.00100818
