0 0.500682 0.498952 0.0743784 0.130505 0.774652
0 0.498903 0.495892 0.165908 0.180041 0.0671848
0 0.521964 0.539974 0.031542 0.0413316 0.0639541
0 0.497183 0.490897 0.0570385 0.0622367 0.0177613
0 0.478937 0.459205 0.027906 0.0348165 0.0156527
0 0.488124 0.473034 0.0472117 0.0675109 0.0128477
0 0.473417 0.452874 0.0165828 0.0246461 0.0112392
0 0.514931 0.536008 0.041676 0.0434629 0.0111021
0 0.518962 0.528589 0.0447949 0.0618096 0.0100844
0 0.523227 0.546516 0.0265534 0.0331572 0.00854237
0 0.499658 0.477974 0.0674152 0.0846077 0.00753042
0 0.507977 0.526411 0.0564508 0.0558573 0.00747227
0 0.958682 0.956536 0.063518 0.0749344 0.00746003
0 0.473098 0.448054 0.0153363 0.0189671 0.0066283
0 0.417171 0.052905 0.0135241 0.0124506 0.00652032
0 0.390712 0.261626 0.0137232 0.00956087 0.00641166
0 0.238948 0.771093 0.0185989 0.00705929 0.006297
0 0.882096 0.151435 0.0139118 0.00936255 0.00578563
0 0.066757 0.303414 0.0319056 0.0606158 0.00551133
0 0.807948 0.477005 0.0112307 0.00920858 0.0044489
0 0.484809 0.468959 0.0352175 0.0505293 0.00439258
0 0.333221 0.888588 0.0225465 0.0127819 0.0040879
0 0.240096 0.771516 0.0175872 0.0121387 0.00407166
0 0.33405 0.889903 0.0166656 0.010454 0.0037196
0 0.518873 0.498006 0.109387 0.146703 0.00348594
0 0.479024 0.494552 0.0587489 0.0985764 0.00287274
0 0.519712 0.544774 0.044003 0.0526599 0.00279105
0 0.513058 0.516965 0.0559559 0.102387 0.00270621
0 0.575695 0.0328446 0.0138107 0.0181637 0.00270393
0 0.237439 0.773461 0.0171789 0.00862327 0.00267433
0 0.503313 0.52636 0.0616526 0.0827334 0.00253225
0 0.473347 0.0137225 0.0152999 0.00976147 0.00245577
0 0.391705 0.26077 0.0160181 0.0141458 0.00218548
0 0.614219 0.563174 0.0110765 0.0107215 0.00215181
0 0.513559 0.521027 0.0896695 0.10849 0.002121
0 0.961189 0.942514 0.0776225 0.114647 0.00201019
0 0.884291 0.153107 0.0177088 0.0138402 0.00198419
0 0.237698 0.773715 0.0116595 0.0105636 0.00192414
0 0.240182 0.774143 0.0206068 0.0179358 0.00185025
0 0.388858 0.259795 0.0156981 0.00904126 0.00184323
0 0.810809 0.475666 0.0147236 0.0141453 0.00177521
0 0.944819 0.85745 0.109181 0.2851 0.00174228
0 0.88429 0.153816 0.013788 0.00954959 0.00167682
0 0.0802241 0.289363 0.0239309 0.0283162 0.00155039
0 0.0701864 0.304997 0.0457161 0.076377 0.00141512
0 0.481942 0.50327 0.0870053 0.129034 0.00140518
0 0.477497 0.0126818 0.0163565 0.0105147 0.00136065
0 0.569912 0.266417 0.00991039 0.0108315 0.00135487
0 0.710051 0.85595 0.0105357 0.0116737 0.00129841
0 0.488934 0.500708 0.0546074 0.0640924 0.00121437
0 0.08461 0.283419 0.0208844 0.0234087 0.0011119
0 0.475139 0.0138296 0.0173095 0.0147624 0.00109054
0 0.33699 0.887745 0.0207303 0.0161428 0.00108998
0 0.0773838 0.342656 0.0150093 0.0229783 0.00108494
0 0.840279 0.0328359 0.0128286 0.0159915 0.00106409
0 0.336243 0.886571 0.0239322 0.0095562 0.00105661
0 0.0771916 0.342861 0.022613 0.0174406 0.00101877
