0 0.220932 0.830386 0.0389467 0.0606588 0.829241
0 0.397121 0.342719 0.164488 0.514945 0.637138
0 0.460118 0.0571586 0.145147 0.104359 0.444608
0 0.707193 0.0480897 0.406047 0.0546287 0.277255
0 0.412218 0.307888 0.153813 0.268895 0.112846
0 0.3885 0.357529 0.161662 0.318122 0.105684
0 0.703358 0.0433147 0.456353 0.0822754 0.105395
0 0.466332 0.0785505 0.139992 0.157101 0.0839346
0 0.700947 0.0657577 0.414587 0.0754818 0.0784731
0 0.415898 0.267082 0.129053 0.485213 0.0710488
0 0.705487 0.0635356 0.508367 0.127071 0.0494416
0 0.665133 0.0876696 0.541594 0.132821 0.0480001
0 0.412545 0.281999 0.0913976 0.255626 0.045228
0 0.390725 0.353041 0.0960195 0.25902 0.0383787
0 0.654509 0.128517 0.548486 0.220714 0.0313471
0 0.729315 0.0577254 0.346816 0.0362717 0.0284832
0 0.219658 0.835706 0.0597007 0.0919849 0.0257632
0 0.215626 0.834806 0.0350679 0.0467674 0.0199236
0 0.435163 0.0561528 0.0838364 0.0948768 0.0181955
0 0.434378 0.238763 0.106802 0.37738 0.0171746
0 0.412996 0.0613464 0.0401784 0.0963872 0.0162547
0 0.468884 0.0263875 0.144756 0.0397824 0.0142232
0 0.234416 0.829598 0.0540699 0.0551769 0.0131911
0 0.469086 0.038954 0.136203 0.060445 0.0131697
0 0.716394 0.071273 0.369509 0.0501155 0.0126379
0 0.438688 0.160874 0.0711487 0.157888 0.012197
0 0.420852 0.293117 0.192191 0.586233 0.011724
0 0.209549 0.830182 0.0357646 0.0455622 0.0107393
0 0.371574 0.445795 0.111759 0.360924 0.0105526
0 0.40533 0.0645479 0.0311197 0.0814742 0.0100104
0 0.478353 0.0996179 0.201088 0.199236 0.00986582
0 0.452566 0.139697 0.109742 0.232602 0.00939499
0 0.14477 0.00441403 0.0128306 0.00882806 0.0091184
0 0.22056 0.845657 0.0326407 0.0439083 0.0080397
0 0.313958 0.307777 0.373659 0.600123 0.00682266
0 0.485556 0.313301 0.244998 0.626603 0.00661319
0 0.68969 0.0492337 0.33422 0.0365386 0.00622694
0 0.357027 0.502316 0.079313 0.205589 0.00592725
0 0.147026 0.00603336 0.0171645 0.00993279 0.00533147
0 0.616293 0.251846 0.596812 0.496894 0.00519422
0 0.4381 0.168269 0.0558193 0.109836 0.00493223
0 0.660672 0.0589847 0.628169 0.117969 0.00475533
0 0.490229 0.0193993 0.103096 0.026097 0.00450838
0 0.534295 0.279254 0.405985 0.558509 0.00428672
0 0.396903 0.409901 0.115471 0.408133 0.00425842
0 0.195871 0.841942 0.189544 0.245862 0.00411145
0 0.241158 0.839553 0.203452 0.267574 0.00410735
0 0.710951 0.0919424 0.336521 0.101343 0.00407962
0 0.458947 0.143355 0.189466 0.28671 0.0039953
0 0.353006 0.471992 0.108303 0.285191 0.00355835
0 0.45806 0.0555532 0.20599 0.111106 0.00337538
0 0.726789 0.0953666 0.469011 0.190733 0.00336892
0 0.347787 0.313573 0.197926 0.57828 0.00310794
0 0.713517 0.0531838 0.159593 0.04276 0.00295584
0 0.220006 0.814216 0.0308047 0.0508257 0.00293134
0 0.418258 0.0690237 0.206706 0.138047 0.0027303
0 0.541633 0.146037 0.402149 0.292073 0.00271731
0 0.419527 0.0659055 0.0607824 0.109597 0.00264705
0 0.345282 0.563113 0.0544143 0.0992745 0.00254076
0 0.338218 0.577519 0.0434563 0.0819061 0.00252155
0 0.408387 0.0757755 0.0257561 0.0595062 0.00251237
0 0.427787 0.23313 0.078649 0.26337 0.00249175
0 0.616122 0.0330798 0.478613 0.0659184 0.00238945
0 0.460443 0.0656544 0.0953782 0.108965 0.00237609
0 0.209972 0.831888 0.0474622 0.0674034 0.00236134
0 0.844771 0.0687504 0.148164 0.0236127 0.00224302
0 0.448533 0.185788 0.0928451 0.346134 0.00220271
0 0.269175 0.335689 0.53835 0.671378 0.00206702
0 0.339345 0.541535 0.0176314 0.0524121 0.00204709
0 0.381292 0.494437 0.156695 0.339386 0.00202609
0 0.470887 0.0215303 0.0911426 0.0216427 0.00194848
0 0.375367 0.307688 0.123512 0.243521 0.00193362
0 0.408349 0.0914673 0.0178396 0.0265366 0.00191304
0 0.342795 0.542696 0.0300435 0.092695 0.00186123
0 0.867431 0.0672567 0.103554 0.0199891 0.001843
0 0.423044 0.362884 0.1191 0.275095 0.00177574
0 0.219297 0.812782 0.0357258 0.0326309 0.00176227
0 0.343675 0.537774 0.0428388 0.116577 0.00174469
0 0.560069 0.0324306 0.0524402 0.0313727 0.00170802
0 0.715142 0.0687519 0.168956 0.0578379 0.00164953
0 0.349335 0.53894 0.0651391 0.1539 0.00164417
0 0.484001 0.205187 0.196367 0.410375 0.00159063
0 0.633144 0.0458398 0.242046 0.0396349 0.00154857
0 0.145478 0.00515947 0.018229 0.0103189 0.00152261
0 0.852894 0.0636623 0.121306 0.0230529 0.00149412
0 0.338853 0.540295 0.0165553 0.0300096 0.00142475
0 0.43151 0.13474 0.0340215 0.0617969 0.00142103
0 0.0396902 0.973995 0.0793804 0.0520106 0.00140862
0 0.244438 0.831266 0.0851104 0.0649767 0.00140356
0 0.730131 0.0616979 0.161851 0.040558 0.00140081
0 0.111276 0.780523 0.0287362 0.0218519 0.00129609
0 0.41524 0.0578062 0.0495548 0.0634892 0.00126518
0 0.502599 0.0641809 0.208208 0.118856 0.00125715
0 0.332486 0.591703 0.0297922 0.0497892 0.00124668
0 0.716657 0.0332208 0.331708 0.0664416 0.00123789
0 0.339514 0.541608 0.0274672 0.0342145 0.00120337
0 0.433719 0.147241 0.0412546 0.0910867 0.00119665
0 0.139244 0.00506108 0.01583 0.00880697 0.00118844
0 0.634085 0.302603 0.490278 0.605205 0.001172
0 0.587804 0.0373176 0.135929 0.0380366 0.00116257
0 0.47902 0.0142631 0.122366 0.0246225 0.00114006
0 0.0268557 0.976231 0.0537114 0.047538 0.00112787
0 0.535706 0.0958907 0.342994 0.165374 0.00110072
0 0.408076 0.0871639 0.0231775 0.030205 0.001037
0 0.98272 0.56805 0.0134726 0.0271024 0.00100895
0 0.892507 0.0645407 0.0586676 0.0183116 0.00100246
