0 0.911198 0.250533 0.0913578 0.158597 0.543525
0 0.47657 0.501578 0.294692 0.385779 0.52309
0 0.147515 0.0569208 0.0141218 0.0356147 0.496674
0 0.906323 0.0722996 0.0220589 0.0510143 0.494958
0 0.325581 0.633088 0.068563 0.0593662 0.449548
0 0.175963 0.235911 0.0234792 0.0469139 0.397624
0 0.444996 0.220787 0.0226079 0.0377437 0.348866
0 0.177473 0.109555 0.017432 0.0214401 0.260607
0 0.585351 0.552528 0.082019 0.0597867 0.225119
0 0.205165 0.0129547 0.0245595 0.0194285 0.22267
0 0.226091 0.643794 0.0597483 0.0271472 0.189199
0 0.918132 0.214505 0.0991575 0.221472 0.17873
0 0.615374 0.0955348 0.0120372 0.0214782 0.170962
0 0.976048 0.0732037 0.035434 0.0176664 0.158551
0 0.738739 0.669549 0.0891634 0.160633 0.154376
0 0.717544 0.219159 0.0274735 0.0380788 0.147519
0 0.185772 0.532429 0.0396945 0.0372058 0.130925
0 0.618152 0.0968162 0.0144316 0.0233095 0.106911
0 0.905239 0.0647128 0.0281664 0.047136 0.0804386
0 0.908086 0.245211 0.149973 0.200423 0.0798917
0 0.505681 0.455719 0.22915 0.301647 0.0776513
0 0.33072 0.638124 0.0862363 0.0887313 0.0693477
0 0.909158 0.0842139 0.0127506 0.0280873 0.0599868
0 0.571464 0.788202 0.104983 0.160508 0.0531639
0 0.147068 0.054782 0.0220958 0.0336025 0.0495349
0 0.0485953 0.368795 0.0214114 0.0232587 0.0469753
0 0.261282 0.593063 0.0296434 0.0327738 0.0464312
0 0.943232 0.170779 0.0273806 0.0507146 0.0434602
0 0.0482127 0.362483 0.0240935 0.0369722 0.0432811
0 0.446631 0.22231 0.0297088 0.0506129 0.0374046
0 0.988239 0.63043 0.0235217 0.0294674 0.0357489
0 0.924974 0.210152 0.150053 0.259648 0.0322712
0 0.191897 0.530378 0.0423058 0.0284162 0.0316461
0 0.578893 0.558098 0.127626 0.164163 0.0308282
0 0.421784 0.663169 0.0412063 0.0440294 0.0303648
0 0.724797 0.694777 0.110734 0.202179 0.0301606
0 0.937934 0.176697 0.0439377 0.0724038 0.0294989
0 0.540009 0.792328 0.156313 0.178051 0.0266797
0 0.992808 0.527598 0.0143847 0.0377943 0.0259043
0 0.413211 0.549017 0.178754 0.287093 0.024594
0 0.418456 0.521187 0.266116 0.346915 0.0230357
0 0.177616 0.227985 0.019455 0.0416005 0.0225673
0 0.219121 0.645774 0.0357122 0.0245721 0.0223704
0 0.147804 0.0582134 0.0258934 0.0536107 0.0221952
0 0.263501 0.917916 0.0496317 0.0803804 0.0221867
0 0.203252 0.0103296 0.0188011 0.0171126 0.0211826
0 0.302001 0.494896 0.0166449 0.0196576 0.0192061
0 0.350866 0.542735 0.012498 0.0296932 0.01901
0 0.941438 0.181073 0.0530745 0.121008 0.0189863
0 0.628894 0.111671 0.0312754 0.0319634 0.0184854
0 0.766062 0.533159 0.04255 0.10457 0.0182263
0 0.941562 0.168389 0.0231133 0.0357659 0.0178416
0 0.41061 0.585352 0.135907 0.216927 0.0172598
0 0.906021 0.279701 0.0857365 0.114382 0.0171731
0 0.311221 0.643234 0.0344816 0.0470093 0.0170906
0 0.618076 0.100461 0.0237489 0.0312972 0.0169032
0 0.608254 0.334949 0.0530168 0.0494009 0.0164203
0 0.318926 0.647542 0.0493931 0.0508987 0.0160417
0 0.279241 0.431749 0.0143085 0.0174376 0.0159419
0 0.418234 0.652092 0.0518677 0.0641067 0.0156698
0 0.229756 0.643566 0.0698689 0.0470865 0.0156326
0 0.336391 0.623968 0.0604755 0.0396907 0.0155592
0 0.737595 0.528788 0.0872357 0.12499 0.0153736
0 0.613244 0.100476 0.0140882 0.0270648 0.0152582
0 0.632329 0.116579 0.0278376 0.0213232 0.0152377
0 0.282859 0.00339607 0.0135852 0.00679215 0.0152276
0 0.209627 0.00941384 0.019432 0.0160867 0.0146481
0 0.716467 0.207427 0.0282464 0.0513214 0.0146137
0 0.53699 0.414121 0.207041 0.199191 0.0145193
0 0.938545 0.17087 0.118245 0.267257 0.0144839
0 0.52909 0.652884 0.0634202 0.0409832 0.0144815
0 0.742755 0.66449 0.187498 0.219011 0.0131087
0 0.39088 0.626422 0.117496 0.105893 0.0128376
0 0.976876 0.0780355 0.0347118 0.0221224 0.0127663
0 0.420378 0.202434 0.0149116 0.0133469 0.0117793
0 0.185498 0.534661 0.0491023 0.0525693 0.0115049
0 0.248208 0.0036525 0.0220274 0.007305 0.0114493
0 0.500102 0.509268 0.19774 0.258989 0.0113202
0 0.631771 0.516867 0.0301056 0.0390894 0.0112329
0 0.0565895 0.0215034 0.00773028 0.0147068 0.0111576
0 0.343165 0.643497 0.216278 0.212579 0.0109277
0 0.684365 0.790157 0.12993 0.161047 0.0107581
0 0.945974 0.167497 0.0406115 0.0586673 0.0105334
0 0.0481131 0.370949 0.0149324 0.0196435 0.0103614
0 0.174021 0.243813 0.0300771 0.0661712 0.0102554
0 0.691661 0.745979 0.184235 0.275876 0.0100714
0 0.710674 0.699018 0.166778 0.249519 0.00991331
0 0.00763835 0.645581 0.0152767 0.0317075 0.00966366
0 0.597835 0.548372 0.082601 0.046852 0.00934232
0 0.237075 0.641044 0.0483283 0.0225905 0.00928927
0 0.490456 0.585677 0.351237 0.519486 0.00888832
0 0.448749 0.23739 0.0252532 0.0657268 0.00887715
0 0.926282 0.250281 0.0802261 0.117744 0.0087912
0 0.303368 0.0798508 0.010747 0.0165607 0.00877929
0 0.483495 0.737398 0.0309275 0.0369584 0.0087765
0 0.616509 0.0917629 0.0155189 0.0234934 0.00868582
0 0.0912334 0.978052 0.0765131 0.0395683 0.00860766
0 0.558328 0.551172 0.274661 0.372028 0.00791585
0 0.978534 0.130715 0.0412121 0.0307046 0.00747869
0 0.308089 0.650826 0.0264335 0.0388078 0.00738733
0 0.389359 0.623783 0.152832 0.152259 0.00714023
0 0.904783 0.0587071 0.0214327 0.043261 0.007075
0 0.856688 0.700114 0.0217075 0.0271048 0.0070422
0 0.286223 0.00376967 0.0157986 0.00753934 0.00689284
0 0.717848 0.333349 0.0745388 0.0822985 0.00671093
0 0.660318 0.83816 0.090685 0.0701181 0.00634594
0 0.0986849 0.977727 0.0566712 0.0313589 0.00621021
0 0.916306 0.854806 0.151191 0.274677 0.00613452
0 0.244247 0.64197 0.0735357 0.0293505 0.00608395
0 0.400759 0.0656675 0.0136665 0.018991 0.00603255
0 0.612493 0.332809 0.0423259 0.0318428 0.00588668
0 0.254538 0.00444226 0.0267306 0.00888452 0.00578608
0 0.178058 0.115508 0.019129 0.0263032 0.00575451
0 0.749584 0.649252 0.0751345 0.123305 0.00570932
0 0.426238 0.205347 0.0166836 0.015433 0.00546242
0 0.940988 0.161274 0.0264975 0.0301997 0.00509104
0 0.353014 0.550407 0.020999 0.0429672 0.00506259
0 0.183653 0.540706 0.0416299 0.036157 0.00504193
0 0.172654 0.238531 0.0454544 0.0634619 0.00499327
0 0.484414 0.736541 0.0413639 0.051011 0.00495062
0 0.547762 0.219707 0.011238 0.0117478 0.00480064
0 0.667686 0.816914 0.116876 0.115693 0.00478049
0 0.883484 0.316681 0.0277988 0.0319976 0.00476923
0 0.678984 0.272893 0.0107656 0.0204874 0.00475522
0 0.14184 0.0568498 0.0207266 0.0385707 0.0047352
0 0.32698 0.6162 0.0625848 0.0568785 0.00473115
0 0.057342 0.0213236 0.0115146 0.0119976 0.00471448
0 0.0155504 0.92796 0.0311009 0.0522268 0.00466512
0 0.945041 0.23154 0.0320709 0.0764621 0.00461394
0 0.636738 0.116326 0.0166821 0.0200626 0.0046037
0 0.0598036 0.0208809 0.0140094 0.0174065 0.00447096
0 0.264575 0.590458 0.0266655 0.0241241 0.00442454
0 0.0487509 0.362484 0.028835 0.0530072 0.00439628
0 0.0579826 0.0183702 0.0124405 0.0168222 0.00438668
0 0.667665 0.461849 0.0401259 0.0398106 0.00436573
0 0.663777 0.710242 0.365398 0.373774 0.00429527
0 0.300963 0.606628 0.233227 0.183709 0.00425083
0 0.488893 0.732804 0.0368406 0.0330424 0.00420952
0 0.441728 0.226773 0.0195961 0.0393291 0.00415325
0 0.102821 0.980663 0.0382846 0.026881 0.00414107
0 0.453173 0.687001 0.0438579 0.0463219 0.00413498
0 0.335989 0.655389 0.0831836 0.0696887 0.00412595
0 0.0111547 0.75154 0.0223094 0.0512906 0.00411182
0 0.767461 0.464657 0.0163021 0.0134265 0.00410355
0 0.18311 0.109506 0.0251912 0.0218721 0.00408188
0 0.121426 0.100905 0.0111254 0.0105556 0.00405435
0 0.178693 0.104068 0.0205391 0.0215036 0.0040285
0 0.306705 0.639697 0.0739536 0.0516725 0.00402262
0 0.335582 0.597319 0.0680221 0.12052 0.00400661
0 0.440795 0.587442 0.311628 0.324028 0.00393354
0 0.758271 0.54019 0.0437169 0.0871411 0.00386057
0 0.734531 0.623525 0.0996275 0.238634 0.00386003
0 0.141315 0.0534359 0.0308081 0.036029 0.00384186
0 0.0531039 0.020614 0.0143205 0.0177705 0.00373113
0 0.622222 0.0952477 0.0205504 0.0271314 0.00371981
0 0.314504 0.654872 0.0729633 0.0598924 0.003703
0 0.460972 0.534366 0.259813 0.253627 0.00358232
0 0.00996755 0.748528 0.0144032 0.0554432 0.00357938
0 0.976699 0.0817934 0.0462458 0.0618722 0.00357414
0 0.412299 0.662827 0.0675479 0.0532522 0.00350925
0 0.586503 0.788289 0.258921 0.21151 0.00349602
0 0.356943 0.621532 0.122275 0.136499 0.00348749
0 0.208301 0.0110837 0.0300192 0.0221674 0.00347663
0 0.258376 0.598139 0.037359 0.0355816 0.00343485
0 0.183375 0.233052 0.029417 0.0480433 0.0033902
0 0.0709586 0.977574 0.0836931 0.0370026 0.00334405
0 0.655733 0.651755 0.546603 0.580287 0.00333728
0 0.33389 0.440528 0.0188018 0.0122595 0.00333459
0 0.946711 0.183416 0.0748985 0.160218 0.0033195
0 0.917866 0.0809004 0.0300476 0.0386134 0.00326417
0 0.348752 0.560738 0.0232301 0.049929 0.00325879
0 0.304064 0.65574 0.0174167 0.0357463 0.00324482
0 0.0191638 0.923521 0.0192921 0.0368134 0.00321943
0 0.531972 0.653931 0.0967886 0.0485891 0.00313454
0 0.662735 0.462948 0.0285458 0.0318561 0.00313164
0 0.205874 0.0217988 0.0320441 0.0435977 0.00308011
0 0.620341 0.0982333 0.0314562 0.057347 0.00306933
0 0.177907 0.113398 0.0314344 0.0594426 0.00302849
0 0.400088 0.241918 0.0146909 0.0194283 0.00301367
0 0.908827 0.0761395 0.050275 0.0713096 0.00295836
0 0.984167 0.0719486 0.0316653 0.0168667 0.00294194
0 0.300881 0.498912 0.0258925 0.0242941 0.0029068
0 0.567884 0.454603 0.251283 0.311354 0.00290316
0 0.237586 0.626794 0.0745947 0.0590946 0.00286486
0 0.473726 0.417019 0.365595 0.302875 0.00281249
0 0.974413 0.137434 0.0511026 0.0712508 0.00276293
0 0.351334 0.547499 0.0164414 0.0305933 0.0027507
0 0.470237 0.566094 0.0340408 0.0389118 0.00274534
0 0.922968 0.278478 0.154065 0.199407 0.00274529
0 0.879336 0.216014 0.176601 0.21637 0.00273264
0 0.349271 0.539075 0.0107655 0.0257065 0.00270752
0 0.884473 0.310571 0.0337124 0.0370852 0.00269817
0 0.495968 0.443935 0.162516 0.22938 0.00267914
0 0.725572 0.323779 0.0612419 0.0555487 0.00267827
0 0.154076 0.0548601 0.0316531 0.0575406 0.00267558
0 0.488002 0.815923 0.159284 0.172077 0.00264608
0 0.730356 0.551789 0.0974679 0.0943903 0.00262045
0 0.0745483 0.976312 0.118299 0.0473759 0.00261342
0 0.385981 0.537561 0.0411887 0.0264392 0.00260659
0 0.237002 0.646992 0.0522187 0.0308372 0.00260067
0 0.771432 0.143906 0.0204473 0.0227044 0.0025901
0 0.55481 0.428774 0.152851 0.263741 0.00257148
0 0.581031 0.567456 0.0952238 0.0971531 0.00251207
0 0.973061 0.95664 0.0538777 0.0867198 0.00251141
0 0.819916 0.0303545 0.0163662 0.0210717 0.0025079
0 0.599793 0.546062 0.0522508 0.0432364 0.00245502
0 0.576358 0.562816 0.0797126 0.0585743 0.00244414
0 0.918483 0.0717822 0.0455271 0.0481448 0.00243492
0 0.593204 0.359174 0.0921192 0.0918179 0.00240504
0 0.775205 0.14441 0.0329977 0.0263864 0.00238118
0 0.263499 0.906113 0.067925 0.113628 0.00236294
0 0.609429 0.548304 0.105952 0.0697565 0.00235152
0 0.0562536 0.013941 0.0168824 0.0129677 0.00227109
0 0.248933 0.410586 0.0210547 0.0187736 0.00226093
0 0.770385 0.466536 0.0191342 0.0133651 0.00225745
0 0.461515 0.516168 0.153431 0.293464 0.00222792
0 0.954054 0.721228 0.0168659 0.0239723 0.00222782
0 0.960434 0.281976 0.0184763 0.0320018 0.00222534
0 0.0117247 0.935054 0.0234495 0.0395887 0.00220783
0 0.257864 0.600218 0.0446906 0.0643476 0.00220641
0 0.908871 0.261304 0.0587368 0.0631037 0.00218561
0 0.581386 0.379917 0.126926 0.134864 0.00218139
0 0.365657 0.589819 0.0896883 0.136229 0.00213987
0 0.491964 0.732054 0.041428 0.047754 0.00213428
0 0.0531579 0.0168479 0.0194363 0.0192768 0.00210409
0 0.966719 0.0732481 0.0202225 0.0165564 0.0021
0 0.607789 0.0989363 0.0225531 0.0273417 0.00207724
0 0.480125 0.822469 0.0591476 0.118206 0.0020591
0 0.90068 0.307703 0.0676088 0.0598743 0.00205667
0 0.335224 0.639907 0.055478 0.0605919 0.00203937
0 0.668611 0.793308 0.188593 0.203937 0.00203481
0 0.391662 0.610688 0.0882959 0.156564 0.00202913
0 0.452279 0.250399 0.0303677 0.0849431 0.00196928
0 0.354129 0.794809 0.0189349 0.0119707 0.00196199
0 0.30477 0.644274 0.0243613 0.0404042 0.00194857
0 0.271074 0.00373158 0.0189186 0.00746317 0.00193761
0 0.972035 0.121509 0.0535677 0.0637156 0.0019289
0 0.91809 0.209379 0.0774477 0.153446 0.0019183
0 0.5312 0.649848 0.123098 0.0662253 0.00191431
0 0.448646 0.214367 0.0257239 0.0364938 0.0019112
0 0.235618 0.648804 0.117258 0.0960431 0.00190404
0 0.10527 0.975116 0.0246126 0.0273989 0.0019001
0 0.369008 0.55615 0.229775 0.230058 0.00187667
0 0.543876 0.817854 0.236208 0.201292 0.00186254
0 0.947563 0.177581 0.0249912 0.0570812 0.00186208
0 0.965497 0.0772933 0.0203936 0.0222114 0.00186108
0 0.054801 0.0144198 0.010434 0.0156699 0.00185877
0 0.921436 0.0692841 0.0711123 0.0657921 0.00184925
0 0.709259 0.216402 0.0413902 0.0474493 0.00184748
0 0.890197 0.28461 0.0750072 0.0986067 0.00182752
0 0.720327 0.614927 0.184961 0.41416 0.00182673
0 0.206778 0.0205487 0.0246239 0.0273135 0.00180955
0 0.354028 0.569056 0.0230306 0.0630837 0.00180325
0 0.304352 0.187485 0.00989137 0.0200671 0.00178922
0 0.803226 0.684855 0.0476326 0.0341104 0.00177933
0 0.725009 0.746589 0.0519186 0.0616774 0.0017704
0 0.16627 0.0944415 0.0260975 0.0441721 0.00176983
0 0.978918 0.961575 0.0421639 0.063467 0.00176433
0 0.365065 0.50919 0.546321 0.33939 0.00176034
0 0.625487 0.10744 0.0408611 0.0549348 0.00175518
0 0.891384 0.308525 0.0493914 0.0478112 0.00175507
0 0.952342 0.0917477 0.0885717 0.0901418 0.00175345
0 0.145594 0.0711572 0.02807 0.0401438 0.00173261
0 0.600759 0.345591 0.0638262 0.062407 0.00173173
0 0.399517 0.652858 0.105791 0.0826465 0.00173154
0 0.605096 0.105379 0.026411 0.0312404 0.00172191
0 0.94956 0.197175 0.100879 0.240228 0.00170078
0 0.104946 0.974914 0.0403856 0.0248631 0.00168769
0 0.480476 0.837006 0.0996585 0.125302 0.00168166
0 0.448898 0.228674 0.0490172 0.0635153 0.00166261
0 0.978312 0.0869564 0.0370419 0.0446252 0.00165783
0 0.720079 0.741288 0.124971 0.235261 0.00165673
0 0.305952 0.0775907 0.0158552 0.0152861 0.00164827
0 0.550482 0.220555 0.0174392 0.0126997 0.00164191
0 0.123761 0.0989226 0.0144005 0.0141143 0.00163541
0 0.675866 0.270827 0.0104507 0.0228065 0.00160791
0 0.905937 0.0916099 0.0159603 0.0287398 0.00158288
0 0.356064 0.579049 0.0298878 0.085606 0.0015794
0 0.183743 0.10712 0.0300966 0.0688069 0.00157646
0 0.970866 0.139951 0.0582671 0.113224 0.00156597
0 0.363593 0.551929 0.40291 0.274291 0.00155073
0 0.742809 0.637579 0.0574631 0.0891388 0.00154948
0 0.345569 0.661613 0.112908 0.117503 0.00153265
0 0.737377 0.533549 0.167752 0.185858 0.00153156
0 0.165949 0.239191 0.0348327 0.0528158 0.00152016
0 0.675984 0.270307 0.0168056 0.0172409 0.00151978
0 0.311775 0.964532 0.0142409 0.0155313 0.00151354
0 0.340893 0.61542 0.068086 0.0747002 0.00150049
0 0.313537 0.636168 0.0497696 0.0498856 0.00149268
0 0.906145 0.0579794 0.0314367 0.0705539 0.0014919
0 0.652708 0.301973 0.0181623 0.0242079 0.00149025
0 0.0480747 0.351203 0.0259544 0.0486074 0.00148537
0 0.140529 0.0478248 0.0224849 0.0273002 0.00147836
0 0.822224 0.0369759 0.0159101 0.0322408 0.00147309
0 0.240513 0.620692 0.164069 0.154242 0.001472
0 0.94317 0.151667 0.0444191 0.0713264 0.00146914
0 0.63757 0.113212 0.0239807 0.023939 0.00144753
0 0.623282 0.0380172 0.0160478 0.0100762 0.00144518
0 0.817748 0.0273556 0.0150156 0.0154314 0.00143489
0 0.330232 0.0512422 0.0141686 0.0143787 0.00142872
