0 0.472339 0.508419 0.136864 0.108759 0.786918
0 0.585424 0.471339 0.0224695 0.0774325 0.499704
0 0.586646 0.459268 0.0196727 0.0525466 0.238919
0 0.589399 0.467589 0.0223787 0.0571296 0.120803
0 0.507809 0.501769 0.0515277 0.0773218 0.113451
0 0.473035 0.516849 0.0959605 0.0967463 0.0823134
0 0.436219 0.466646 0.0281288 0.0342388 0.0776415
0 0.451483 0.516053 0.103386 0.0849052 0.055717
0 0.510254 0.501492 0.0847845 0.084854 0.0453092
0 0.451411 0.018104 0.0123024 0.0148129 0.0442604
0 0.441317 0.536544 0.0546332 0.0507101 0.0326866
0 0.590387 0.482164 0.026145 0.0772574 0.0283596
0 0.587706 0.45043 0.0184022 0.033822 0.0266992
0 0.441768 0.47211 0.0412187 0.0319306 0.0215901
0 0.515704 0.49817 0.114946 0.107019 0.017772
0 0.481385 0.51962 0.173626 0.149119 0.013783
0 0.432664 0.542106 0.0511289 0.0456204 0.0115205
0 0.451343 0.0179102 0.0160542 0.0189822 0.0113325
0 0.587013 0.48749 0.0261649 0.111112 0.011271
0 0.419041 0.551068 0.0203941 0.0214913 0.00986443
0 0.517256 0.495923 0.049728 0.0653678 0.00982749
0 0.765236 0.52847 0.00916586 0.0152172 0.00882134
0 0.436357 0.470513 0.0357823 0.0493215 0.00785585
0 0.422854 0.548119 0.0254615 0.0238878 0.00753031
0 0.455982 0.84872 0.00913353 0.0269567 0.00744881
0 0.579952 0.467931 0.0194123 0.0560308 0.00716726
0 0.468697 0.577793 0.0111222 0.0150284 0.00701757
0 0.444036 0.475869 0.0570616 0.068057 0.00672865
0 0.428306 0.547652 0.0384254 0.0325799 0.00643816
0 0.456175 0.850323 0.0168868 0.0270071 0.00638999
0 0.00629057 0.0109299 0.0125811 0.0156224 0.00632869
0 0.584808 0.477534 0.0531894 0.100016 0.00533232
0 0.508937 0.487308 0.0421644 0.058287 0.00516455
0 0.454034 0.527009 0.0873115 0.0597498 0.00489741
0 0.459183 0.497348 0.0871665 0.0965177 0.00486418
0 0.579932 0.479355 0.0236583 0.0836234 0.00454212
0 0.523175 0.496625 0.227864 0.176316 0.00441776
0 0.437853 0.50886 0.104633 0.116522 0.00426558
0 0.449659 0.0192865 0.0211987 0.0254698 0.00393504
0 0.00490798 0.0129223 0.00981596 0.0224405 0.00370652
0 0.459705 0.477193 0.200556 0.165326 0.0036182
0 0.453389 0.0209639 0.0120798 0.0173164 0.00347789
0 0.447185 0.0132297 0.018889 0.0149556 0.00328087
0 0.453271 0.846301 0.0125247 0.0265726 0.0032181
0 0.481972 0.500749 0.0928531 0.0891566 0.00320663
0 0.472522 0.577326 0.0150703 0.0116259 0.00303084
0 0.450181 0.0175835 0.031492 0.0296013 0.0030082
0 0.472549 0.577509 0.0121389 0.0167729 0.00296053
0 0.466977 0.535946 0.124786 0.0845377 0.00277967
0 0.770893 0.967703 0.0320065 0.0369986 0.00272618
0 0.426199 0.831507 0.021462 0.0299101 0.00271398
0 0.599422 0.477973 0.0532531 0.0956175 0.00271037
0 0.993035 0.992204 0.0115906 0.0123112 0.00266196
0 0.476922 0.545461 0.113926 0.160334 0.00264318
0 0.748454 0.671055 0.0170855 0.0284572 0.00258718
0 0.469079 0.57705 0.0153938 0.0189736 0.00253188
0 0.591488 0.451674 0.027366 0.0474632 0.00245802
0 0.469389 0.578871 0.0163869 0.00988731 0.00238344
0 0.991965 0.991218 0.0150063 0.0162323 0.00227325
0 0.598489 0.457808 0.0309054 0.048021 0.00225759
0 0.471552 0.579593 0.0206335 0.0303 0.00223723
0 0.429543 0.479319 0.048364 0.0460782 0.00223145
0 0.985318 0.215805 0.0177252 0.0270784 0.00221631
0 0.58811 0.482878 0.0762315 0.132488 0.00216502
0 0.454371 0.482414 0.113577 0.0790067 0.00210921
0 0.415832 0.553613 0.0193026 0.0182939 0.00205661
0 0.578881 0.456584 0.0211246 0.0471135 0.00201965
0 0.776282 0.967582 0.0136126 0.0193466 0.00201882
0 0.466225 0.499674 0.058704 0.0709486 0.00193072
0 0.483913 0.479281 0.132435 0.0993502 0.00191875
0 0.765631 0.96786 0.0263028 0.0247143 0.00184878
0 0.436429 0.459864 0.0341763 0.0358099 0.00184463
0 0.767495 0.52789 0.0153452 0.0153829 0.00179747
0 0.427059 0.828695 0.0315745 0.0341036 0.00171913
0 0.560174 0.47869 0.10711 0.128879 0.00165147
0 0.448913 0.0223556 0.0116573 0.0212751 0.00163877
0 0.205918 0.945552 0.00849986 0.020672 0.00162686
0 0.985224 0.214016 0.0162292 0.0154799 0.00154086
0 0.427778 0.468722 0.0252074 0.0322462 0.00152108
0 0.509671 0.481006 0.0623819 0.0545692 0.00151126
0 0.993396 0.985568 0.00833511 0.0242422 0.00150391
0 0.220298 0.945178 0.010194 0.0200699 0.00149455
0 0.766827 0.958109 0.0159756 0.0193888 0.00148718
0 0.430822 0.515683 0.0627056 0.079357 0.00146118
0 0.98095 0.207893 0.025411 0.0373517 0.0014195
0 0.987016 0.803243 0.0098341 0.0368999 0.00136471
0 0.989817 0.216132 0.0157999 0.0199064 0.00135257
0 0.977138 0.488284 0.0243591 0.0324222 0.00134205
0 0.975589 0.185691 0.0225796 0.0169151 0.0012946
0 0.418588 0.502569 0.237852 0.174621 0.00124476
0 0.456103 0.848898 0.0117196 0.0418035 0.00124144
0 0.658433 0.97109 0.0458538 0.044179 0.00121734
0 0.774965 0.957887 0.0131562 0.023521 0.00120578
0 0.977115 0.479755 0.0237112 0.0376258 0.00118438
0 0.981476 0.957999 0.037047 0.0840012 0.00111886
0 0.496512 0.498648 0.0537587 0.0646892 0.00111499
0 0.516777 0.510098 0.0449522 0.0643839 0.00110885
0 0.569305 0.00493731 0.0232648 0.00822974 0.0011041
0 0.576942 0.489501 0.0345578 0.105834 0.00108231
0 0.569894 0.00559026 0.0329535 0.0111805 0.00107727
0 0.50265 0.519424 0.168518 0.106851 0.00107636
0 0.577666 0.00602347 0.0373445 0.0120469 0.00106648
0 0.773306 0.968717 0.0194546 0.0262041 0.00104112
0 0.498569 0.488477 0.0851429 0.0741744 0.00101946
0 0.610335 0.768543 0.0251704 0.025034 0.00100852
0 0.402931 0.841068 0.0101911 0.0228453 0.00100264
