0 0.523341 0.416933 0.0269512 0.109121 0.762671
0 0.47437 0.618806 0.0172544 0.0505901 0.673319
0 0.522756 0.409249 0.022909 0.0724395 0.0836995
0 0.522804 0.413443 0.045491 0.110832 0.033363
0 0.521539 0.439693 0.0220514 0.0678269 0.0273856
0 0.522003 0.386332 0.0209844 0.0593437 0.0151078
0 0.529366 0.413652 0.0648932 0.143195 0.0131399
0 0.538311 0.417627 0.0488716 0.110003 0.0129172
0 0.475048 0.635265 0.0131181 0.0493096 0.0127996
0 0.52267 0.397277 0.0286704 0.06283 0.0124139
0 0.467016 0.617756 0.0218337 0.0550701 0.0115933
0 0.520489 0.451468 0.0181812 0.0453051 0.00942754
0 0.476687 0.608939 0.0187242 0.045622 0.00792368
0 0.471534 0.60854 0.0170526 0.0518632 0.00751261
0 0.517204 0.411382 0.0277828 0.117793 0.00701341
0 0.961716 0.958208 0.0600498 0.0674313 0.00519471
0 0.524337 0.384287 0.0245193 0.0397838 0.00487626
0 0.217497 0.561282 0.0119148 0.00860529 0.00464534
0 0.218465 0.564627 0.0141 0.00808496 0.00442976
0 0.492563 0.0115167 0.0116839 0.0152179 0.00425012
0 0.50681 0.418126 0.0308773 0.103379 0.00390277
0 0.553568 0.415032 0.0335158 0.0755908 0.00355028
0 0.360699 0.729541 0.0122169 0.0134362 0.00342989
0 0.51568 0.416035 0.0246981 0.069101 0.0032577
0 0.540142 0.402132 0.20041 0.249317 0.00293005
0 0.958482 0.946243 0.0755995 0.0945982 0.00281972
0 0.484457 0.618975 0.0284439 0.0623514 0.00272025
0 0.489652 0.00799188 0.018602 0.0154538 0.00232998
0 0.519024 0.379428 0.018279 0.0420572 0.00231218
0 0.360536 0.732374 0.0147074 0.0155317 0.00226609
0 0.492942 0.0121299 0.0167267 0.0183405 0.00223135
0 0.494562 0.402928 0.193149 0.226439 0.00212078
0 0.219117 0.562307 0.0153618 0.0153242 0.00210816
0 0.466645 0.625261 0.0483204 0.0718647 0.0019399
0 0.475555 0.618834 0.0504953 0.0696647 0.00183033
0 0.714908 0.312232 0.00997591 0.00866599 0.00170155
0 0.455043 0.618357 0.038433 0.0625094 0.00167396
0 0.471023 0.607145 0.0282412 0.0662948 0.00154662
0 0.478077 0.60826 0.0262725 0.0687442 0.00152558
0 0.965659 0.0545264 0.012639 0.0119619 0.00152124
0 0.880007 0.548571 0.00671558 0.012753 0.00149991
0 0.515766 0.398418 0.0210616 0.0840636 0.00146187
0 0.537071 0.415435 0.0404295 0.0698783 0.00143634
0 0.521538 0.462368 0.0178487 0.0404559 0.00138832
0 0.516266 0.440796 0.0176624 0.0596188 0.00137242
0 0.466115 0.627006 0.0313465 0.0626473 0.00135902
0 0.515825 0.383871 0.0194437 0.0409866 0.00132261
0 0.879118 0.547372 0.0129559 0.0151103 0.00131407
0 0.778449 0.712026 0.0134651 0.0144687 0.00131105
0 0.47242 0.601955 0.0160028 0.0304486 0.00125452
0 0.519802 0.462289 0.0150527 0.0287063 0.00117119
0 0.863119 0.949852 0.0833197 0.0765812 0.00109719
0 0.48951 0.0143366 0.019435 0.0205356 0.00108892
0 0.476517 0.602495 0.0157591 0.0297351 0.00105098
0 0.963669 0.0543511 0.0103638 0.00997741 0.00105048
0 0.716873 0.315015 0.0124043 0.00882916 0.00104914
