0 0.5035 0.876878 0.0346629 0.0215935 0.695449
0 0.509316 0.877213 0.0226254 0.0183462 0.201712
0 0.503833 0.882653 0.0321481 0.0288181 0.0621491
0 0.502093 0.881664 0.0404292 0.0553341 0.0535777
0 0.491874 0.879531 0.0198015 0.0257488 0.011557
0 0.551984 0.501635 0.010456 0.0128731 0.0095323
0 0.50644 0.879533 0.0501034 0.037854 0.00749703
0 0.492195 0.873411 0.0178976 0.0205551 0.00704713
0 0.553185 0.501512 0.0133789 0.009198 0.0063418
0 0.88914 0.244444 0.0123226 0.0133083 0.00399891
0 0.322461 0.206549 0.0120623 0.00722151 0.00382678
0 0.553372 0.501998 0.0162288 0.0150989 0.00367542
0 0.513859 0.885172 0.0443848 0.0414795 0.00252483
0 0.504172 0.892867 0.0398902 0.0435785 0.00197868
0 0.890516 0.243661 0.0139799 0.0208877 0.00187503
0 0.325062 0.206051 0.0157206 0.0119411 0.00177968
0 0.505565 0.866386 0.0330629 0.0449697 0.00140478
0 0.969364 0.286844 0.0123671 0.00858455 0.0012036
0 0.888748 0.248403 0.0106379 0.0176264 0.00105533
0 0.549773 0.499444 0.021104 0.0238359 0.00104791
0 0.403456 0.251571 0.00890646 0.0103705 0.00103842
