0 0.502095 0.500442 0.0839823 0.0619554 0.767451
0 0.493036 0.499626 0.166121 0.199862 0.0225076
0 0.981623 0.334857 0.0238293 0.0169109 0.00942567
0 0.427845 0.77774 0.0117277 0.0151083 0.00807583
0 0.427502 0.775627 0.00867987 0.0119202 0.00789758
0 0.488427 0.511028 0.0471713 0.0471995 0.00668347
0 0.0769462 0.0121252 0.0131204 0.0118343 0.0064747
0 0.115598 0.917791 0.0312726 0.0265455 0.00599194
0 0.0795291 0.0139958 0.0150811 0.0110985 0.0045834
0 0.498102 0.509512 0.0593187 0.0580493 0.0040512
0 0.503944 0.517546 0.0809714 0.0825608 0.00400808
0 0.428732 0.777708 0.008249 0.0109142 0.00381648
0 0.43095 0.776681 0.0152168 0.015683 0.00373053
0 0.108609 0.922886 0.029386 0.0240793 0.00317897
0 0.0774235 0.0130392 0.0176437 0.0151943 0.00315061
0 0.5151 0.487675 0.0626369 0.0468219 0.00306487
0 0.493973 0.521248 0.0626856 0.0456844 0.00266655
0 0.306733 0.073587 0.0262983 0.0497519 0.00265704
0 0.502304 0.479994 0.0724344 0.0826632 0.00264676
0 0.483064 0.522072 0.0431703 0.0283599 0.00259916
0 0.611772 0.526448 0.0146727 0.0092783 0.00256079
0 0.479427 0.508391 0.0910032 0.0543075 0.00242174
0 0.112395 0.92402 0.0408576 0.0434067 0.00240196
0 0.523613 0.495731 0.0803968 0.0588115 0.00219024
0 0.119879 0.913796 0.0207754 0.0231922 0.00195671
0 0.501653 0.489788 0.058472 0.050909 0.00194891
0 0.895813 0.912132 0.114007 0.136688 0.00185296
0 0.4765 0.516212 0.0347044 0.0398029 0.00176417
0 0.299534 0.0826545 0.0160559 0.0282723 0.00172727
0 0.12556 0.912644 0.0109732 0.0220158 0.0015901
0 0.526865 0.938151 0.0975402 0.0910198 0.00143362
0 0.475697 0.518795 0.0180415 0.03612 0.00142632
0 0.303432 0.0818184 0.0147251 0.0275981 0.00136938
0 0.486168 0.500818 0.0536821 0.0507712 0.00131362
0 0.981487 0.337468 0.0261333 0.0314231 0.0012363
0 0.300756 0.0698901 0.030483 0.0438504 0.00123452
0 0.898856 0.914712 0.0721806 0.125531 0.00121698
0 0.260701 0.460414 0.0156749 0.014785 0.00119569
0 0.638854 0.954396 0.0379798 0.0912079 0.00119367
0 0.105497 0.926806 0.0299266 0.0235554 0.00119119
0 0.575059 0.584811 0.0119586 0.00982599 0.00115629
0 0.301116 0.0748264 0.0203747 0.0422817 0.00110278
0 0.0792599 0.805988 0.0245092 0.0684248 0.00100021
