0 0.16751 0.855895 0.257511 0.261492 0.816049
0 0.483432 0.426955 0.0220003 0.0586412 0.615974
0 0.509076 0.329773 0.0698267 0.245301 0.540038
0 0.608523 0.0891709 0.0662106 0.102857 0.531459
0 0.160691 0.865138 0.163864 0.269725 0.306366
0 0.510802 0.315885 0.0480058 0.117652 0.117984
0 0.505315 0.31677 0.154108 0.321835 0.0849181
0 0.482553 0.424789 0.0175331 0.043048 0.0800137
0 0.517669 0.291948 0.0747575 0.218619 0.0734283
0 0.79208 0.749448 0.0131647 0.00988512 0.0436539
0 0.631572 0.0602975 0.0132294 0.0286484 0.0364175
0 0.790314 0.747655 0.00998573 0.00856638 0.0324519
0 0.0827145 0.301133 0.0151541 0.0123292 0.031952
0 0.486538 0.435859 0.0185486 0.0492295 0.0305415
0 0.493452 0.344706 0.0781717 0.264257 0.0303279
0 0.60164 0.101652 0.0518686 0.0783269 0.0301394
0 0.479931 0.415886 0.0165534 0.0397447 0.0297215
0 0.540184 0.254867 0.148721 0.447446 0.0291649
0 0.60057 0.0937402 0.17003 0.18748 0.0280082
0 0.607342 0.0837424 0.0540339 0.0655114 0.0271696
0 0.425124 0.575351 0.0124241 0.0256054 0.0263921
0 0.516605 0.293437 0.0567176 0.148528 0.0206214
0 0.34223 0.945387 0.0104661 0.0137794 0.0188763
0 0.344362 0.945089 0.00787821 0.013553 0.0158969
0 0.34453 0.946292 0.0128874 0.0113012 0.0158815
0 0.62102 0.0809546 0.0971518 0.118702 0.0146087
0 0.495558 0.381439 0.0557333 0.194671 0.0135463
0 0.591635 0.0930357 0.0879279 0.113971 0.0129186
0 0.628108 0.0591405 0.0172379 0.0337983 0.0117511
0 0.61763 0.0736728 0.0450248 0.0760252 0.0116815
0 0.216666 0.792882 0.152669 0.159483 0.0111016
0 0.508468 0.316865 0.0515706 0.0691204 0.0108994
0 0.601181 0.112079 0.0801379 0.128279 0.0102738
0 0.482184 0.44578 0.0179211 0.0596212 0.00897912
0 0.5775 0.212653 0.196369 0.404948 0.00854649
0 0.342905 0.946056 0.0120303 0.0235706 0.00837596
0 0.50408 0.340906 0.0462605 0.126265 0.00819323
0 0.209385 0.486152 0.0117259 0.00835381 0.00793748
0 0.490309 0.431229 0.0268302 0.05778 0.00723942
0 0.628892 0.0687018 0.0269846 0.0545707 0.00648165
0 0.344644 0.942998 0.0136844 0.0174982 0.00585193
0 0.124649 0.573046 0.00984046 0.0189201 0.00555956
0 0.79169 0.749831 0.00760155 0.0122076 0.00540467
0 0.470557 0.473007 0.013837 0.0159499 0.00533629
0 0.63222 0.0565213 0.0199144 0.0308618 0.00521664
0 0.493163 0.415638 0.0312289 0.134821 0.00517952
0 0.170694 0.527015 0.0189911 0.00934029 0.00500024
0 0.232161 0.871111 0.428395 0.257777 0.00495818
0 0.0253714 0.14856 0.0158976 0.0486833 0.00483608
0 0.650185 0.0897829 0.148694 0.123736 0.00483308
0 0.343098 0.941625 0.00845551 0.0157829 0.00453638
0 0.584019 0.157796 0.166423 0.277543 0.0044846
0 0.51279 0.379294 0.087417 0.340831 0.00448311
0 0.486219 0.423179 0.0524571 0.124027 0.00421398
0 0.362615 0.899152 0.0104311 0.0116714 0.00412752
0 0.124143 0.86407 0.149631 0.252416 0.00388515
0 0.494282 0.419156 0.0420279 0.178232 0.00380855
0 0.126439 0.573619 0.0118162 0.0124164 0.00375985
0 0.47923 0.431777 0.0442979 0.0823983 0.0037265
0 0.639287 0.0770557 0.21815 0.154111 0.00365097
0 0.211704 0.487258 0.0149806 0.012909 0.0035988
0 0.340627 0.37405 0.015311 0.00982029 0.00357497
0 0.476398 0.459773 0.0226678 0.0512641 0.00354251
0 0.222384 0.814377 0.219106 0.198209 0.00339993
0 0.483129 0.446119 0.0269718 0.0793381 0.00336969
0 0.423495 0.578505 0.0171939 0.0263383 0.00331134
0 0.346304 0.945738 0.0128281 0.0245224 0.00307016
0 0.302151 0.634356 0.0281023 0.0113487 0.00302838
0 0.605056 0.123421 0.130448 0.205671 0.00302565
0 0.486793 0.411113 0.026513 0.0773228 0.00301815
0 0.629784 0.0741838 0.0433218 0.0917201 0.00297796
0 0.166516 0.625283 0.0161606 0.00947685 0.00292993
0 0.0783963 0.301412 0.0176038 0.0139283 0.00290954
0 0.121672 0.818853 0.243345 0.275383 0.00289229
0 0.168863 0.627976 0.0197514 0.00803719 0.00282028
0 0.47961 0.334144 0.120993 0.227508 0.00274019
0 0.596166 0.112642 0.0360216 0.0521624 0.00270616
0 0.236362 0.774711 0.122417 0.121042 0.00268773
0 0.0854723 0.29945 0.0172074 0.012822 0.00262699
0 0.36276 0.900944 0.0146092 0.0121906 0.00249787
0 0.129293 0.573228 0.0146511 0.022051 0.00222868
0 0.378622 0.837223 0.0124109 0.0150908 0.00212415
0 0.63473 0.0658373 0.0166224 0.0378005 0.00211759
0 0.505605 0.270567 0.0694749 0.162967 0.00210273
0 0.0784479 0.298151 0.0146785 0.0165303 0.00200742
0 0.174923 0.526451 0.0220169 0.00914459 0.00193314
0 0.210283 0.488029 0.0120287 0.00839233 0.00192232
0 0.478714 0.410446 0.0130235 0.0353515 0.00188967
0 0.0811958 0.301914 0.0183548 0.0197802 0.00188826
0 0.532374 0.383012 0.173765 0.415934 0.00188355
0 0.491556 0.429956 0.0822148 0.236493 0.00187854
0 0.342533 0.374984 0.0184551 0.015907 0.0018725
0 0.505467 0.338015 0.0507437 0.0699244 0.00186256
0 0.478105 0.411257 0.0192061 0.0271577 0.00184193
0 0.140928 0.820843 0.153296 0.203801 0.00180145
0 0.174243 0.527242 0.0195909 0.0179909 0.00173375
0 0.499592 0.3684 0.0403802 0.145146 0.0017305
0 0.30572 0.635369 0.025733 0.0175208 0.00163524
0 0.123782 0.336697 0.0112553 0.0244692 0.0016021
0 0.582073 0.0731413 0.129579 0.130664 0.00159944
0 0.171147 0.627495 0.0169297 0.014727 0.00157518
0 0.633668 0.0638584 0.0212889 0.0527218 0.00154838
0 0.680993 0.0765544 0.234048 0.139188 0.00153797
0 0.515028 0.24621 0.103559 0.330215 0.00153684
0 0.512668 0.211912 0.261693 0.402795 0.00151756
0 0.339945 0.375839 0.0217225 0.00967414 0.0015083
0 0.492229 0.392542 0.025572 0.116903 0.00149957
0 0.168477 0.798333 0.244349 0.201096 0.00149006
0 0.121794 0.330804 0.0101512 0.0131829 0.00148828
0 0.419668 0.580125 0.0213072 0.0388142 0.00148469
0 0.478441 0.357688 0.0745917 0.215263 0.00133544
0 0.487633 0.447128 0.0144246 0.0456163 0.00133138
0 0.375175 0.838592 0.0235096 0.0159199 0.00132691
0 0.166615 0.627716 0.0133931 0.0113022 0.00132389
0 0.15693 0.771139 0.313859 0.330997 0.00128801
0 0.340823 0.376645 0.0130063 0.0130213 0.00127359
0 0.565142 0.345124 0.191644 0.354877 0.00124794
0 0.802523 0.85606 0.0163555 0.0134048 0.00123941
0 0.473652 0.439006 0.0682337 0.164706 0.001224
0 0.476247 0.47036 0.014837 0.0231092 0.00121191
0 0.225632 0.835025 0.148947 0.237897 0.00121135
0 0.637043 0.0906443 0.0768072 0.112733 0.00119431
0 0.616359 0.0547285 0.0500622 0.0619765 0.00118739
0 0.127229 0.576878 0.012665 0.0160929 0.00118387
0 0.2925 0.955059 0.450931 0.0898828 0.00115333
0 0.478147 0.456732 0.0365213 0.0949374 0.00114712
0 0.477554 0.439282 0.026162 0.0579409 0.00114085
0 0.623787 0.10173 0.0774155 0.116905 0.00113643
0 0.165876 0.528149 0.0165466 0.00958261 0.00110967
0 0.590851 0.125542 0.0214731 0.0359524 0.00108855
0 0.628305 0.197891 0.246634 0.395782 0.0010535
0 0.547146 0.314038 0.14524 0.271147 0.00104817
0 0.476195 0.393632 0.0296663 0.128788 0.00102775
0 0.84429 0.562656 0.0109753 0.00854349 0.00102539
0 0.589901 0.116103 0.0240963 0.0396712 0.00101841
