0 0.686795 0.897914 0.0298281 0.032255 0.757316
0 0.315501 0.257367 0.0206825 0.0225841 0.575869
0 0.313383 0.255375 0.0218829 0.0316213 0.334248
0 0.360707 0.358368 0.0161825 0.0202781 0.289788
0 0.311283 0.247639 0.0285801 0.0434196 0.177519
0 0.315035 0.260258 0.0148533 0.0244949 0.0906407
0 0.257899 0.979423 0.0112591 0.0122915 0.0843991
0 0.193341 0.221274 0.0233808 0.0115538 0.0633507
0 0.67936 0.897079 0.0177345 0.0335285 0.0493937
0 0.259204 0.979416 0.00672722 0.0133089 0.0417945
0 0.260177 0.979593 0.0136876 0.016622 0.0371626
0 0.684655 0.891346 0.0279107 0.025363 0.02597
0 0.362074 0.3594 0.0233297 0.027328 0.0241677
0 0.308096 0.238631 0.0271393 0.0356812 0.0157305
0 0.320332 0.258844 0.0194314 0.0237667 0.0130841
0 0.316141 0.2615 0.0298379 0.043376 0.0121144
0 0.690008 0.891957 0.0251928 0.0289068 0.0106697
0 0.20237 0.980363 0.00989451 0.0124517 0.0101208
0 0.689956 0.907654 0.025598 0.0283363 0.00955553
0 0.683664 0.907671 0.0247707 0.0265169 0.00887492
0 0.258785 0.984245 0.011251 0.0175957 0.00844147
0 0.907941 0.988116 0.0168482 0.0172874 0.00834291
0 0.256542 0.98388 0.0100878 0.0148783 0.0077756
0 0.303832 0.243827 0.0243948 0.0359715 0.00720824
0 0.906909 0.982873 0.0146084 0.0201117 0.00681228
0 0.398194 0.00353464 0.0180743 0.00706927 0.00665767
0 0.313439 0.265499 0.018456 0.0252037 0.00644121
0 0.360028 0.354463 0.0136741 0.0208251 0.00639533
0 0.904235 0.986715 0.0154142 0.0189926 0.00626152
0 0.995721 0.903734 0.00748692 0.0199715 0.00566336
0 0.361396 0.365814 0.0185848 0.026338 0.00565718
0 0.684138 0.901597 0.0532176 0.0378281 0.00516993
0 0.377042 0.95866 0.00604098 0.0164248 0.00515195
0 0.258992 0.972069 0.0225205 0.0320627 0.0049795
0 0.303 0.235787 0.02368 0.0298348 0.0048728
0 0.691233 0.908429 0.0325288 0.0481239 0.00478808
0 0.906404 0.981181 0.0156088 0.0321951 0.00453292
0 0.201269 0.979929 0.00908322 0.0176563 0.0045208
0 0.912267 0.987334 0.0184774 0.022579 0.0045105
0 0.253774 0.974417 0.00610275 0.0219751 0.00449324
0 0.910363 0.982139 0.0108671 0.0227787 0.00448395
0 0.696613 0.896028 0.0235622 0.0278034 0.00439624
0 0.992787 0.904105 0.00883827 0.0224672 0.00425517
0 0.204466 0.980047 0.0139319 0.0170967 0.00412666
0 0.313081 0.237899 0.0267183 0.0303013 0.00364568
0 0.315728 0.248373 0.0384656 0.0614263 0.00358109
0 0.202559 0.981774 0.00805712 0.00907211 0.0034746
0 0.361788 0.363602 0.0293681 0.0545877 0.00340997
0 0.991972 0.91764 0.0160568 0.0467178 0.00335316
0 0.989004 0.914847 0.0085165 0.0308033 0.00310927
0 0.697018 0.90237 0.0254405 0.0266327 0.0029217
0 0.253437 0.980146 0.0120642 0.0132288 0.0029008
0 0.491435 0.603491 0.00950184 0.011535 0.00273946
0 0.354062 0.358639 0.021656 0.0246474 0.00268644
0 0.400742 0.00512595 0.0197638 0.0101775 0.00262654
0 0.190321 0.222523 0.0311321 0.0219697 0.00247571
0 0.322268 0.263002 0.0153335 0.0254142 0.00243247
0 0.989594 0.945107 0.0208122 0.0868275 0.00228421
0 0.0178579 0.962694 0.0318546 0.072851 0.00227407
0 0.992544 0.00748482 0.014913 0.0133489 0.00222802
0 0.994355 0.900228 0.00492592 0.0196266 0.00216496
0 0.913295 0.981184 0.0229664 0.031982 0.00214674
0 0.203624 0.986177 0.0105473 0.0136429 0.00206382
0 0.0068111 0.00910388 0.0136222 0.0131413 0.00202329
0 0.993541 0.915144 0.00747223 0.0301435 0.00201999
0 0.260047 0.968471 0.00813303 0.0420242 0.00201699
0 0.303142 0.252287 0.0404982 0.0381195 0.00201647
0 0.48914 0.603912 0.0125186 0.0127269 0.0020155
0 0.995268 0.902557 0.00946445 0.0326323 0.00197367
0 0.00755313 0.991978 0.0122138 0.0114103 0.00192488
0 0.903564 0.980991 0.024707 0.0380178 0.00188934
0 0.385046 0.955532 0.00764771 0.0361982 0.00178351
0 0.908985 0.976339 0.0348328 0.0473229 0.0017643
0 0.990544 0.973894 0.0189124 0.0403408 0.00173928
0 0.40251 0.00391243 0.0247446 0.00782486 0.00171841
0 0.00630487 0.990214 0.0126097 0.0178665 0.00168437
0 0.252157 0.980786 0.0104829 0.0185467 0.00166987
0 0.529955 0.968994 0.0257047 0.0308649 0.00159314
0 0.528238 0.961179 0.00495949 0.0199097 0.00155639
0 0.990904 0.899516 0.00995789 0.0211306 0.00154979
0 0.363517 0.353444 0.0197086 0.0277351 0.00152765
0 0.254178 0.978527 0.0173214 0.0190832 0.00152021
0 0.986224 0.00691864 0.0239653 0.0138373 0.00148681
0 0.206852 0.972042 0.0315052 0.0397089 0.00146714
0 0.206388 0.985244 0.0128984 0.0252979 0.00144514
0 0.314041 0.272165 0.0360494 0.0768985 0.00142997
0 0.375005 0.358442 0.040909 0.0283591 0.00141905
0 0.31133 0.262837 0.052585 0.0568331 0.00141347
0 0.491697 0.601899 0.0131028 0.016221 0.00140353
0 0.0152245 0.955566 0.0258193 0.052586 0.00136193
0 0.303447 0.254929 0.0270493 0.0334822 0.00135668
0 0.995804 0.894983 0.00839157 0.0282911 0.00133312
0 0.677126 0.888695 0.0226892 0.0252758 0.0013165
0 0.986071 0.016525 0.0232313 0.03305 0.00130997
0 0.99233 0.977027 0.0108654 0.026087 0.00130845
0 0.979403 0.916693 0.0145573 0.0371845 0.00130707
0 0.988364 0.905333 0.0111471 0.0175243 0.00127663
0 0.193124 0.216979 0.0299069 0.0197275 0.00124618
0 0.995734 0.914033 0.00853224 0.0444763 0.00124005
0 0.978624 0.249711 0.0427529 0.109321 0.00121735
0 0.255365 0.972727 0.0100335 0.0249804 0.00120061
0 0.983852 0.917122 0.0119585 0.0254086 0.00118688
0 0.997546 0.895508 0.00490847 0.0207397 0.00117487
0 0.776974 0.0101588 0.0159698 0.0126719 0.00117074
0 0.308785 0.232263 0.0329539 0.0425798 0.00116597
0 0.248398 0.974192 0.0273286 0.0371597 0.00113958
0 0.00549738 0.0168394 0.0109948 0.0253448 0.00113228
0 0.99532 0.976415 0.00651608 0.0230091 0.00113216
0 0.201749 0.223507 0.0248473 0.0132561 0.00111354
0 0.0324901 0.958605 0.0649802 0.08279 0.00111182
0 0.990381 0.270261 0.0192374 0.0866727 0.00111004
0 0.375482 0.963797 0.0124375 0.0259748 0.00109085
0 0.374791 0.957977 0.0109678 0.0218729 0.0010808
0 0.983746 0.906285 0.0122992 0.0252798 0.00105924
0 0.98452 0.265681 0.0116335 0.0539982 0.00104683
0 0.621779 0.863445 0.00962524 0.013689 0.00104549
0 0.942817 0.436286 0.00417271 0.0172035 0.00104458
0 0.986149 0.919488 0.0277014 0.0813078 0.00102808
