0 0.401274 0.317011 0.133742 0.291358 0.649169
0 0.537758 0.638029 0.0987374 0.226351 0.298595
0 0.526083 0.604882 0.0755819 0.16928 0.24055
0 0.544821 0.685003 0.131304 0.344512 0.22447
0 0.548178 0.61747 0.176641 0.241516 0.0455177
0 0.573224 0.737438 0.195491 0.428256 0.0371087
0 0.513683 0.605698 0.145245 0.24633 0.022369
0 0.525667 0.74325 0.194228 0.435582 0.0184252
0 0.985356 0.129154 0.0196114 0.09575 0.0120196
0 0.402368 0.376048 0.122739 0.179497 0.00908552
0 0.423853 0.27661 0.223323 0.410252 0.00707777
0 0.627317 0.702362 0.288472 0.40591 0.00691753
0 0.356457 0.435015 0.0199228 0.0330764 0.00606901
0 0.9837 0.130449 0.0263336 0.124587 0.00431385
0 0.583408 0.615085 0.229056 0.287601 0.00423573
0 0.400935 0.404836 0.108589 0.117603 0.00403992
0 0.357685 0.43361 0.0254761 0.047343 0.00398373
0 0.469069 0.697839 0.304459 0.332154 0.00390199
0 0.436871 0.800615 0.0144265 0.00761261 0.00358048
0 0.311334 0.304588 0.358078 0.311733 0.00326646
0 0.572657 0.658539 0.168655 0.253043 0.00307755
0 0.470095 0.301238 0.286246 0.332716 0.00280218
0 0.987977 0.129116 0.0165388 0.0694049 0.00269011
0 0.352333 0.312215 0.132217 0.329027 0.00263757
0 0.481995 0.645236 0.217142 0.282035 0.00261383
0 0.376659 0.339985 0.0869258 0.235779 0.00259625
0 0.529687 0.577798 0.0627336 0.14848 0.002427
0 0.437854 0.80209 0.0116755 0.0109074 0.00241885
0 0.533447 0.140869 0.00790501 0.0154502 0.00241803
0 0.401014 0.331293 0.12442 0.136916 0.00188848
0 0.44609 0.338322 0.204025 0.311547 0.00182299
0 0.588894 0.774364 0.278976 0.451272 0.00178687
0 0.373842 0.316811 0.12615 0.250837 0.00177645
0 0.536512 0.597878 0.0439257 0.1398 0.00171539
0 0.488943 0.255714 0.379615 0.455287 0.00168899
0 0.407873 0.30432 0.0875001 0.147035 0.00166555
0 0.53012 0.641226 0.0673128 0.114974 0.00159009
0 0.439001 0.801589 0.0169032 0.0139442 0.0015476
0 0.530009 0.14412 0.0139956 0.0168781 0.00153534
0 0.5281 0.676515 0.126823 0.243241 0.00148461
0 0.697914 0.702911 0.493314 0.421468 0.00147356
0 0.634835 0.60961 0.313218 0.397837 0.00143714
0 0.404976 0.24298 0.156698 0.300393 0.0014222
0 0.505247 0.60996 0.0931411 0.172945 0.00140989
0 0.546715 0.594875 0.101207 0.159525 0.00140421
0 0.53007 0.142102 0.00990171 0.0192501 0.00135721
0 0.984778 0.151476 0.0201509 0.153312 0.00133701
0 0.981227 0.152965 0.0311756 0.188988 0.00132197
0 0.363645 0.431885 0.0291891 0.0529449 0.00130228
0 0.358926 0.431102 0.0367432 0.0667331 0.00129442
0 0.401745 0.229012 0.339832 0.458023 0.00126285
0 0.401843 0.423367 0.137593 0.207732 0.00124924
0 0.503405 0.610638 0.0692815 0.139261 0.00124066
0 0.422611 0.380018 0.174369 0.278404 0.00122158
0 0.302209 0.557853 0.573612 0.622992 0.00115406
0 0.355371 0.424235 0.0274385 0.04327 0.00111516
0 0.391827 0.431679 0.097697 0.0787263 0.00108813
0 0.351142 0.314131 0.0601536 0.273548 0.00106557
0 0.54019 0.748597 0.107267 0.249601 0.00105
0 0.505131 0.781619 0.379561 0.421104 0.0010232
0 0.559593 0.755151 0.124323 0.310865 0.00100479
