0 0.500776 0.502222 0.0504683 0.0568143 0.85086
0 0.519268 0.526188 0.0280569 0.0248153 0.241878
0 0.503389 0.509075 0.0652302 0.0838853 0.102463
0 0.51669 0.523291 0.0427949 0.0375902 0.0450616
0 0.511974 0.525416 0.031421 0.0275333 0.0413761
0 0.524516 0.52605 0.0241709 0.028546 0.02598
0 0.840522 0.19432 0.0100801 0.0152521 0.0246088
0 0.519952 0.514997 0.0432209 0.0456619 0.0230067
0 0.526019 0.583508 0.0256022 0.0473743 0.0226141
0 0.51967 0.53246 0.0248329 0.0193683 0.0193436
0 0.532302 0.56508 0.0225649 0.0178081 0.0151492
0 0.838544 0.196011 0.0103937 0.0203107 0.0138772
0 0.491997 0.500262 0.167153 0.246101 0.0120474
0 0.502399 0.488908 0.0474004 0.0448521 0.00993935
0 0.491218 0.50435 0.0370955 0.0528374 0.00881888
0 0.840838 0.196822 0.0128035 0.0244078 0.00696482
0 0.638035 0.827912 0.0091939 0.0153442 0.00574767
0 0.285095 0.827605 0.010548 0.0103363 0.00568254
0 0.527858 0.581731 0.035496 0.0607536 0.00559533
0 0.512109 0.527779 0.0583442 0.0705012 0.00532595
0 0.524502 0.592433 0.0228277 0.037906 0.00515076
0 0.087349 0.494563 0.0109137 0.0127773 0.00481872
0 0.534406 0.564468 0.0175557 0.0128972 0.00410848
0 0.524135 0.567138 0.0321067 0.0571001 0.00407284
0 0.63962 0.82931 0.00981913 0.0118958 0.00354358
0 0.870647 0.761663 0.00821457 0.0114765 0.00332908
0 0.527636 0.568849 0.023439 0.0373358 0.00327976
0 0.52252 0.53277 0.0377112 0.0488553 0.0031916
0 0.287897 0.828925 0.0169091 0.0166027 0.00318788
0 0.0864457 0.495579 0.00863192 0.018511 0.00309984
0 0.502558 0.519167 0.0535153 0.0551409 0.00307926
0 0.482479 0.503779 0.0445762 0.0417053 0.0028886
0 0.839374 0.200751 0.00954113 0.0275366 0.00283685
0 0.499221 0.523755 0.0371486 0.0409203 0.00274576
0 0.639884 0.828254 0.0147162 0.018782 0.00250156
0 0.489142 0.512392 0.0229095 0.0375845 0.00240888
0 0.421648 0.738944 0.00847569 0.0125484 0.00234027
0 0.522791 0.507802 0.0582283 0.0549438 0.00229635
0 0.496451 0.487429 0.0441569 0.0299533 0.00223591
0 0.510889 0.533589 0.0315052 0.0264974 0.00207114
0 0.0876928 0.499157 0.0109616 0.0209411 0.0020439
0 0.284409 0.828372 0.00964317 0.016695 0.00202783
0 0.535975 0.562378 0.0190074 0.0196312 0.00199494
0 0.641041 0.82701 0.01038 0.0240059 0.00190809
0 0.516019 0.535464 0.0821486 0.128862 0.00181488
0 0.0890429 0.49435 0.0131118 0.0185122 0.00178227
0 0.255977 0.873461 0.0126066 0.0113581 0.00169257
0 0.873521 0.761231 0.0155903 0.0186979 0.00166201
0 0.520473 0.573316 0.0542605 0.0734373 0.00156508
0 0.525405 0.984702 0.00962629 0.0185261 0.00151986
0 0.522894 0.597157 0.0164492 0.0265838 0.00150829
0 0.519471 0.499415 0.0766248 0.0594402 0.00147408
0 0.495773 0.523219 0.0355384 0.0253944 0.00147251
0 0.837596 0.196864 0.013759 0.0303237 0.00142094
0 0.151729 0.673326 0.0109588 0.0141295 0.00137644
0 0.52745 0.533201 0.022507 0.0219088 0.00133129
0 0.152683 0.672953 0.00744677 0.00998335 0.00131503
0 0.493068 0.467784 0.246271 0.227567 0.00125567
0 0.51513 0.486072 0.0344081 0.0352303 0.00116943
0 0.88011 0.351096 0.00936832 0.0150793 0.00116588
0 0.258726 0.874753 0.0202272 0.0152477 0.00115382
