0 0.500282 0.499853 0.0342895 0.0178112 0.746842
0 0.49966 0.50802 0.0341662 0.034066 0.0272726
0 0.500355 0.507256 0.0388912 0.0591113 0.0268359
0 0.508272 0.500521 0.0350998 0.0175169 0.012117
0 0.491375 0.500965 0.046637 0.0215934 0.00838463
0 0.491792 0.503091 0.0267222 0.0266296 0.0063422
0 0.0061085 0.0111635 0.012217 0.0170249 0.00523087
0 0.311068 0.579945 0.00902023 0.0208355 0.00443006
0 0.00492487 0.0157994 0.00984974 0.0269464 0.00429861
0 0.977505 0.951458 0.0235462 0.0505425 0.00274204
0 0.499039 0.49055 0.0339963 0.0358283 0.00240206
0 0.500041 0.506233 0.0604892 0.0355889 0.00234263
0 0.981756 0.952589 0.013834 0.0400896 0.00233045
0 0.981208 0.957893 0.0375834 0.0842138 0.002297
0 0.986221 0.952419 0.0116014 0.0403349 0.00215131
0 0.99094 0.95287 0.00638523 0.0411322 0.00195535
0 0.987815 0.950911 0.016902 0.0490536 0.00181897
0 0.503142 0.519943 0.0435775 0.0497631 0.00166046
0 0.984587 0.971444 0.0308262 0.0571114 0.00165295
0 0.311448 0.580237 0.014121 0.0239505 0.00152382
0 0.303403 0.979831 0.012437 0.0281496 0.00147632
0 0.637605 0.970855 0.0376217 0.0411839 0.00135344
