0 0.51663 0.501415 0.0192417 0.0405191 0.635589
0 0.513181 0.506715 0.0209537 0.0520208 0.536568
0 0.507412 0.513451 0.0243812 0.0485752 0.212797
0 0.500723 0.526768 0.0136355 0.0189302 0.112619
0 0.133301 0.0241362 0.00853593 0.014556 0.0502191
0 0.883039 0.838668 0.00977421 0.011871 0.0452297
0 0.502231 0.52155 0.0144182 0.0382603 0.0445158
0 0.882803 0.837981 0.0129894 0.0161264 0.0263615
0 0.52068 0.504264 0.0182115 0.0340381 0.021565
0 0.13485 0.0214132 0.0130162 0.0197747 0.0191143
0 0.520935 0.4963 0.0198153 0.0374531 0.0126358
0 0.517578 0.500313 0.0262558 0.0542792 0.0124232
0 0.517529 0.490101 0.0183368 0.0312448 0.0121122
0 0.1343 0.0207873 0.00808294 0.0178613 0.0118841
0 0.822357 0.01256 0.0142786 0.0120943 0.0108173
0 0.513662 0.508763 0.0473581 0.0596297 0.00837349
0 0.508653 0.501373 0.0289214 0.05635 0.00756411
0 0.825355 0.0114282 0.0141817 0.0126546 0.00667573
0 0.157124 0.00383975 0.0123105 0.0076795 0.00457556
0 0.959602 0.356503 0.0651783 0.106665 0.00432225
0 0.675981 0.331465 0.00993958 0.0380298 0.00343556
0 0.884907 0.83709 0.011771 0.0131506 0.00339562
0 0.824503 0.0138988 0.0111122 0.0153332 0.00335932
0 0.513735 0.488698 0.0183524 0.0349687 0.00312102
0 0.825753 0.013991 0.0213974 0.0174994 0.00306466
0 0.158718 0.00552677 0.0154194 0.0110535 0.00280241
0 0.851927 0.842054 0.0136927 0.0162189 0.00251911
0 0.685262 0.806563 0.0775215 0.0937405 0.00249937
0 0.160409 0.00466313 0.0120274 0.00880476 0.00242441
0 0.885399 0.836177 0.014575 0.0192175 0.00236241
0 0.55885 0.808456 0.882301 0.383087 0.00232201
0 0.710899 0.808564 0.0694673 0.0995079 0.00227885
0 0.161746 0.00658505 0.016801 0.0131701 0.00212764
0 0.52044 0.507512 0.0725657 0.104023 0.00209394
0 0.512384 0.524271 0.0245485 0.0423779 0.00205336
0 0.927867 0.588915 0.144265 0.116496 0.001988
0 0.128024 0.0228997 0.0144461 0.0212967 0.00188476
0 0.707309 0.799679 0.0471683 0.101003 0.00182783
0 0.166838 0.0215977 0.0136036 0.025722 0.00181289
0 0.505879 0.53292 0.015088 0.0238948 0.00178774
0 0.55918 0.940808 0.0150685 0.0107052 0.00169853
0 0.47202 0.949678 0.0932621 0.0696547 0.00166608
0 0.875766 0.839537 0.0212986 0.0189745 0.00161655
0 0.676069 0.328912 0.0146893 0.0452379 0.0015796
0 0.506403 0.51821 0.0654442 0.0947988 0.00157075
0 0.135771 0.0212753 0.022015 0.0292941 0.00155421
0 0.673098 0.334327 0.0141683 0.0393513 0.0015481
0 0.56068 0.938876 0.0126552 0.0102974 0.00153609
0 0.778975 0.705259 0.0817846 0.0758377 0.00150276
0 0.933031 0.50921 0.133939 0.111851 0.00150083
0 0.690226 0.789382 0.047778 0.118607 0.00144526
0 0.776695 0.591049 0.372301 0.227061 0.00138393
0 0.924732 0.549574 0.150537 0.163116 0.00136921
0 0.606794 0.26404 0.0776773 0.0648585 0.00131253
0 0.502754 0.526619 0.0303374 0.0636531 0.00130575
0 0.160989 0.0130166 0.0226969 0.0260332 0.00121362
0 0.127762 0.0189226 0.0243441 0.0267944 0.00119029
0 0.953721 0.378756 0.0876549 0.138756 0.00117701
0 0.522263 0.51187 0.0348907 0.0683421 0.00114843
0 0.873672 0.837056 0.0281178 0.0180439 0.00112704
0 0.168088 0.0190778 0.0194593 0.0293782 0.00110391
0 0.950868 0.921683 0.0424313 0.0624689 0.00108587
0 0.487288 0.958457 0.0938056 0.0558483 0.00106627
0 0.134107 0.0118785 0.0188526 0.0156802 0.00106223
0 0.916126 0.553131 0.167748 0.272845 0.00105978
0 0.554431 0.808729 0.340716 0.382542 0.00104806
0 0.830342 0.0144871 0.128724 0.0289742 0.00100703
