0 0.166064 0.88587 0.102751 0.040337 0.788551
0 0.16713 0.891526 0.118356 0.0787676 0.103705
0 0.159634 0.882335 0.0604234 0.0358591 0.0619531
0 0.177036 0.896096 0.10995 0.0422642 0.0307244
0 0.0131265 0.853227 0.026253 0.0163166 0.0201889
0 0.0476371 0.86723 0.0115493 0.0105764 0.0195497
0 0.175142 0.898632 0.210286 0.202604 0.0163894
0 0.177161 0.878722 0.11218 0.0341661 0.0147759
0 0.174607 0.88815 0.0600254 0.0473698 0.0138884
0 0.149597 0.859653 0.196576 0.17332 0.0132217
0 0.166509 0.908711 0.105524 0.0790203 0.0102736
0 0.185207 0.893581 0.0595377 0.0440228 0.0056942
0 0.045516 0.865145 0.013967 0.0162962 0.00551611
0 0.13827 0.887934 0.147114 0.0382973 0.00512048
0 0.311783 0.091864 0.00678277 0.017664 0.00479332
0 0.194663 0.886935 0.116117 0.0438217 0.00474269
0 0.15015 0.884305 0.0562291 0.0286232 0.0046769
0 0.413376 0.933055 0.0750411 0.106265 0.0036695
0 0.0155883 0.859854 0.0267281 0.0275576 0.00340819
0 0.31312 0.089851 0.00744171 0.0173781 0.0032991
0 0.152652 0.897354 0.104983 0.0417734 0.00318571
0 0.0229956 0.860642 0.0387465 0.0323967 0.00293921
0 0.151327 0.880454 0.096739 0.0333418 0.00281326
0 0.185562 0.881052 0.0656475 0.039484 0.00271011
0 0.188008 0.898627 0.0465603 0.0321608 0.00224104
0 0.0111678 0.862173 0.0216408 0.0268553 0.00199723
0 0.312367 0.0909776 0.0129945 0.0253978 0.00186993
0 0.194755 0.874525 0.0874255 0.0225061 0.00178859
0 0.025675 0.856257 0.05135 0.0321877 0.00146811
0 0.136766 0.889525 0.0670639 0.024485 0.00139744
0 0.0110646 0.852466 0.0195773 0.0129793 0.00131734
0 0.161494 0.895294 0.0594961 0.0455549 0.00127622
0 0.188266 0.878812 0.0528849 0.025584 0.00112311
