0 0.510346 0.575409 0.293065 0.568327 0.596529
0 0.415901 0.561938 0.324692 0.583307 0.0298014
0 0.807777 0.658347 0.0445225 0.0299287 0.0186478
0 0.571943 0.583316 0.286896 0.506702 0.014297
0 0.461123 0.457983 0.169991 0.33473 0.0140832
0 0.470577 0.516433 0.173893 0.510807 0.00980451
0 0.501075 0.577924 0.174929 0.2609 0.00922937
0 0.344807 0.3825 0.0663546 0.0650668 0.00885849
0 0.873439 0.814859 0.0611748 0.0801372 0.00816109
0 0.86067 0.78881 0.0420469 0.0391603 0.00706152
0 0.637221 0.587353 0.343674 0.573146 0.00526865
0 0.808916 0.658712 0.0367956 0.0192218 0.00517497
0 0.592935 0.510835 0.452045 0.704248 0.00503238
0 0.875619 0.818432 0.07983 0.11059 0.00332042
0 0.489219 0.456556 0.266702 0.436571 0.00325164
0 0.441749 0.391701 0.15093 0.251197 0.00312049
0 0.557365 0.702074 0.180283 0.392616 0.00311428
0 0.15892 0.0282681 0.021825 0.0259969 0.00279883
0 0.859825 0.78609 0.0309704 0.0248228 0.00278923
0 0.410316 0.636092 0.485421 0.623967 0.00245598
0 0.581294 0.761635 0.127381 0.236391 0.0024184
0 0.477551 0.532646 0.169143 0.265162 0.00230826
0 0.639125 0.927425 0.0106654 0.0108168 0.0023074
0 0.0557309 0.524567 0.027721 0.0338293 0.00228133
0 0.420837 0.0100062 0.0178222 0.0144381 0.00201232
0 0.409985 0.495178 0.0345516 0.0354073 0.00184811
0 0.816859 0.167764 0.063352 0.049274 0.00181915
0 0.314222 0.558891 0.457173 0.510178 0.00178418
0 0.0607518 0.526045 0.0179618 0.0255836 0.00166703
0 0.0344021 0.853772 0.0547605 0.0560499 0.00163715
0 0.156998 0.0250341 0.0334849 0.0383241 0.00160658
0 0.178578 0.915277 0.0563383 0.0319815 0.00140916
0 0.640391 0.927959 0.0112776 0.0154352 0.00136373
0 0.252312 0.526346 0.0114068 0.0158632 0.00126946
0 0.0513231 0.517496 0.0386336 0.0441607 0.00118159
0 0.51216 0.917278 0.0232881 0.0306448 0.00116161
0 0.744961 0.908037 0.0267966 0.0682171 0.00113939
0 0.869021 0.792144 0.0528263 0.0307283 0.0011192
0 0.813553 0.663825 0.060664 0.0361318 0.00107162
0 0.151256 0.0209038 0.0327413 0.035768 0.00106591
0 0.417578 0.0157869 0.024868 0.0233964 0.00104647
0 0.178339 0.909713 0.0471354 0.0296057 0.00101235
