0 0.698371 0.907281 0.127431 0.177228 0.816823
0 0.623387 0.607377 0.253831 0.242786 0.688883
0 0.0286566 0.316466 0.0243235 0.0339022 0.628813
0 0.390931 0.450549 0.779933 0.331632 0.305782
0 0.412894 0.538781 0.733917 0.409619 0.182483
0 0.635927 0.61835 0.161212 0.25306 0.130256
0 0.678808 0.931571 0.0753062 0.118486 0.106643
0 0.567842 0.598874 0.356239 0.288064 0.0766694
0 0.259956 0.437317 0.519912 0.287985 0.0745682
0 0.0296095 0.319517 0.0299807 0.0470036 0.0642121
0 0.991014 0.525166 0.0148905 0.0406344 0.0560476
0 0.693372 0.920231 0.0932693 0.145237 0.0396093
0 0.733423 0.857105 0.0498216 0.0566086 0.0390802
0 0.428574 0.373198 0.857147 0.414727 0.038898
0 0.186777 0.416347 0.341012 0.235798 0.0355378
0 0.141385 0.330922 0.024176 0.0370137 0.0200097
0 0.0333561 0.339752 0.029931 0.0696042 0.0169344
0 0.0281308 0.323197 0.0188262 0.0437599 0.0143809
0 0.700797 0.883433 0.171758 0.211882 0.0115492
0 0.544454 0.576378 0.523344 0.357662 0.0114616
0 0.665919 0.611821 0.412745 0.269124 0.0112758
0 0.0579366 0.356793 0.0453134 0.0867049 0.00999414
0 0.0483691 0.351669 0.0311343 0.0768217 0.00919335
0 0.99178 0.51554 0.0142614 0.0370477 0.00888592
0 0.0565948 0.319759 0.0292576 0.0272429 0.00866818
0 0.0307332 0.309831 0.02486 0.0322858 0.00748857
0 0.050022 0.336331 0.033191 0.0588778 0.00692428
0 0.714758 0.903697 0.111068 0.132472 0.00675564
0 0.63015 0.706885 0.234558 0.441005 0.00668804
0 0.98994 0.523726 0.0201196 0.0561545 0.00616236
0 0.0481097 0.319806 0.03821 0.0277619 0.00585021
0 0.671447 0.920658 0.158055 0.158685 0.00578876
0 0.740522 0.855104 0.047059 0.0429251 0.00555127
0 0.455302 0.633284 0.739507 0.477032 0.00551223
0 0.038307 0.327949 0.0297363 0.0530343 0.005322
0 0.697362 0.874926 0.112863 0.112399 0.00493731
0 0.665553 0.932879 0.0584024 0.101283 0.00493167
0 0.0221185 0.345261 0.0343566 0.0712824 0.00489986
0 0.0422729 0.345184 0.0257968 0.0668947 0.00436061
0 0.257772 0.534884 0.515545 0.444157 0.00344205
0 0.495708 0.501681 0.513725 0.287371 0.00341813
0 0.668527 0.93075 0.0548151 0.0656067 0.00319742
0 0.0182054 0.35507 0.0274703 0.0440317 0.00316642
0 0.0426115 0.330673 0.0595939 0.0663944 0.00309112
0 0.331231 0.588362 0.662463 0.555896 0.00299121
0 0.0311053 0.32236 0.0507408 0.0519217 0.00296214
0 0.725295 0.912933 0.20978 0.174134 0.00293894
0 0.0361019 0.352962 0.0281039 0.065436 0.00283473
0 0.727474 0.871346 0.101967 0.121132 0.00247154
0 0.397557 0.315709 0.65074 0.412441 0.00244103
0 0.725956 0.865734 0.0502579 0.0609673 0.00228305
0 0.031702 0.308866 0.0306468 0.054027 0.00223621
0 0.0977438 0.305403 0.0227022 0.0260678 0.00222226
0 0.684141 0.954915 0.0690982 0.0901702 0.0021835
0 0.0622493 0.318458 0.0245085 0.0194856 0.00216168
0 0.204845 0.376354 0.40969 0.298291 0.00213798
0 0.788679 0.902185 0.339262 0.19563 0.00199907
0 0.63301 0.702095 0.193444 0.225433 0.00196344
0 0.135119 0.391192 0.236751 0.192099 0.00181212
0 0.402741 0.273316 0.805482 0.546633 0.00177162
0 0.676061 0.899407 0.108894 0.141586 0.0017566
0 0.147221 0.334872 0.0338877 0.0425683 0.00173954
0 0.673853 0.90993 0.0581052 0.135671 0.00170247
0 0.990161 0.511806 0.0166542 0.0568831 0.00168585
0 0.649959 0.65269 0.249158 0.281255 0.00164507
0 0.0921602 0.346895 0.1344 0.0962932 0.00163153
0 0.139223 0.324953 0.0309877 0.0305152 0.00159203
0 0.985045 0.52151 0.0183102 0.042948 0.00158183
0 0.564511 0.607946 0.146364 0.296511 0.0015539
0 0.701688 0.938421 0.0955704 0.123159 0.00152825
0 0.989898 0.521216 0.0202033 0.0787902 0.00150147
0 0.180872 0.413747 0.173614 0.188612 0.00150082
0 0.99476 0.5186 0.0104793 0.0294746 0.00144283
0 0.984723 0.53022 0.0217354 0.0505712 0.0014073
0 0.124754 0.332663 0.0804404 0.0520884 0.00135096
0 0.686453 0.692491 0.403132 0.416783 0.00135088
0 0.0154282 0.356357 0.0212082 0.0312201 0.00133186
0 0.591382 0.594915 0.154 0.248135 0.00131874
0 0.658169 0.570824 0.201454 0.192671 0.00131745
0 0.533943 0.535023 0.305456 0.160049 0.00131218
0 0.139093 0.32749 0.0386219 0.0580344 0.00131011
0 0.613566 0.904539 0.366639 0.190922 0.00127698
0 0.990058 0.536699 0.0125868 0.0604207 0.00124669
0 0.0508048 0.322387 0.0478971 0.0549203 0.00117468
0 0.668557 0.960132 0.0579901 0.0759525 0.00114189
0 0.654243 0.982844 0.0203529 0.0343113 0.00108041
0 0.0786402 0.359101 0.0859891 0.103619 0.00106395
0 0.542681 0.465529 0.879826 0.405679 0.00105748
0 0.0253818 0.330272 0.0507636 0.0814485 0.00104049
0 0.185027 0.489657 0.370053 0.414 0.00100696
