0 0.830591 0.302915 0.070783 0.0542108 0.819379
0 0.15542 0.709458 0.0395073 0.0333592 0.818189
0 0.82762 0.305995 0.0735346 0.0850675 0.140171
0 0.831636 0.291939 0.092594 0.0950407 0.0186508
0 0.837206 0.300021 0.175911 0.204406 0.0169196
0 0.153976 0.716012 0.0440473 0.0507515 0.0164392
0 0.846407 0.302208 0.0718353 0.0586448 0.0105468
0 0.149604 0.703031 0.0352832 0.0278181 0.00706609
0 0.163381 0.70316 0.0303613 0.0316484 0.00682091
0 0.149389 0.7155 0.0386456 0.029475 0.0065908
0 0.140887 0.707467 0.0421037 0.0310121 0.00630707
0 0.155271 0.723912 0.0652879 0.0880947 0.00627232
0 0.167507 0.709191 0.0513283 0.0265592 0.00457919
0 0.161355 0.706955 0.0732857 0.0928854 0.00440334
0 0.204788 0.687157 0.016855 0.0111301 0.00426182
0 0.845536 0.303108 0.0455738 0.0546486 0.00423543
0 0.59485 0.475156 0.00811033 0.0180207 0.00344112
0 0.205657 0.68972 0.0178961 0.00855942 0.00320213
0 0.152457 0.704492 0.0520817 0.0511201 0.0030832
0 0.692934 0.944195 0.038309 0.0385233 0.00293199
0 0.839812 0.271117 0.226899 0.188931 0.0028399
0 0.140026 0.711814 0.0585907 0.031911 0.00269771
0 0.823443 0.289178 0.0603643 0.0385418 0.00266333
0 0.815857 0.311364 0.0632534 0.0510908 0.00236139
0 0.155201 0.719499 0.0303656 0.0447084 0.00232988
0 0.815022 0.302853 0.0460684 0.048177 0.00212599
0 0.576462 0.641452 0.170066 0.113603 0.00202383
0 0.296924 0.281033 0.0125332 0.00689049 0.00182407
0 0.961109 0.929416 0.0669565 0.0995676 0.00181745
0 0.851485 0.734931 0.0121494 0.00951767 0.00178837
0 0.961414 0.960252 0.0624352 0.064275 0.00176786
0 0.433309 0.613372 0.10382 0.0919991 0.00176261
0 0.904501 0.54155 0.0125814 0.00745792 0.00167895
0 0.904351 0.541773 0.00937653 0.0106784 0.00167472
0 0.140107 0.713895 0.0305848 0.0328043 0.00157537
0 0.852383 0.740431 0.0140263 0.0199713 0.0015582
0 0.839263 0.289999 0.0731634 0.0527156 0.00155699
0 0.823227 0.320866 0.0566299 0.0519935 0.0015513
0 0.244501 0.0324117 0.0230361 0.029979 0.00153547
0 0.207332 0.689227 0.0200838 0.0133936 0.0015225
0 0.140759 0.697029 0.213199 0.326765 0.00152107
0 0.85079 0.734365 0.00731735 0.0141217 0.00142981
0 0.696231 0.944342 0.0398392 0.057115 0.00127906
0 0.5945 0.47346 0.0140231 0.0253522 0.00127805
0 0.243405 0.0276338 0.0351807 0.0347515 0.00124642
0 0.164227 0.718934 0.0692678 0.0460721 0.00123047
0 0.307724 0.388668 0.00938425 0.0151182 0.00117001
0 0.248033 0.523463 0.138039 0.114413 0.00116893
0 0.2987 0.282033 0.0129921 0.00940857 0.00115053
0 0.49745 0.960088 0.124855 0.053113 0.00110967
0 0.963837 0.898523 0.0638493 0.12947 0.00110816
0 0.81323 0.295327 0.0343861 0.0357899 0.00110183
0 0.848256 0.311567 0.0353457 0.0489635 0.00104752
0 0.054773 0.962743 0.0618443 0.0559048 0.00101958
0 0.801402 0.32886 0.190242 0.186937 0.00100619
