0 0.470932 0.51882 0.0627408 0.0739567 0.498164
0 0.465322 0.530459 0.0907502 0.115114 0.460099
0 0.47943 0.51108 0.0930692 0.0870284 0.379479
0 0.447813 0.549811 0.147162 0.158789 0.378995
0 0.479898 0.532389 0.138775 0.148688 0.230917
0 0.504709 0.509257 0.15668 0.127475 0.197891
0 0.488484 0.53949 0.210943 0.190849 0.0585989
0 0.424658 0.57118 0.172357 0.18719 0.0512417
0 0.453694 0.52371 0.0744408 0.0760738 0.0320855
0 0.55281 0.460445 0.028592 0.0310565 0.0303162
0 0.519966 0.508174 0.215897 0.159226 0.0238278
0 0.450785 0.548599 0.11478 0.118868 0.0213415
0 0.982327 0.644238 0.0213638 0.0416248 0.0212057
0 0.45639 0.514972 0.189034 0.208564 0.0191406
0 0.989894 0.918992 0.0117399 0.0181047 0.0125334
0 0.447841 0.543775 0.0716755 0.110067 0.0106722
0 0.477933 0.55616 0.107282 0.129254 0.0105305
0 0.505442 0.50714 0.0902108 0.108375 0.00850468
0 0.775301 0.501104 0.0096478 0.0117049 0.00798071
0 0.488804 0.569131 0.28205 0.211092 0.00788959
0 0.979755 0.634292 0.0235004 0.0725877 0.00678436
0 0.42056 0.534057 0.214241 0.180483 0.00537835
0 0.422587 0.556146 0.151099 0.123546 0.00512025
0 0.529335 0.495102 0.130494 0.100308 0.00494324
0 0.374599 0.586955 0.266141 0.201823 0.00473813
0 0.454527 0.521181 0.0568171 0.0586412 0.00459489
0 0.239119 0.958801 0.0607937 0.0660833 0.00438547
0 0.434433 0.859495 0.0302316 0.0250759 0.00408871
0 0.435302 0.86603 0.0258809 0.0254015 0.00389472
0 0.775073 0.501056 0.0149148 0.0157638 0.00373148
0 0.462319 0.512495 0.050919 0.0591661 0.00367377
0 0.552364 0.46314 0.039351 0.0463734 0.00313945
0 0.985117 0.637463 0.0276949 0.0615656 0.00303958
0 0.433677 0.861359 0.0173023 0.0246935 0.00297022
0 0.641972 0.946107 0.0779691 0.0736647 0.00296451
0 0.582653 0.541323 0.397334 0.20507 0.00294329
0 0.530982 0.480079 0.183268 0.100916 0.00277276
0 0.486828 0.497922 0.0570544 0.105758 0.00263235
0 0.529023 0.525488 0.145142 0.15801 0.00262132
0 0.507012 0.548062 0.144407 0.164755 0.00249197
0 0.776654 0.49939 0.011552 0.0106368 0.00248078
0 0.432588 0.550179 0.066046 0.112984 0.00234371
0 0.407654 0.626113 0.247544 0.333378 0.00230374
0 0.476587 0.573397 0.172865 0.171921 0.00213366
0 0.99116 0.920784 0.0166311 0.0291203 0.0020863
0 0.433033 0.862266 0.0254326 0.0427481 0.00204755
0 0.476412 0.499859 0.0561728 0.0605203 0.00197917
0 0.511271 0.474169 0.154616 0.140902 0.00189046
0 0.144739 0.788866 0.240461 0.197043 0.001808
0 0.55322 0.469265 0.0625051 0.0461826 0.00179781
0 0.560748 0.459318 0.0444305 0.0334702 0.00177684
0 0.158918 0.81037 0.248671 0.297174 0.00177617
0 0.373425 0.588199 0.135782 0.150806 0.00177232
0 0.661992 0.933224 0.0265191 0.0260069 0.00173674
0 0.336059 0.92019 0.137479 0.159621 0.00170337
0 0.301779 0.945155 0.0846736 0.0909647 0.00167901
0 0.460275 0.956285 0.0574758 0.08743 0.00151922
0 0.356563 0.640673 0.391352 0.358045 0.00147777
0 0.331999 0.9449 0.147354 0.10545 0.00146309
0 0.55913 0.457144 0.0454096 0.055897 0.00145768
0 0.244231 0.957529 0.0748965 0.0849425 0.00145352
0 0.991424 0.921619 0.0104624 0.0198561 0.00144028
0 0.410494 0.555622 0.073704 0.130913 0.00142619
0 0.991274 0.915756 0.0103903 0.0226101 0.00142002
0 0.452875 0.598888 0.204727 0.227239 0.00135495
0 0.434395 0.600421 0.132216 0.195817 0.00134064
0 0.472388 0.488741 0.114144 0.115409 0.0013306
0 0.457013 0.563956 0.0791827 0.112044 0.00130811
0 0.97726 0.640761 0.0183575 0.0376228 0.00129624
0 0.356174 0.62116 0.0287926 0.0257493 0.00129324
0 0.573837 0.0435506 0.0118534 0.0129115 0.00122693
0 0.659982 0.932969 0.0287891 0.0441017 0.00120885
0 0.656335 0.935135 0.0440507 0.0527489 0.0011994
0 0.22254 0.756552 0.0642833 0.0507672 0.00117751
0 0.491403 0.476592 0.120537 0.109338 0.00116758
0 0.627457 0.946568 0.110528 0.0908588 0.00113642
0 0.341145 0.885646 0.354612 0.228708 0.001124
0 0.485987 0.541657 0.0735198 0.141034 0.00112029
0 0.467495 0.534955 0.053468 0.0561975 0.00111516
0 0.491641 0.954926 0.0534722 0.0901485 0.00111376
0 0.559998 0.526004 0.262853 0.155462 0.00111047
0 0.53353 0.469772 0.287068 0.204107 0.00110267
0 0.453355 0.968764 0.170127 0.0537134 0.00109846
0 0.221777 0.758896 0.0863796 0.0635996 0.00109096
0 0.445619 0.954612 0.0332857 0.0742785 0.00105995
0 0.432722 0.603049 0.0329155 0.0376216 0.00103539
0 0.419889 0.565588 0.0666194 0.0998516 0.00100404
0 0.451743 0.509322 0.0344584 0.047291 0.0010003
