0 0.51872 0.124212 0.0688155 0.173552 0.773513
0 0.271252 0.345717 0.0501615 0.0494173 0.517628
0 0.256983 0.151634 0.236944 0.303268 0.455288
0 0.441093 0.484074 0.229341 0.202585 0.359414
0 0.929219 0.552685 0.0499277 0.0376407 0.144331
0 0.427183 0.464787 0.163468 0.164229 0.109911
0 0.384217 0.446663 0.312543 0.223506 0.0855193
0 0.277369 0.355736 0.062645 0.0618757 0.0827747
0 0.511374 0.128814 0.148899 0.211439 0.0808726
0 0.267736 0.241795 0.255073 0.48359 0.0534884
0 0.517908 0.148019 0.0538998 0.133361 0.046959
0 0.262812 0.338105 0.0340024 0.0380415 0.0372631
0 0.460723 0.519299 0.281646 0.244233 0.0371451
0 0.555829 0.121841 0.159832 0.201208 0.0183248
0 0.880358 0.611371 0.0088707 0.0103522 0.0176413
0 0.418507 0.527449 0.235152 0.325467 0.0171038
0 0.881975 0.614626 0.0111605 0.00976381 0.0154345
0 0.279805 0.362893 0.0754961 0.0939172 0.0152286
0 0.252689 0.202464 0.201457 0.260803 0.0138491
0 0.506683 0.16172 0.0442434 0.0869973 0.0134719
0 0.923402 0.559743 0.0675915 0.0604396 0.0100646
0 0.280734 0.337763 0.105297 0.154995 0.00968236
0 0.930482 0.556519 0.0770008 0.0903843 0.00803096
0 0.448458 0.492312 0.174526 0.123329 0.00798738
0 0.247189 0.350527 0.172709 0.236003 0.00771454
0 0.24518 0.12398 0.163419 0.24796 0.0076392
0 0.881783 0.611385 0.0133263 0.0141404 0.00732731
0 0.448363 0.585751 0.367476 0.429727 0.00654795
0 0.325174 0.160378 0.415795 0.320757 0.00649024
0 0.342579 0.964215 0.0187357 0.0113358 0.00626265
0 0.937003 0.560467 0.0612875 0.0494031 0.00483023
0 0.368083 0.540599 0.34368 0.419755 0.00438033
0 0.49796 0.202424 0.0141417 0.0207784 0.00391645
0 0.249619 0.0983136 0.25727 0.196627 0.00388796
0 0.0772412 0.334374 0.014814 0.0123232 0.00361796
0 0.297098 0.35745 0.0955607 0.0734693 0.00361473
0 0.931479 0.542482 0.0664072 0.0576446 0.00310805
0 0.0523873 0.960418 0.0749448 0.064146 0.00301234
0 0.383845 0.370057 0.346697 0.370382 0.00283625
0 0.603616 0.558582 0.668797 0.353265 0.00282141
0 0.771912 0.0148672 0.0135695 0.0115433 0.00276491
0 0.503238 0.146302 0.0480119 0.129168 0.00269325
0 0.530007 0.0995817 0.0702466 0.136432 0.00267299
0 0.396441 0.443969 0.136789 0.152217 0.00244259
0 0.53818 0.509691 0.541407 0.292281 0.00224619
0 0.491587 0.136373 0.0924282 0.171925 0.0022344
0 0.920406 0.572898 0.0854418 0.0964049 0.00212577
0 0.293101 0.378218 0.233765 0.243146 0.00209993
0 0.919713 0.548999 0.160574 0.282445 0.00207497
0 0.500026 0.179473 0.0312042 0.0582331 0.00206668
0 0.304397 0.377533 0.129519 0.113913 0.00198433
0 0.893796 0.551547 0.182631 0.266129 0.00196458
0 0.256936 0.351368 0.0429524 0.039602 0.00190467
0 0.450415 0.641326 0.540856 0.502623 0.00189236
0 0.337936 0.365269 0.214764 0.120373 0.0018828
0 0.679253 0.383408 0.0994987 0.0926579 0.00183216
0 0.435659 0.5487 0.192262 0.238374 0.00178784
0 0.352893 0.599063 0.472357 0.490966 0.00176943
0 0.930503 0.573977 0.0620209 0.0794462 0.00170393
0 0.28544 0.403771 0.0935302 0.175101 0.00167879
0 0.515186 0.102894 0.0548514 0.119431 0.00165696
0 0.497519 0.196817 0.0163809 0.028954 0.00163143
0 0.888021 0.889672 0.0139454 0.00595722 0.00162204
0 0.26735 0.33454 0.0512719 0.0596411 0.00150007
0 0.340692 0.37124 0.253196 0.175849 0.0014688
0 0.371122 0.499088 0.313645 0.23564 0.00138395
0 0.25474 0.343371 0.0258727 0.0408702 0.0013393
0 0.523526 0.0817229 0.0444108 0.078726 0.00131186
0 0.602008 0.456188 0.672819 0.288011 0.00130495
0 0.83687 0.748954 0.211543 0.178522 0.00129753
0 0.925536 0.537098 0.0819637 0.0807333 0.00127411
0 0.774176 0.0166434 0.0201706 0.0209146 0.00126399
0 0.500964 0.158692 0.0406135 0.0623512 0.00125378
0 0.888359 0.891504 0.00860348 0.0111055 0.00120254
0 0.511598 0.124189 0.0585315 0.0719435 0.0011934
0 0.279332 0.389326 0.070545 0.122632 0.00119092
0 0.346268 0.966757 0.0231315 0.0146257 0.00114637
0 0.409737 0.426244 0.231569 0.159301 0.00112588
0 0.263577 0.360561 0.0546552 0.054371 0.00112348
0 0.936221 0.526044 0.113164 0.178997 0.00112001
0 0.886913 0.888997 0.00963573 0.0073761 0.00111942
0 0.502261 0.176058 0.0378746 0.0862948 0.0011027
0 0.914897 0.552498 0.0920118 0.0501068 0.00108442
0 0.288808 0.361237 0.047625 0.0542367 0.00107846
0 0.4739 0.120055 0.236568 0.20399 0.00107752
0 0.508126 0.142996 0.0515414 0.0610554 0.00107398
0 0.455367 0.504687 0.144059 0.186044 0.00106081
0 0.169952 0.024123 0.0267472 0.0435685 0.00104946
0 0.299253 0.365566 0.0583029 0.0666714 0.00103773
