0 0.167812 0.421299 0.0928749 0.0660791 0.784453
0 0.734988 0.578857 0.254814 0.0768643 0.77791
0 0.734565 0.581431 0.161501 0.0688363 0.169473
0 0.731922 0.562926 0.305551 0.146114 0.108711
0 0.165871 0.418299 0.0605328 0.0629392 0.0904442
0 0.943973 0.359358 0.021542 0.0265386 0.0897848
0 0.152433 0.405277 0.154997 0.182275 0.0350069
0 0.729938 0.556918 0.27352 0.0543262 0.0265174
0 0.755398 0.146556 0.0259158 0.0166881 0.0213637
0 0.0127425 0.214526 0.0112993 0.0207888 0.0208975
0 0.752965 0.144831 0.0238436 0.0266503 0.0139521
0 0.941629 0.349433 0.0209269 0.0336234 0.0132797
0 0.18386 0.435466 0.196073 0.179306 0.00947269
0 0.0356188 0.736229 0.0209698 0.0117394 0.00906082
0 0.152091 0.426211 0.0770125 0.0611939 0.00775416
0 0.937212 0.341657 0.0156246 0.0200286 0.00698078
0 0.94337 0.359789 0.0291601 0.0570612 0.00584818
0 0.189035 0.424024 0.0861906 0.066436 0.0055898
0 0.734295 0.626343 0.263341 0.136538 0.00499684
0 0.292902 0.0864078 0.284043 0.117712 0.00485314
0 0.94171 0.364751 0.0232519 0.0339141 0.00428061
0 0.763282 0.589557 0.368229 0.145794 0.00421343
0 0.946231 0.364739 0.0195257 0.0293883 0.00381456
0 0.722663 0.376011 0.0134365 0.0119041 0.0037947
0 0.733565 0.535026 0.281941 0.112502 0.00323015
0 0.148777 0.421103 0.0501532 0.0491322 0.00321552
0 0.497416 0.212155 0.0150946 0.00698662 0.00305715
0 0.0386023 0.737349 0.0269796 0.016118 0.00297116
0 0.682233 0.574063 0.202311 0.0602935 0.00285363
0 0.168714 0.404212 0.0861201 0.0491287 0.00281221
0 0.292509 0.0796486 0.389565 0.145115 0.00272386
0 0.165325 0.444504 0.093371 0.121691 0.00269911
0 0.737176 0.557962 0.142718 0.0481425 0.00268708
0 0.194363 0.437113 0.0437606 0.0494089 0.00261542
0 0.163038 0.434978 0.0803388 0.0711762 0.00255995
0 0.792588 0.580587 0.178319 0.0650213 0.00247914
0 0.543227 0.0365813 0.0231805 0.0177975 0.00234168
0 0.935146 0.340488 0.0137032 0.0155605 0.00219795
0 0.733464 0.519688 0.328998 0.189507 0.00213942
0 0.754001 0.556169 0.257563 0.084332 0.00209902
0 0.60994 0.791706 0.012347 0.0125549 0.00200834
0 0.283268 0.0142613 0.0203103 0.0122769 0.00200403
0 0.251716 0.0808247 0.30076 0.0903054 0.00199605
0 0.499631 0.212747 0.0134219 0.00958839 0.00195565
0 0.741541 0.62478 0.332946 0.189443 0.00191902
0 0.724686 0.376002 0.0177359 0.0163168 0.00190221
0 0.450845 0.192216 0.0137263 0.0203879 0.00176242
0 0.755056 0.141019 0.0307533 0.0374548 0.00170139
0 0.218169 0.0545389 0.143774 0.0269678 0.00166766
0 0.138303 0.417907 0.0957823 0.0735196 0.00159745
0 0.606281 0.706966 0.574116 0.238642 0.00158006
0 0.18904 0.42065 0.0522474 0.0589999 0.0015737
0 0.943575 0.346037 0.0320127 0.0377518 0.00154511
0 0.957446 0.961189 0.0749353 0.0629513 0.00154325
0 0.229952 0.0646759 0.130897 0.0376478 0.0015122
0 0.95031 0.344021 0.0158512 0.0259429 0.00151133
0 0.659839 0.5726 0.128949 0.0497937 0.00148564
0 0.497939 0.214624 0.0153913 0.00702276 0.0014399
0 0.253447 0.0734167 0.193467 0.068834 0.00143746
0 0.991081 0.438379 0.0148556 0.0185632 0.0013397
0 0.969053 0.467341 0.0237835 0.0230444 0.00133913
0 0.358108 0.549221 0.0115817 0.0152003 0.00133444
0 0.500522 0.213763 0.0198524 0.0127852 0.00129902
0 0.816275 0.46724 0.0133953 0.00932236 0.00129887
0 0.149682 0.411169 0.061018 0.048562 0.00129325
0 0.716161 0.406988 0.0225186 0.0105366 0.00129133
0 0.45086 0.193114 0.0093895 0.0253967 0.00124012
0 0.391764 0.102331 0.612531 0.188655 0.00117828
0 0.216819 0.050903 0.0981888 0.0248355 0.00113926
0 0.450259 0.187072 0.0101995 0.0287084 0.00113736
0 0.200176 0.0634895 0.400352 0.0921843 0.00113018
0 0.211142 0.419031 0.148739 0.081584 0.00107795
0 0.224893 0.0991686 0.449786 0.170053 0.00107274
0 0.17711 0.44363 0.0862954 0.0841047 0.00103675
0 0.809343 0.0300102 0.0105947 0.0116565 0.00103572
0 0.751956 0.139646 0.0435596 0.0598897 0.00102717
0 0.650953 0.864771 0.64653 0.196124 0.00101507
0 0.942474 0.37058 0.0367241 0.0695602 0.00101186
