0 0.536953 0.508176 0.271629 0.190082 0.54642
0 0.620584 0.534967 0.0964247 0.116029 0.151456
0 0.485571 0.492214 0.333648 0.142234 0.0537161
0 0.601555 0.526569 0.116773 0.136689 0.0469698
0 0.541094 0.502687 0.17095 0.185816 0.0436941
0 0.577836 0.509851 0.186359 0.159552 0.0252888
0 0.341085 0.41982 0.0117927 0.031706 0.0204313
0 0.965409 0.104098 0.0185015 0.103458 0.0155182
0 0.391295 0.462453 0.0277385 0.0410915 0.0104417
0 0.966437 0.0980181 0.0269548 0.127404 0.00825034
0 0.389201 0.471584 0.0306158 0.0537043 0.00823209
0 0.383741 0.485403 0.0340974 0.0610041 0.00678422
0 0.6358 0.547757 0.06139 0.113186 0.00604215
0 0.965053 0.105012 0.0198517 0.0629823 0.00534545
0 0.631637 0.535918 0.20936 0.192955 0.00477325
0 0.958952 0.113507 0.0270346 0.104326 0.00456987
0 0.654429 0.561169 0.0302536 0.0603349 0.00436417
0 0.560805 0.480621 0.223203 0.133283 0.00425625
0 0.561157 0.548354 0.215527 0.244135 0.00360208
0 0.548872 0.574848 0.290675 0.30823 0.00333544
0 0.378954 0.489465 0.190745 0.117946 0.00312706
0 0.77437 0.827165 0.0153427 0.0117126 0.00303181
0 0.36244 0.54682 0.622989 0.250776 0.00302828
0 0.646926 0.553829 0.0424347 0.0839473 0.00300921
0 0.409359 0.473749 0.277001 0.113628 0.00281485
0 0.413662 0.492598 0.456152 0.176435 0.00267395
0 0.971478 0.107997 0.0429386 0.160348 0.00261266
0 0.339313 0.419289 0.0190052 0.0371891 0.00252786
0 0.395141 0.466782 0.0468074 0.0476698 0.00233309
0 0.965878 0.125569 0.0213772 0.120413 0.00227848
0 0.611776 0.877187 0.0120904 0.0060091 0.00218582
0 0.468816 0.468974 0.237065 0.106853 0.00218254
0 0.518736 0.474153 0.167498 0.106838 0.00192811
0 0.611918 0.878052 0.00829153 0.0100233 0.00186052
0 0.581071 0.483323 0.286958 0.201906 0.00182716
0 0.776369 0.828142 0.0174695 0.0159113 0.00177005
0 0.466561 0.581101 0.0134956 0.0166771 0.00174255
0 0.972302 0.0734747 0.0347692 0.128348 0.00161395
0 0.607467 0.563584 0.114533 0.212005 0.00161287
0 0.617083 0.526469 0.0598777 0.0698856 0.00156065
0 0.343008 0.415589 0.0139682 0.0291375 0.00153972
0 0.715524 0.703073 0.0138214 0.0055356 0.00152337
0 0.962685 0.115291 0.0208584 0.059378 0.00145648
0 0.564123 0.777871 0.027419 0.00848174 0.00134466
0 0.655238 0.568898 0.0206211 0.0547518 0.00133608
0 0.954714 0.130804 0.0393208 0.136471 0.00130108
0 0.956199 0.093011 0.0364031 0.113492 0.0011707
0 0.614506 0.877695 0.0156545 0.0154552 0.00116049
0 0.459181 0.473017 0.113648 0.0859629 0.00116003
0 0.610675 0.877297 0.0074605 0.00809002 0.00115795
0 0.716418 0.704714 0.00971546 0.00934658 0.00112592
0 0.977638 0.131677 0.0447234 0.184121 0.00111886
0 0.48804 0.467659 0.15009 0.0872451 0.00109204
0 0.397074 0.654388 0.571369 0.384816 0.00108399
0 0.376391 0.493327 0.0248891 0.0513842 0.00103135
0 0.489222 0.550343 0.271289 0.231557 0.00102726
0 0.308165 0.524637 0.0137454 0.00884571 0.00101132
0 0.4076 0.48184 0.112321 0.100642 0.0010021
