0 0.505789 0.508825 0.0405912 0.0815736 0.768493
0 0.535046 0.590545 0.0180155 0.0236648 0.568276
0 0.390177 0.139125 0.0185537 0.0191873 0.461516
0 0.285879 0.885185 0.0119914 0.0197872 0.263737
0 0.500761 0.496087 0.0310973 0.0602176 0.13348
0 0.574887 0.718154 0.0118413 0.012287 0.0881328
0 0.505895 0.513356 0.0628282 0.116551 0.0596428
0 0.511171 0.524604 0.0339155 0.105239 0.0549094
0 0.517225 0.54086 0.0229298 0.0507741 0.0407459
0 0.942104 0.730931 0.0929207 0.103953 0.0298088
0 0.516806 0.512457 0.0496923 0.0837983 0.0258913
0 0.286363 0.887915 0.0148731 0.027084 0.0219175
0 0.41345 0.947177 0.013287 0.00961285 0.0158521
0 0.517702 0.540786 0.0169767 0.0292633 0.0146202
0 0.539641 0.592212 0.018991 0.0240209 0.0132344
0 0.536973 0.592031 0.0273991 0.0475667 0.0128122
0 0.286175 0.886346 0.0228594 0.0345272 0.0106812
0 0.510313 0.522123 0.0368836 0.0649913 0.00968539
0 0.514731 0.5261 0.0259612 0.0551782 0.00949563
0 0.49412 0.504855 0.172385 0.241511 0.00910856
0 0.516238 0.550046 0.0266615 0.0916288 0.00840641
0 0.540559 0.591043 0.0311703 0.0251356 0.00830103
0 0.232832 0.0624526 0.0130033 0.012818 0.0082451
0 0.390493 0.144882 0.0182795 0.0198315 0.00811447
0 0.929968 0.723222 0.0600203 0.0754687 0.00749938
0 0.518729 0.534857 0.0381659 0.103477 0.00716944
0 0.531579 0.580477 0.0208517 0.0392829 0.00698256
0 0.529586 0.592801 0.0179509 0.0307647 0.00682638
0 0.562728 0.561251 0.0195733 0.0211345 0.00679265
0 0.38171 0.143494 0.0363675 0.0269098 0.00674153
0 0.535923 0.595803 0.0180089 0.0240589 0.00628848
0 0.960501 0.0791463 0.0240644 0.0476003 0.00621242
0 0.517829 0.548982 0.0164886 0.0288085 0.00585183
0 0.390663 0.141858 0.0301922 0.0519377 0.00563319
0 0.529103 0.590222 0.0274436 0.0252051 0.00525547
0 0.388002 0.135413 0.0203712 0.0257473 0.00516727
0 0.964329 0.0798433 0.0335382 0.0647945 0.00488267
0 0.566659 0.560262 0.0157661 0.0149584 0.00457871
0 0.411296 0.948675 0.0163047 0.0136267 0.00435453
0 0.522456 0.545319 0.0191303 0.0531154 0.00412309
0 0.289838 0.886514 0.0180741 0.0233534 0.00403274
0 0.531468 0.5805 0.0302805 0.0492334 0.00398658
0 0.0620598 0.722394 0.0172489 0.0109385 0.00391199
0 0.512185 0.53763 0.0283083 0.0402929 0.00387117
0 0.285189 0.878345 0.0167755 0.0250969 0.00375697
0 0.0614154 0.724717 0.0178269 0.0178964 0.00367944
0 0.395532 0.142327 0.0197195 0.0176621 0.00364982
0 0.0412143 0.0269024 0.0220922 0.025168 0.00353919
0 0.503458 0.483656 0.0305241 0.0353643 0.00345092
0 0.0684766 0.727222 0.0172147 0.0230227 0.00329834
0 0.290991 0.884495 0.0320929 0.0269157 0.00295074
0 0.921976 0.744192 0.156048 0.208295 0.00266527
0 0.960535 0.961745 0.0592466 0.063957 0.00250997
0 0.663577 0.531631 0.0200984 0.0185453 0.00247109
0 0.534603 0.57657 0.036519 0.0764818 0.00223359
0 0.576985 0.716403 0.0132178 0.0104798 0.00217149
0 0.287472 0.889051 0.02896 0.0608377 0.00216345
0 0.501915 0.492584 0.0505066 0.0673624 0.00216327
0 0.967745 0.0760422 0.0515097 0.0762772 0.00215474
0 0.409487 0.973809 0.0114901 0.0129036 0.0021227
0 0.344002 0.148444 0.0114127 0.0141847 0.00211262
0 0.94292 0.781897 0.107204 0.195188 0.00204408
0 0.522357 0.544209 0.0134515 0.034825 0.00198418
0 0.574042 0.721442 0.00880795 0.0127146 0.00197319
0 0.234586 0.0603801 0.0172282 0.012084 0.00194977
0 0.273298 0.559086 0.0221739 0.0167415 0.00194628
0 0.496472 0.481374 0.0275941 0.0379331 0.00188939
0 0.519969 0.567946 0.0268828 0.0472824 0.00188034
0 0.370781 0.139363 0.0513589 0.0276904 0.00187139
0 0.366452 0.193921 0.0133734 0.0102008 0.00184014
0 0.533684 0.529938 0.18293 0.219523 0.0018272
0 0.979722 0.958976 0.0329903 0.0820478 0.00176676
0 0.352712 0.144596 0.0276017 0.021587 0.00176121
0 0.1917 0.204633 0.0138304 0.010832 0.00171808
0 0.966296 0.0745545 0.0674086 0.104006 0.00169982
0 0.542098 0.595526 0.0324183 0.0573878 0.00169482
0 0.924062 0.736188 0.0573767 0.111564 0.00168199
0 0.523888 0.55261 0.0132871 0.0291954 0.00167246
0 0.574527 0.721809 0.0131864 0.0160707 0.00165912
0 0.491551 0.506361 0.0641999 0.0875104 0.00165532
0 0.0651479 0.7235 0.0171702 0.0162621 0.00163206
0 0.343834 0.148904 0.0159256 0.0201487 0.00149607
0 0.491117 0.483987 0.0237591 0.0363768 0.00149295
0 0.576853 0.715454 0.0133813 0.0174689 0.00148446
0 0.572432 0.720172 0.0196449 0.0230825 0.00145009
0 0.939984 0.951166 0.105818 0.0956728 0.00140758
0 0.52852 0.597929 0.0305482 0.0311038 0.00133869
0 0.957909 0.0834807 0.0348522 0.0462833 0.00131801
0 0.0706906 0.73522 0.0289166 0.0356685 0.00131729
0 0.371476 0.142289 0.0304838 0.0277181 0.00130916
0 0.521568 0.57378 0.0490737 0.0639538 0.00130472
0 0.502533 0.552032 0.0501803 0.116721 0.00130047
0 0.901892 0.947215 0.167797 0.105571 0.00119319
0 0.965765 0.103997 0.0648268 0.118338 0.00118852
0 0.289346 0.878356 0.0189087 0.023617 0.00113971
0 0.511874 0.550466 0.0300102 0.0439192 0.00112862
0 0.386268 0.145767 0.0219035 0.0286894 0.00109529
0 0.943327 0.75879 0.0929466 0.122779 0.00109276
0 0.982895 0.973363 0.0280197 0.0499104 0.00105176
0 0.520236 0.568136 0.0187927 0.0372365 0.0010516
0 0.367859 0.145698 0.0491003 0.0293804 0.00104326
0 0.896525 0.705097 0.20695 0.230829 0.00101042
0 0.26894 0.266732 0.0331943 0.0352755 0.00100404
