0 0.488208 0.670594 0.0236335 0.0642354 0.70527
0 0.528339 0.319606 0.0152399 0.0340993 0.613773
0 0.110622 0.927414 0.0125097 0.0343122 0.100427
0 0.112635 0.923731 0.0109046 0.0306976 0.0946506
0 0.301123 0.3481 0.0118086 0.0228775 0.0942822
0 0.5254 0.322427 0.0169461 0.0311942 0.0562772
0 0.485631 0.680256 0.0219579 0.0560921 0.035895
0 0.529174 0.322385 0.0238306 0.0472518 0.0328403
0 0.98537 0.474806 0.0136263 0.0133307 0.0311004
0 0.53261 0.320156 0.0188033 0.0318344 0.0271093
0 0.488846 0.658866 0.0193486 0.0542484 0.0245281
0 0.0671068 0.0263261 0.0121544 0.0142632 0.0198593
0 0.109365 0.92484 0.0197415 0.045121 0.0191412
0 0.489247 0.683974 0.0179049 0.0446229 0.0175518
0 0.299907 0.350088 0.0190271 0.0248519 0.0123051
0 0.987859 0.474855 0.0168324 0.016303 0.0106068
0 0.439506 0.604804 0.00971146 0.0114431 0.0101023
0 0.066957 0.0246084 0.00841692 0.0137114 0.00944723
0 0.495274 0.668257 0.0276507 0.0580263 0.00805499
0 0.109641 0.933903 0.013279 0.0324408 0.00729179
0 0.488541 0.672932 0.0452683 0.0759632 0.00660221
0 0.438384 0.605577 0.0125891 0.0163284 0.00614153
0 0.10857 0.929368 0.0275686 0.0530756 0.00580984
0 0.11512 0.920622 0.0197989 0.0344194 0.00408769
0 0.0683553 0.0237173 0.0159891 0.0175789 0.00393498
0 0.0651941 0.0239495 0.0153356 0.0148064 0.00300188
0 0.529767 0.334045 0.0149521 0.0387246 0.00294796
0 0.49249 0.651822 0.0164469 0.0389903 0.00271202
0 0.116718 0.919684 0.0300478 0.0410048 0.00260594
0 0.479689 0.667133 0.0262274 0.0582854 0.00251765
0 0.88002 0.0692912 0.0350765 0.104383 0.00249841
0 0.680118 0.439377 0.0359996 0.0812462 0.00243752
0 0.0172516 0.909552 0.0304226 0.0348648 0.00242306
0 0.493316 0.668391 0.0710237 0.125943 0.0022583
0 0.458045 0.973568 0.00572481 0.0176889 0.00218686
0 0.175212 0.747685 0.133028 0.109358 0.00200852
0 0.277915 0.935023 0.0256249 0.0615282 0.00197958
0 0.987317 0.473775 0.0187325 0.0246916 0.00181929
0 0.115626 0.928987 0.0242898 0.0368097 0.00175522
0 0.558182 0.954267 0.0403012 0.062396 0.00170873
0 0.117592 0.927599 0.0364598 0.0443636 0.00158517
0 0.459336 0.978552 0.0100871 0.0118574 0.00148067
0 0.261082 0.767938 0.0808579 0.0942546 0.00146895
0 0.461406 0.978407 0.00875263 0.0138626 0.00146208
0 0.561763 0.943596 0.00886917 0.0362803 0.00139233
0 0.679987 0.42279 0.0309883 0.0731508 0.00133406
0 0.112089 0.935239 0.0161823 0.0411793 0.00129465
0 0.173574 0.748704 0.0989146 0.079252 0.00126697
0 0.54498 0.954663 0.0196485 0.0614685 0.00124401
0 0.524365 0.336487 0.0163627 0.041907 0.00123481
0 0.47199 0.666574 0.0717712 0.117781 0.00123338
0 0.299702 0.600583 0.0416823 0.11555 0.00120281
0 0.47734 0.676599 0.0549415 0.07992 0.00118713
0 0.985493 0.483022 0.0184872 0.0306204 0.00116768
0 0.300731 0.348172 0.0337822 0.0598575 0.00111663
0 0.278185 0.919327 0.0308448 0.0844988 0.00109979
0 0.267211 0.775779 0.0493426 0.0805937 0.00107607
0 0.485975 0.692653 0.0217149 0.036905 0.00104764
0 0.882743 0.065206 0.0234049 0.0729286 0.00101531
0 0.198118 0.744532 0.351132 0.283785 0.00101043
