0 0.568025 0.560494 0.0716222 0.108266 0.890516
0 0.426955 0.417031 0.05058 0.0530983 0.856476
0 0.566306 0.556418 0.0591844 0.0706915 0.0989259
0 0.427496 0.418471 0.0656581 0.0871417 0.0797431
0 0.552761 0.550408 0.151147 0.187428 0.0469753
0 0.428394 0.434601 0.0494164 0.0806608 0.0269313
0 0.222775 0.0178102 0.0101607 0.0314544 0.0170594
0 0.225005 0.0100485 0.00949183 0.0180898 0.0167717
0 0.417503 0.417061 0.0504992 0.044903 0.0125253
0 0.438475 0.40277 0.176037 0.248684 0.0109321
0 0.398245 0.403922 0.163209 0.239393 0.0107049
0 0.225986 0.0110696 0.0130987 0.0221391 0.0102092
0 0.225153 0.0178029 0.0124256 0.0356058 0.00952924
0 0.572398 0.576934 0.0553163 0.0848443 0.00902205
0 0.222731 0.0206943 0.0145909 0.0361443 0.00868716
0 0.441096 0.42013 0.0449647 0.0462986 0.00662026
0 0.392874 0.0349005 0.0137897 0.0133808 0.00547162
0 0.557052 0.535333 0.043687 0.0610273 0.00511733
0 0.423656 0.434025 0.043199 0.0524717 0.00482332
0 0.554704 0.559984 0.0532352 0.0951649 0.00474826
0 0.219799 0.0203495 0.0239545 0.0375831 0.00332757
0 0.430701 0.40516 0.0538628 0.057068 0.00309202
0 0.546612 0.529796 0.0248587 0.0380136 0.00298045
0 0.592486 0.569807 0.179681 0.196843 0.00284183
0 0.416468 0.425103 0.0413088 0.0440059 0.00282976
0 0.394178 0.0341227 0.0194482 0.0159941 0.00276484
0 0.586982 0.564834 0.0727553 0.0881149 0.00229286
0 0.577106 0.575544 0.0460412 0.0604304 0.00226744
0 0.58746 0.556039 0.102591 0.104291 0.00197601
0 0.552241 0.524947 0.0322275 0.0358946 0.00196123
0 0.988884 0.035842 0.00693417 0.023102 0.00184127
0 0.988748 0.036885 0.0112364 0.0233538 0.00182822
0 0.987983 0.0301189 0.018527 0.0377871 0.00182145
0 0.588386 0.576539 0.0295142 0.0468272 0.0018011
0 0.986324 0.0360803 0.0104437 0.0261439 0.00180032
0 0.959347 0.963802 0.0626665 0.0543495 0.00168624
0 0.406399 0.419744 0.0515876 0.0394921 0.00165008
0 0.0433477 0.0198924 0.0202431 0.0283068 0.00164893
0 0.579713 0.58722 0.032091 0.0431043 0.00151451
0 0.550939 0.523341 0.219698 0.199778 0.00151014
0 0.421473 0.445207 0.0445915 0.0817319 0.00138328
0 0.586067 0.565996 0.0455529 0.084262 0.00134861
0 0.300551 0.0341882 0.0127607 0.0241323 0.00127452
0 0.423324 0.44538 0.0643427 0.106603 0.00123383
0 0.301779 0.0342662 0.0222307 0.0373984 0.00115558
0 0.826193 0.514113 0.0610125 0.0947488 0.00114097
0 0.725036 0.14167 0.0126918 0.036223 0.00113248
0 0.553703 0.556273 0.0437323 0.0642411 0.00111947
0 0.597085 0.0313338 0.0297293 0.0321658 0.0010853
0 0.222116 0.0242444 0.0269493 0.0484888 0.00108112
0 0.212649 0.0201236 0.0218759 0.0386597 0.00106015
0 0.0213836 0.963095 0.0253671 0.0552565 0.00105224
0 0.989216 0.0380671 0.01506 0.0391805 0.00101323
0 0.0399552 0.96083 0.05988 0.0610483 0.0010116
