0 0.516562 0.499911 0.277788 0.0626038 0.724689
0 0.5153 0.497327 0.36742 0.0824705 0.209331
0 0.231693 0.472816 0.112936 0.0304585 0.116624
0 0.512395 0.505424 0.16736 0.0525601 0.101182
0 0.511049 0.498369 0.404902 0.154189 0.075261
0 0.486512 0.50087 0.351307 0.0423764 0.0370469
0 0.508434 0.482478 0.27381 0.0683351 0.0251048
0 0.232184 0.469925 0.130729 0.0473552 0.0194278
0 0.532446 0.470166 0.489029 0.1673 0.0168687
0 0.21728 0.474017 0.0793981 0.0226792 0.0165425
0 0.56469 0.495759 0.452338 0.0472058 0.0160409
0 0.646965 0.59744 0.70607 0.263716 0.0125264
0 0.510406 0.516456 0.278362 0.073317 0.0108424
0 0.228639 0.469432 0.0588612 0.0270961 0.00703645
0 0.30018 0.95848 0.00835128 0.00821228 0.00680966
0 0.456506 0.600747 0.0147892 0.0237228 0.00621281
0 0.363203 0.602943 0.713239 0.292381 0.00607394
0 0.236596 0.466194 0.191218 0.0923538 0.00607324
0 0.513936 0.58803 0.556155 0.230847 0.00588542
0 0.298814 0.957911 0.00577421 0.0110144 0.00558237
0 0.637856 0.460633 0.724289 0.326863 0.00504339
0 0.3001 0.959377 0.00976148 0.0128355 0.00503817
0 0.219824 0.465561 0.0974282 0.0373157 0.00498957
0 0.264376 0.470696 0.185818 0.0406551 0.00474828
0 0.417416 0.50343 0.53821 0.0617145 0.00462811
0 0.45369 0.654831 0.761401 0.403112 0.00430561
0 0.513941 0.543538 0.293184 0.150425 0.00423252
0 0.24298 0.485333 0.17324 0.0856506 0.00395135
0 0.407532 0.407459 0.652855 0.231147 0.00390946
0 0.622616 0.499743 0.587457 0.0670679 0.0038426
0 0.640675 0.694745 0.718651 0.352021 0.00336554
0 0.203757 0.471734 0.145566 0.0356723 0.00331691
0 0.299668 0.958033 0.0126288 0.0180147 0.0032335
0 0.571005 0.499726 0.711234 0.148901 0.00320931
0 0.511963 0.483768 0.153755 0.0568407 0.00310373
0 0.6367 0.546998 0.588675 0.160992 0.00299791
0 0.241419 0.451716 0.275558 0.22055 0.00286441
0 0.681187 0.503376 0.637626 0.196686 0.00283151
0 0.46671 0.512325 0.262466 0.0384473 0.00260631
0 0.0984295 0.312022 0.00930336 0.0144042 0.00258636
0 0.555812 0.790295 0.0135489 0.0119711 0.00245163
0 0.408544 0.506724 0.0944863 0.0272648 0.0024301
0 0.411881 0.53378 0.540414 0.116747 0.00242062
0 0.806728 0.98731 0.0072258 0.0095295 0.00230082
0 0.410079 0.54759 0.697528 0.203319 0.0020521
0 0.413489 0.499883 0.690197 0.120188 0.00189806
0 0.576995 0.496558 0.255843 0.0430875 0.0018318
0 0.578138 0.483264 0.489762 0.0759511 0.00179383
0 0.381374 0.510957 0.0478408 0.0166763 0.00167134
0 0.407756 0.455804 0.574106 0.164891 0.0016628
0 0.199955 0.478521 0.0782386 0.0204608 0.00166186
0 0.0826267 0.628134 0.0127362 0.0144769 0.00163021
0 0.692391 0.399647 0.615219 0.274167 0.00154941
0 0.240167 0.466239 0.0550895 0.0259775 0.0015416
0 0.233128 0.456787 0.134143 0.0511827 0.00152525
0 0.456588 0.602254 0.032088 0.0223539 0.00145836
0 0.251965 0.469433 0.0834165 0.0306578 0.00144242
0 0.556612 0.790174 0.0186402 0.0166372 0.0014384
0 0.510963 0.520592 0.157863 0.0626415 0.00141186
0 0.507527 0.451179 0.28262 0.130218 0.00141058
0 0.432051 0.51005 0.16092 0.0315918 0.00140941
0 0.462598 0.450726 0.686825 0.239486 0.0013908
0 0.100287 0.311695 0.0161557 0.0178849 0.00139024
0 0.46735 0.524669 0.481154 0.0771914 0.00137952
0 0.097883 0.314566 0.010796 0.0104677 0.00134798
0 0.199894 0.474296 0.0974834 0.0300373 0.0013015
0 0.322105 0.938751 0.0270163 0.0717524 0.00127115
0 0.806055 0.990618 0.0102129 0.00814724 0.00126685
0 0.466101 0.464603 0.438875 0.108086 0.00125914
0 0.559625 0.494989 0.165203 0.060339 0.00123087
0 0.629639 0.476667 0.585707 0.110717 0.00122777
0 0.372487 0.49206 0.744975 0.213805 0.00121374
0 0.359361 0.357619 0.67992 0.245109 0.00120336
0 0.647889 0.299495 0.704222 0.37838 0.00120006
0 0.0453301 0.962396 0.0652852 0.0554527 0.00118241
0 0.270726 0.467585 0.293227 0.11217 0.00114045
0 0.22936 0.485094 0.119936 0.0583044 0.00112416
0 0.124663 0.811911 0.0205097 0.0126345 0.00111145
0 0.395641 0.509722 0.0741025 0.0174706 0.00104533
0 0.981919 0.946379 0.0344263 0.0586033 0.00100707
