0 0.953314 0.593312 0.0212343 0.0305371 0.778922
0 0.0477105 0.404658 0.0212984 0.0218046 0.683528
0 0.958624 0.594066 0.0223171 0.0267034 0.208939
0 0.0504885 0.407693 0.0203508 0.0224751 0.0833015
0 0.954725 0.596378 0.0301483 0.0456165 0.0611952
0 0.0422761 0.40646 0.018588 0.0280047 0.0249071
0 0.951935 0.58873 0.0144625 0.0219551 0.0217022
0 0.0481941 0.410279 0.0304598 0.0536042 0.0175829
0 0.966813 0.588375 0.0208176 0.0250595 0.0080214
0 0.953683 0.609786 0.0279705 0.0510236 0.00682375
0 0.600585 0.749379 0.00842504 0.0221796 0.00396915
0 0.601647 0.747045 0.0114203 0.0164572 0.0031113
0 0.605886 0.515109 0.122065 0.204872 0.00275434
0 0.0550816 0.405556 0.0338137 0.0556493 0.00268599
0 0.602594 0.752207 0.0116118 0.0191835 0.00255002
0 0.973758 0.588797 0.0141178 0.0198021 0.00254255
0 0.956795 0.583927 0.0268621 0.0369705 0.00233592
0 0.0447242 0.417691 0.0286689 0.0369845 0.00232839
0 0.0398226 0.401123 0.0247229 0.0240149 0.00202821
0 0.939729 0.592093 0.0362108 0.03069 0.00196014
0 0.95063 0.613171 0.0222668 0.0372604 0.00192454
0 0.940611 0.594949 0.0211945 0.0301806 0.00186102
0 0.0158725 0.187792 0.0178154 0.0108463 0.00178061
0 0.603252 0.526922 0.287361 0.226391 0.00177689
0 0.975711 0.586003 0.0161724 0.0183344 0.00169717
0 0.60362 0.748982 0.0164063 0.0238506 0.00168823
0 0.968567 0.590956 0.0389261 0.031069 0.00158675
0 0.955489 0.600532 0.0552595 0.0447339 0.00155616
0 0.0605145 0.404129 0.0428176 0.034164 0.00155294
0 0.778767 0.577127 0.0267515 0.00722046 0.00150971
0 0.128212 0.0329556 0.0142983 0.0178719 0.00128309
0 0.131183 0.753557 0.0151365 0.0150245 0.00126489
0 0.778772 0.578183 0.0172663 0.0110429 0.00122859
0 0.77929 0.57788 0.0260884 0.0153926 0.00112911
