0 0.659959 0.481349 0.503047 0.368412 0.3791
0 0.570459 0.49911 0.797428 0.331715 0.192477
0 0.730758 0.45652 0.317401 0.351716 0.0476457
0 0.51748 0.55137 0.637303 0.308035 0.030331
0 0.515422 0.591643 0.938499 0.30966 0.0295601
0 0.48958 0.647789 0.608494 0.143964 0.0107515
0 0.49162 0.645286 0.82774 0.223105 0.0106938
0 0.543452 0.412283 0.913095 0.521234 0.00985057
0 0.239115 0.686067 0.21235 0.123462 0.00923961
0 0.249258 0.592037 0.293233 0.327128 0.00819015
0 0.76212 0.409283 0.265714 0.267818 0.00814167
0 0.449635 0.612712 0.617105 0.233109 0.00705809
0 0.242765 0.658008 0.242344 0.172354 0.00509293
0 0.293679 0.572774 0.45954 0.401286 0.00494565
0 0.102881 0.0276555 0.00928099 0.0210797 0.00460557
0 0.685157 0.488193 0.356417 0.264147 0.00457357
0 0.102634 0.028881 0.0103424 0.0105684 0.00386667
0 0.162268 0.315552 0.012263 0.00682859 0.0038502
0 0.283558 0.686769 0.324597 0.137336 0.0036058
0 0.346793 0.648365 0.514201 0.191076 0.00339494
0 0.421459 0.967026 0.0103204 0.0119333 0.00314872
0 0.437522 0.672832 0.600124 0.117115 0.00300117
0 0.745651 0.595031 0.508697 0.499184 0.0025821
0 0.72319 0.467349 0.165295 0.315088 0.00245302
0 0.397842 0.68746 0.740959 0.198345 0.00237209
0 0.163497 0.317043 0.0112228 0.0101813 0.00232246
0 0.517782 0.403069 0.648925 0.424 0.00227317
0 0.691098 0.494777 0.162345 0.302464 0.00218442
0 0.238513 0.699021 0.156191 0.104582 0.00197961
0 0.102965 0.0277368 0.0130831 0.0148781 0.00191528
0 0.647797 0.644834 0.704406 0.462173 0.00190787
0 0.535683 0.691781 0.928633 0.345862 0.00184896
0 0.454508 0.649546 0.253224 0.0817961 0.00176322
0 0.281606 0.639321 0.321885 0.234739 0.00151487
0 0.697798 0.368332 0.604403 0.514317 0.00146481
0 0.216199 0.612624 0.187387 0.273112 0.00132543
0 0.478205 0.512267 0.95641 0.435968 0.00128233
0 0.735383 0.524754 0.391638 0.465145 0.00128217
0 0.422731 0.967192 0.0157409 0.0178385 0.00127527
0 0.768788 0.940587 0.111156 0.0975714 0.00127067
0 0.805901 0.386333 0.189606 0.213462 0.00121013
0 0.730803 0.869953 0.0886118 0.09795 0.00115939
0 0.770816 0.415278 0.16008 0.26622 0.00114011
0 0.163333 0.317107 0.0151744 0.0139338 0.00104801
