0 0.507793 0.504944 0.116136 0.314475 0.808783
0 0.512508 0.496018 0.170583 0.358243 0.178786
0 0.528915 0.560315 0.067279 0.195081 0.0577436
0 0.252166 0.470484 0.0157782 0.0126184 0.0129231
0 0.251796 0.472695 0.0229329 0.015281 0.00999437
0 0.252137 0.472964 0.0244496 0.0269726 0.00969911
0 0.56766 0.497006 0.229294 0.353496 0.00468588
0 0.531051 0.572097 0.0565981 0.137577 0.00398869
0 0.591664 0.46189 0.336853 0.450781 0.00394089
0 0.341724 0.36983 0.0103196 0.0135308 0.00364416
0 0.541873 0.579633 0.165436 0.336431 0.00361672
0 0.502714 0.43953 0.118101 0.221368 0.00320522
0 0.504904 0.581061 0.136545 0.324473 0.00307157
0 0.477795 0.508951 0.0936048 0.310628 0.00300958
0 0.53131 0.607 0.0456557 0.113417 0.00294184
0 0.56786 0.111136 0.098099 0.1063 0.00281569
0 0.539058 0.959608 0.106721 0.0534386 0.00201241
0 0.960387 0.961657 0.0587141 0.0582035 0.00197062
0 0.251518 0.475167 0.0296914 0.0182774 0.00191383
0 0.534993 0.631909 0.0361979 0.0719815 0.00179616
0 0.500585 0.557605 0.0885354 0.245911 0.00170987
0 0.417997 0.503189 0.302875 0.316361 0.00163239
0 0.606455 0.400081 0.456912 0.525308 0.00160411
0 0.494715 0.411805 0.101104 0.154621 0.00147054
0 0.832981 0.616578 0.104366 0.116344 0.00138038
0 0.474696 0.528367 0.191791 0.329383 0.00133381
0 0.738083 0.021275 0.0135756 0.0130889 0.00128831
0 0.228402 0.503484 0.0315558 0.0627152 0.00125278
0 0.251487 0.481704 0.0210302 0.0286439 0.0012162
0 0.903442 0.958389 0.0989767 0.0557049 0.00119014
0 0.244254 0.498365 0.0289237 0.0484302 0.00113296
0 0.541671 0.617397 0.0251366 0.0660415 0.00112891
0 0.501153 0.422153 0.174397 0.315632 0.00111296
0 0.542257 0.631712 0.0266321 0.0587046 0.00108807
