0 0.541557 0.546665 0.068939 0.0582796 0.857518
0 0.700793 0.515268 0.0434663 0.0709184 0.786884
0 0.32276 0.49999 0.107459 0.156612 0.766521
0 0.0496055 0.125308 0.0123509 0.0174437 0.169484
0 0.0618827 0.169939 0.0142847 0.0277107 0.140969
0 0.33023 0.500038 0.172266 0.173401 0.13266
0 0.699928 0.52446 0.0621651 0.107011 0.106678
0 0.196778 0.712303 0.00985603 0.0181538 0.0315518
0 0.196871 0.713845 0.013733 0.0137803 0.0311548
0 0.706321 0.50272 0.0352248 0.0582643 0.0262748
0 0.616834 0.166667 0.0554423 0.296557 0.0219741
0 0.700318 0.576626 0.0481351 0.17759 0.0198865
0 0.0616038 0.170643 0.0217696 0.0333245 0.0185728
0 0.541 0.548714 0.183049 0.203681 0.0159664
0 0.181837 0.66023 0.0538971 0.139902 0.0139477
0 0.548229 0.537725 0.0544714 0.0594567 0.0123327
0 0.615583 0.117266 0.0322363 0.140557 0.0121306
0 0.697842 0.537407 0.0405438 0.0965897 0.0120232
0 0.690969 0.504868 0.170524 0.239126 0.0113566
0 0.559793 0.546825 0.0957179 0.0819907 0.0110932
0 0.0487961 0.125433 0.0201136 0.0222542 0.0102085
0 0.227763 0.830989 0.0115469 0.0334694 0.00975835
0 0.232348 0.945443 0.0521151 0.0904947 0.0078079
0 0.700766 0.609441 0.0404442 0.148136 0.00754273
0 0.613795 0.129955 0.0428711 0.219263 0.00666152
0 0.340144 0.478482 0.0849477 0.111172 0.00654127
0 0.184742 0.653273 0.0821768 0.166304 0.00572406
0 0.537229 0.559974 0.0630939 0.062976 0.00549669
0 0.166795 0.606855 0.0133404 0.0192869 0.00545452
0 0.691139 0.512193 0.0414683 0.0691364 0.00521749
0 0.710267 0.524205 0.0495425 0.0858043 0.00502938
0 0.10314 0.954967 0.0620162 0.0765728 0.00486109
0 0.167216 0.608644 0.0230759 0.0208174 0.00467864
0 0.600682 0.167008 0.077745 0.288791 0.00433203
0 0.0618246 0.170638 0.0288226 0.0539172 0.00430902
0 0.562023 0.544679 0.0758271 0.0579981 0.00421217
0 0.257603 0.707183 0.0831943 0.0277519 0.00385907
0 0.689024 0.542481 0.0711284 0.126236 0.00366103
0 0.710554 0.588983 0.0745193 0.190763 0.00353403
0 0.0753307 0.232704 0.0285873 0.0396243 0.0033762
0 0.227337 0.827954 0.0185215 0.0405111 0.0032035
0 0.626154 0.180492 0.0499518 0.245132 0.00316193
0 0.698909 0.535721 0.0342995 0.061869 0.00288342
0 0.69127 0.588288 0.0730764 0.164279 0.00274529
0 0.228834 0.648997 0.181578 0.15548 0.00249167
0 0.548516 0.559412 0.0740526 0.0866411 0.00241337
0 0.239778 0.957675 0.0557605 0.0685465 0.00240299
0 0.35746 0.446839 0.0359705 0.035703 0.00219634
0 0.237278 0.943604 0.0825461 0.101341 0.00219153
0 0.199581 0.65509 0.0887261 0.137025 0.00214656
0 0.696814 0.580386 0.188981 0.256296 0.00211526
0 0.363796 0.443502 0.0275532 0.032625 0.00193392
0 0.61266 0.10923 0.0531853 0.144891 0.0018702
0 0.560295 0.545923 0.0467212 0.054037 0.00186658
0 0.728279 0.54306 0.168854 0.258725 0.00185171
0 0.346522 0.507308 0.117729 0.140938 0.00184036
0 0.711134 0.499647 0.0318838 0.0430107 0.00183803
0 0.955464 0.965811 0.0638008 0.0495459 0.001777
0 0.197984 0.622144 0.111576 0.221043 0.00177587
0 0.182568 0.598013 0.10752 0.329178 0.00177411
0 0.31749 0.546893 0.112733 0.216123 0.00176643
0 0.569892 0.541233 0.125139 0.0585177 0.00176269
0 0.68037 0.518408 0.0474597 0.0622964 0.00170641
0 0.195423 0.711199 0.017169 0.024395 0.00166968
0 0.528172 0.552177 0.0487864 0.0513615 0.0016539
0 0.598264 0.168146 0.165232 0.336292 0.00163296
0 0.19894 0.645113 0.201244 0.231426 0.00161216
0 0.285528 0.503259 0.142436 0.170086 0.00160015
0 0.37175 0.500962 0.251421 0.200725 0.0015578
0 0.302704 0.494176 0.112356 0.130039 0.0015172
0 0.232007 0.929407 0.0215872 0.0486431 0.00150032
0 0.118141 0.950863 0.0927423 0.0982751 0.00142118
0 0.528794 0.535698 0.0808491 0.0690341 0.00139695
0 0.232017 0.913961 0.017654 0.0260832 0.00133826
0 0.538133 0.568682 0.0827256 0.112479 0.0013377
0 0.620408 0.13819 0.0179328 0.109939 0.00132797
0 0.722939 0.95193 0.0908016 0.0600033 0.00132382
0 0.24162 0.609242 0.264532 0.290257 0.00127517
0 0.316822 0.927855 0.0917539 0.10299 0.00127258
0 0.230629 0.833873 0.0106076 0.0392508 0.00119465
0 0.712105 0.880415 0.0370289 0.185952 0.00119155
0 0.61897 0.112759 0.0801732 0.203836 0.00116291
0 0.535854 0.560062 0.0532219 0.0433253 0.001154
0 0.70244 0.552054 0.035517 0.135083 0.00114282
0 0.740243 0.959073 0.0790778 0.0511501 0.00113225
0 0.602578 0.136932 0.0548862 0.225088 0.00113023
0 0.70977 0.866966 0.0147549 0.144396 0.00112771
0 0.695662 0.549771 0.0266941 0.112781 0.00111938
0 0.623193 0.161982 0.0178061 0.105081 0.00107821
0 0.641924 0.16597 0.189375 0.331941 0.001054
0 0.353392 0.455424 0.0388061 0.0438083 0.00104421
0 0.565752 0.532612 0.0474311 0.0407303 0.00102798
0 0.342695 0.932383 0.0869844 0.105402 0.0010252
0 0.701672 0.620313 0.0693486 0.210424 0.00100857
