0 0.931925 0.342105 0.104044 0.111134 0.744045
0 0.0895498 0.503887 0.0328871 0.0273132 0.525894
0 0.0632324 0.461761 0.0843713 0.123127 0.496342
0 0.0540154 0.390835 0.108031 0.259571 0.441836
0 0.0250482 0.301861 0.0500964 0.0917897 0.427282
0 0.0717283 0.425709 0.0628611 0.0452827 0.276764
0 0.0577376 0.417336 0.10732 0.1179 0.237766
0 0.926606 0.330451 0.0880245 0.0759792 0.234158
0 0.963359 0.983002 0.0171165 0.033995 0.188272
0 0.962583 0.971928 0.01945 0.0548698 0.178516
0 0.964891 0.986887 0.0163145 0.0243925 0.105487
0 0.0308814 0.301506 0.0617628 0.119873 0.0942734
0 0.926822 0.345282 0.146355 0.15174 0.0859127
0 0.00943464 0.334661 0.0141699 0.0181679 0.0776528
0 0.0805949 0.876909 0.0155231 0.0168499 0.0764901
0 0.0361538 0.405147 0.0246218 0.0341326 0.0707745
0 0.00708665 0.334618 0.0141733 0.0228116 0.0645106
0 0.0597222 0.479355 0.0855949 0.0773871 0.0644704
0 0.0385054 0.325272 0.0770108 0.173855 0.063487
0 0.0641726 0.445787 0.128345 0.20522 0.0581424
0 0.0718244 0.433978 0.0786753 0.0491483 0.0439976
0 0.0797828 0.501172 0.0668667 0.0409053 0.0420489
0 0.0890326 0.506381 0.037389 0.0508707 0.0310348
0 0.956974 0.961014 0.0171614 0.0416929 0.0267901
0 0.0534225 0.432285 0.0986028 0.201046 0.026225
0 0.0355254 0.295866 0.0347277 0.0778686 0.0252894
0 0.0135678 0.331435 0.0239232 0.0258646 0.0218643
0 0.0352377 0.514044 0.0297569 0.0239676 0.0211504
0 0.928018 0.329791 0.0602774 0.0656219 0.0205984
0 0.0353818 0.402662 0.0143304 0.0400339 0.0196983
0 0.957411 0.974019 0.0325005 0.0519612 0.0179667
0 0.958464 0.966968 0.0245993 0.055546 0.0174237
0 0.96846 0.970999 0.0382162 0.0557728 0.01632
0 0.966598 0.979487 0.0260103 0.0410251 0.0161516
0 0.946091 0.358739 0.0947762 0.0957065 0.015862
0 0.0360648 0.508588 0.0342961 0.0293215 0.0156449
0 0.0457837 0.416888 0.061477 0.058359 0.0145705
0 0.0798774 0.499434 0.071756 0.0654904 0.0134288
0 0.0448299 0.395232 0.0404375 0.0686128 0.0122276
0 0.0651544 0.304905 0.130309 0.248434 0.012105
0 0.0433718 0.301806 0.0867436 0.234588 0.0101648
0 0.940105 0.377848 0.0379255 0.0363646 0.00992331
0 0.910921 0.319857 0.168719 0.205467 0.00901312
0 0.0584045 0.461697 0.0591038 0.063785 0.00871451
0 0.0720747 0.467526 0.0689358 0.0876067 0.00853909
0 0.0910964 0.498257 0.0278419 0.03107 0.00792744
0 0.0536752 0.346698 0.10735 0.268835 0.0075513
0 0.0397968 0.360442 0.0795936 0.253661 0.00739632
0 0.00532511 0.333904 0.00841303 0.0166665 0.00736061
0 0.942566 0.385739 0.02225 0.0252734 0.00718297
0 0.0171834 0.338544 0.0243101 0.0294044 0.00676512
0 0.968898 0.377978 0.0268511 0.0345065 0.00674032
0 0.0169697 0.341206 0.0339393 0.0325464 0.00667153
0 0.938132 0.374345 0.0853231 0.0770011 0.00665256
0 0.956974 0.377434 0.0462233 0.0444267 0.0062538
0 0.0782415 0.364808 0.156483 0.291105 0.00625178
0 0.0188986 0.333369 0.0377971 0.0596228 0.00604327
0 0.0325912 0.363353 0.0651823 0.120387 0.00591913
0 0.0801832 0.876357 0.0207475 0.0210636 0.00547026
0 0.0324735 0.354805 0.0413875 0.0584841 0.00533757
0 0.974453 0.978534 0.0415478 0.0429315 0.00507588
0 0.00585216 0.335829 0.0117043 0.012747 0.00505082
0 0.0448186 0.415507 0.0418794 0.0431912 0.00500859
0 0.0390969 0.283864 0.0272607 0.0625204 0.00493211
0 0.958833 0.970836 0.0485376 0.0583284 0.00483364
0 0.0481516 0.490383 0.0581683 0.0673482 0.00477645
0 0.031014 0.280528 0.0378197 0.0718353 0.00466457
0 0.0227547 0.331801 0.0455094 0.082613 0.00466098
0 0.0371804 0.411345 0.0743608 0.218118 0.00463849
0 0.0563568 0.413221 0.0843755 0.0855302 0.00447508
0 0.0270089 0.331677 0.0540179 0.129771 0.00445077
0 0.0426046 0.503697 0.0408612 0.0355395 0.00421711
0 0.0795895 0.479093 0.159179 0.198797 0.00417926
0 0.0238006 0.352848 0.0355546 0.0516409 0.00381384
0 0.954366 0.958808 0.018766 0.0314257 0.00379494
0 0.0977816 0.498596 0.0180238 0.0216343 0.00374357
0 0.0177794 0.302848 0.0355589 0.0671807 0.00355153
0 0.054161 0.384742 0.108322 0.127341 0.00345045
0 0.0750006 0.441199 0.0700212 0.0798615 0.00311298
0 0.0569393 0.501752 0.0865724 0.0616161 0.00307633
0 0.957659 0.953975 0.0141853 0.0254107 0.00283319
0 0.0767691 0.502208 0.0587362 0.0271032 0.00283304
0 0.928134 0.313567 0.08976 0.0538564 0.00265516
0 0.0255364 0.347938 0.0491158 0.079439 0.00253482
0 0.931107 0.345343 0.0589458 0.0708892 0.0023534
0 0.975817 0.987959 0.0329237 0.0240825 0.00229083
0 0.0850527 0.508789 0.0562562 0.0358336 0.00226032
0 0.962712 0.989659 0.0202961 0.0206813 0.00222081
0 0.969879 0.390104 0.0219152 0.0249928 0.00220453
0 0.0294922 0.406037 0.0214721 0.0448515 0.00219903
0 0.0341029 0.27641 0.0259735 0.0540418 0.00217387
0 0.952236 0.372494 0.0610268 0.058791 0.00208482
0 0.0846042 0.874376 0.0164937 0.0152391 0.00195602
0 0.0127342 0.319434 0.0254684 0.060718 0.00195446
0 0.0202231 0.280288 0.0404461 0.101307 0.00192048
0 0.0865135 0.468774 0.0347548 0.0571911 0.00188847
0 0.0422085 0.275162 0.0212423 0.0393155 0.00179947
0 0.912294 0.320539 0.0658827 0.0540237 0.0017852
0 0.0393268 0.355349 0.0621422 0.0898217 0.00177851
0 0.940677 0.324383 0.118646 0.0893843 0.00173289
0 0.0427106 0.298676 0.0520519 0.0940389 0.00166581
0 0.926143 0.363195 0.0972645 0.0842846 0.0015662
0 0.0764866 0.874245 0.0159197 0.016259 0.00152941
0 0.0731695 0.466304 0.0515396 0.0574672 0.00152505
0 0.0290954 0.981575 0.017243 0.0332306 0.00147765
0 0.930768 0.370477 0.0856482 0.147299 0.00145725
0 0.0387615 0.494667 0.0401264 0.0559789 0.00133266
0 0.0174055 0.681383 0.0320964 0.0789083 0.00129558
0 0.0145967 0.353025 0.021421 0.0422318 0.00129263
0 0.970747 0.399504 0.0192053 0.0253469 0.00128204
0 0.824671 0.151662 0.0193594 0.0166771 0.00127478
0 0.852965 0.919044 0.0110714 0.0115299 0.00126718
0 0.047405 0.429636 0.0948101 0.340752 0.00126123
0 0.0688361 0.413641 0.0608766 0.0539809 0.00126022
0 0.0452058 0.309663 0.0860781 0.117394 0.00123698
0 0.288364 0.00830744 0.0205382 0.011087 0.00118774
0 0.9544 0.966658 0.0713356 0.0666834 0.00118292
0 0.4285 0.00738977 0.0154876 0.00989535 0.0011821
0 0.0763252 0.872962 0.0233942 0.0194572 0.00117802
0 0.00471936 0.338509 0.00666599 0.0178284 0.00117446
0 0.040651 0.48473 0.0696544 0.115219 0.001174
0 0.0307554 0.976463 0.0321299 0.0470743 0.00113779
0 0.936116 0.972897 0.0885155 0.0542068 0.00113495
0 0.0904209 0.487242 0.0295032 0.0416781 0.00112557
0 0.0514058 0.444428 0.0838424 0.13852 0.0010784
0 0.0110243 0.322808 0.0171403 0.0411075 0.00104605
0 0.0867469 0.516838 0.0359362 0.0382563 0.00101403
