0 0.504863 0.499696 0.445345 0.144947 0.696223
0 0.504904 0.586171 0.44978 0.353372 0.0185441
0 0.536083 0.483775 0.330621 0.125709 0.0136373
0 0.633215 0.604013 0.733569 0.329919 0.00576808
0 0.532528 0.520697 0.335591 0.213222 0.00491739
0 0.510861 0.50097 0.166522 0.125914 0.00395822
0 0.384917 0.540349 0.172088 0.0602334 0.00300162
0 0.430921 0.503066 0.322984 0.177688 0.00299581
0 0.499951 0.421434 0.600148 0.335568 0.00288591
0 0.430288 0.799037 0.0115283 0.0107096 0.00274767
0 0.457169 0.493495 0.17788 0.0995615 0.0026501
0 0.422922 0.493576 0.517724 0.19261 0.00252055
0 0.718252 0.349895 0.0105099 0.00964012 0.00244483
0 0.717287 0.347743 0.00947313 0.0094718 0.00221002
0 0.57818 0.465106 0.271338 0.0713246 0.00220045
0 0.586554 0.535749 0.735099 0.221949 0.00215203
0 0.642252 0.47946 0.323979 0.0585485 0.00213549
0 0.657949 0.478931 0.109867 0.0398807 0.00201715
0 0.642271 0.470183 0.154929 0.0558563 0.00199
0 0.765175 0.517266 0.010984 0.0146698 0.00167418
0 0.409875 0.247535 0.804367 0.403841 0.00164458
0 0.499281 0.428094 0.466698 0.199949 0.00163441
0 0.625904 0.707437 0.748192 0.374048 0.00156907
0 0.538912 0.48466 0.161131 0.125235 0.00156375
0 0.431965 0.799686 0.0181437 0.0164486 0.00137473
0 0.678124 0.483736 0.079187 0.027165 0.00134575
0 0.431822 0.800703 0.0118043 0.0117146 0.00123894
0 0.103702 0.0868061 0.0118216 0.0174141 0.00112768
0 0.763592 0.516222 0.00936832 0.0191164 0.00106642
0 0.72049 0.350454 0.00938196 0.0106815 0.00104209
0 0.459156 0.351467 0.636569 0.34626 0.00103157
0 0.719605 0.349118 0.0148109 0.0172044 0.00100208
