0 0.495633 0.543714 0.56494 0.238788 0.591177
0 0.903769 0.320946 0.0140154 0.0193666 0.240204
0 0.385531 0.542202 0.318054 0.243232 0.0697971
0 0.505851 0.486692 0.551525 0.194361 0.0580566
0 0.532556 0.474723 0.519809 0.103874 0.0479945
0 0.578876 0.459047 0.415432 0.090994 0.0376269
0 0.659821 0.455001 0.253515 0.0924222 0.0278248
0 0.278453 0.615711 0.0897985 0.0512324 0.0219028
0 0.902972 0.322483 0.0207922 0.0265486 0.0169291
0 0.58516 0.455352 0.666396 0.15457 0.0130223
0 0.381177 0.53721 0.168184 0.181111 0.00927675
0 0.985903 0.531003 0.0164246 0.024312 0.00919555
0 0.904476 0.316607 0.0158682 0.0233096 0.0084699
0 0.705947 0.442479 0.173714 0.0719045 0.0079992
0 0.503224 0.420399 0.625127 0.37548 0.00782368
0 0.78982 0.0421944 0.00831127 0.0123523 0.00588013
0 0.908591 0.321666 0.0164074 0.0217796 0.00575931
0 0.499668 0.635858 0.584497 0.405519 0.00560734
0 0.300084 0.541446 0.17131 0.214042 0.00550007
0 0.788282 0.0420404 0.00885143 0.0163987 0.00430997
0 0.00725328 0.0257558 0.0103192 0.0239083 0.00392882
0 0.98323 0.526515 0.0188746 0.033821 0.0038695
0 0.277782 0.604238 0.120362 0.100679 0.00334082
0 0.685761 0.4493 0.27915 0.15497 0.00329077
0 0.614882 0.455627 0.152614 0.102095 0.00319391
0 0.779335 0.420429 0.0302305 0.03128 0.00308692
0 0.773309 0.42261 0.036045 0.0416051 0.00306176
0 0.790811 0.0393646 0.0138659 0.0185611 0.00264605
0 0.769889 0.431854 0.0495898 0.0510573 0.002643
0 0.976976 0.532198 0.0431957 0.0365412 0.00258181
0 0.906779 0.321944 0.029417 0.053911 0.00228402
0 0.988909 0.527343 0.0132235 0.0311408 0.00213379
0 0.0106592 0.0241113 0.0139953 0.0277511 0.00202442
0 0.287626 0.551852 0.112692 0.194832 0.00201402
0 0.899699 0.314048 0.0184593 0.0280347 0.00200947
0 0.695276 0.950612 0.0110267 0.019351 0.00192429
0 0.671055 0.447569 0.157619 0.0991501 0.00192219
0 0.00900552 0.0267807 0.0108899 0.0189856 0.00192145
0 0.695098 0.438 0.222173 0.107322 0.00184427
0 0.536037 0.4315 0.634099 0.229495 0.00168677
0 0.695787 0.954723 0.0124892 0.0147129 0.00168588
0 0.58874 0.467732 0.164333 0.102633 0.00145325
0 0.692827 0.949826 0.0136954 0.0231998 0.00140227
0 0.933385 0.531202 0.102647 0.0515196 0.0013604
0 0.693473 0.955366 0.012061 0.0212667 0.00134114
0 0.731077 0.94451 0.0213786 0.0409788 0.00125555
0 0.316004 0.524903 0.288085 0.228509 0.00123437
0 0.64689 0.478625 0.434371 0.175885 0.00122308
0 0.293716 0.593848 0.250553 0.222375 0.00117505
0 0.794124 0.0367521 0.0138472 0.0246357 0.00115051
0 0.595371 0.00491674 0.0179271 0.00703845 0.00112521
0 0.282857 0.596577 0.082232 0.0974944 0.00108793
0 0.0140148 0.0250152 0.0144708 0.0250916 0.00103214
0 0.546089 0.637297 0.734524 0.595061 0.00102597
0 0.457292 0.517802 0.359729 0.212529 0.00102466
0 0.690858 0.937176 0.0292296 0.0520571 0.00101937
0 0.699159 0.953409 0.00780001 0.0152224 0.00100954
