0 0.495198 0.465088 0.0347805 0.119612 0.669983
0 0.498203 0.48473 0.0276036 0.0814247 0.169803
0 0.501401 0.490035 0.0239712 0.0605299 0.108832
0 0.501151 0.501198 0.0216609 0.0436672 0.0832086
0 0.493236 0.463709 0.037091 0.0719168 0.0627568
0 0.49749 0.461478 0.0605037 0.148042 0.0322193
0 0.483784 0.464562 0.0367186 0.115886 0.0147873
0 0.510931 0.468938 0.0530075 0.11822 0.0103134
0 0.502847 0.50976 0.0208576 0.028104 0.00851296
0 0.541179 0.248463 0.118297 0.103517 0.00811838
0 0.490086 0.449768 0.0237064 0.106852 0.00726285
0 0.491637 0.447194 0.034856 0.0678289 0.00700843
0 0.502361 0.50254 0.0272108 0.0584589 0.00661707
0 0.493928 0.452383 0.181047 0.247654 0.00596065
0 0.367674 0.659972 0.083705 0.110646 0.00442151
0 0.544789 0.254013 0.0917742 0.0670075 0.00434345
0 0.535526 0.247002 0.0656274 0.0889986 0.00425306
0 0.488163 0.434922 0.0186273 0.0705831 0.0034414
0 0.550093 0.236181 0.0662943 0.0808278 0.00295576
0 0.489209 0.435203 0.0295075 0.0582829 0.00259189
0 0.523197 0.462046 0.0829457 0.118402 0.00210417
0 0.52573 0.453015 0.182274 0.198695 0.00199254
0 0.549001 0.247682 0.33831 0.232183 0.00199129
0 0.442336 0.682369 0.0765113 0.111787 0.00182396
0 0.522804 0.699761 0.0870846 0.134634 0.00181865
0 0.779083 0.587592 0.0934036 0.132306 0.00181694
0 0.270952 0.560877 0.0963011 0.174522 0.00181621
0 0.510032 0.480256 0.0390225 0.0979633 0.001749
0 0.489433 0.476725 0.0323462 0.0703264 0.00169811
0 0.354337 0.638601 0.0892506 0.113095 0.00160325
0 0.493371 0.683828 0.0719898 0.106066 0.00157328
0 0.590524 0.706017 0.0368762 0.144226 0.00150734
0 0.329451 0.241521 0.0893615 0.118179 0.00149168
0 0.138197 0.0170412 0.276394 0.0340824 0.00142844
0 0.639382 0.298142 0.0471748 0.12696 0.00128646
0 0.276319 0.608717 0.0950643 0.16693 0.00120921
0 0.505029 0.701264 0.394819 0.281702 0.00112358
0 0.629948 0.304457 0.0728839 0.0708577 0.00107669
0 0.48392 0.479115 0.0652914 0.149743 0.0010764
0 0.539019 0.705144 0.0418909 0.142335 0.0010568
0 0.540077 0.683324 0.0762833 0.115105 0.00105365
0 0.54393 0.223219 0.15452 0.148001 0.0010427
