0 0.647445 0.465875 0.0728136 0.105873 0.729258
0 0.546925 0.529977 0.0864412 0.14387 0.724132
0 0.55238 0.510364 0.0746438 0.089075 0.36021
0 0.584829 0.501711 0.154771 0.169502 0.310215
0 0.551885 0.534333 0.183121 0.182756 0.0838694
0 0.623413 0.466365 0.120468 0.13233 0.0815239
0 0.572789 0.482253 0.0284212 0.0367818 0.0764411
0 0.559285 0.499361 0.0560026 0.0774001 0.053303
0 0.642126 0.457509 0.170365 0.182213 0.0501811
0 0.320633 0.579569 0.0549538 0.0710439 0.0451418
0 0.644604 0.460944 0.057361 0.0694043 0.0353526
0 0.663428 0.460046 0.080166 0.0950002 0.0351598
0 0.3292 0.563661 0.0392272 0.0382114 0.0349378
0 0.68003 0.465927 0.0484966 0.0846299 0.0305355
0 0.568239 0.490523 0.0365387 0.0509522 0.0294175
0 0.105603 0.0263623 0.013168 0.00994548 0.0237218
0 0.58604 0.490899 0.127374 0.106531 0.0228763
0 0.608358 0.527915 0.180029 0.205902 0.0220405
0 0.686991 0.463128 0.0372092 0.0678298 0.0218108
0 0.551107 0.515105 0.0567266 0.0652749 0.016571
0 0.577773 0.476688 0.0170115 0.024211 0.00792561
0 0.334677 0.560352 0.0302425 0.0304532 0.00748296
0 0.324647 0.585783 0.077799 0.095625 0.00735724
0 0.565855 0.480012 0.0436121 0.0380178 0.00698657
0 0.674395 0.422433 0.0152867 0.0185519 0.0069625
0 0.577491 0.477547 0.0239196 0.0310127 0.00657141
0 0.64538 0.486644 0.0601669 0.0993071 0.00633265
0 0.668251 0.43306 0.0278594 0.0397522 0.00623064
0 0.448384 0.544823 0.322358 0.160655 0.00526423
0 0.673576 0.418765 0.0156477 0.0154833 0.0050849
0 0.676876 0.469692 0.0758126 0.0893716 0.00449945
0 0.663621 0.447544 0.0362463 0.069676 0.00423177
0 0.103719 0.0253746 0.008021 0.00906462 0.00413662
0 0.636066 0.497063 0.139323 0.191483 0.00409916
0 0.559122 0.489358 0.10132 0.101011 0.00374775
0 0.652652 0.450893 0.0561123 0.0625248 0.00373957
0 0.637177 0.488179 0.0590217 0.0764117 0.00325823
0 0.530321 0.551914 0.0997807 0.13939 0.00325503
0 0.53605 0.553571 0.0637901 0.125608 0.00275569
0 0.102949 0.0243562 0.0155196 0.013241 0.00275471
0 0.40511 0.941631 0.0390217 0.0939478 0.00261087
0 0.529441 0.519123 0.100231 0.112141 0.00256229
0 0.637537 0.498057 0.0872042 0.151717 0.00253103
0 0.657698 0.435469 0.0474435 0.057671 0.00235178
0 0.105082 0.0247203 0.0154491 0.0192541 0.00233523
0 0.664812 0.461967 0.0493157 0.0685596 0.0022935
0 0.402326 0.937802 0.0453048 0.0578186 0.00216052
0 0.311793 0.587288 0.041008 0.0648952 0.00212463
0 0.569049 0.479543 0.0691862 0.072987 0.00209719
0 0.10793 0.841829 0.107865 0.176183 0.00197729
0 0.10395 0.0281918 0.0122184 0.00913154 0.00196569
0 0.624904 0.490986 0.0988162 0.101679 0.00190816
0 0.573772 0.506895 0.056214 0.0889796 0.00187805
0 0.392183 0.946873 0.0554389 0.0667929 0.00187414
0 0.392083 0.939314 0.0369581 0.0543158 0.00185421
0 0.650836 0.443031 0.0916293 0.118757 0.00178469
0 0.40295 0.957181 0.0897717 0.0605604 0.00176698
0 0.676168 0.481589 0.187135 0.213734 0.00176332
0 0.594077 0.450138 0.171209 0.152209 0.00174303
0 0.342974 0.590928 0.198997 0.207488 0.00162738
0 0.662089 0.430112 0.0331368 0.0385545 0.00161216
0 0.393454 0.945608 0.100725 0.0824245 0.0016007
0 0.628513 0.468126 0.0837258 0.082486 0.00158846
0 0.392795 0.941781 0.0340246 0.0871073 0.00157127
0 0.298882 0.959163 0.00473657 0.0130661 0.0015348
0 0.531061 0.565989 0.0426498 0.0733586 0.00153302
0 0.582337 0.576587 0.166561 0.215408 0.00152573
0 0.321918 0.601544 0.0560981 0.131517 0.00150824
0 0.296178 0.555128 0.201065 0.226648 0.00149003
0 0.109435 0.830125 0.0686309 0.15242 0.00148648
0 0.841317 0.0237538 0.0126772 0.0138712 0.00144296
0 0.542511 0.533921 0.0586401 0.0590148 0.00142905
0 0.196843 0.769095 0.11608 0.0941513 0.00135991
0 0.499983 0.533516 0.203139 0.157511 0.00131238
0 0.632079 0.538172 0.0140851 0.0160924 0.00130674
0 0.103836 0.0279336 0.00832193 0.0127275 0.0012921
0 0.555939 0.572501 0.117332 0.182197 0.00126779
0 0.675129 0.427956 0.0195203 0.0266873 0.00125947
0 0.35101 0.586261 0.103223 0.0948778 0.00124157
0 0.69251 0.450986 0.034761 0.0576249 0.00121719
0 0.545634 0.499831 0.0555489 0.0530328 0.00121398
0 0.252567 0.865592 0.505135 0.268816 0.0011654
0 0.13321 0.852626 0.26642 0.266779 0.00116445
0 0.56065 0.486633 0.0497464 0.0387013 0.00115133
0 0.608927 0.502958 0.159659 0.112407 0.00114424
0 0.2735 0.836657 0.0520741 0.102389 0.00113289
0 0.200343 0.761508 0.0675948 0.105882 0.00113178
0 0.528048 0.533839 0.0734003 0.117461 0.00110741
0 0.413105 0.0194202 0.0249102 0.0185131 0.00108303
0 0.642477 0.277804 0.0804828 0.0842505 0.00105
0 0.53635 0.517503 0.0567905 0.0589731 0.00103738
0 0.523093 0.570884 0.0334421 0.0559361 0.00102899
0 0.30649 0.582585 0.0624385 0.0643377 0.00102243
