0 0.502864 0.502972 0.152786 0.0433911 0.783205
0 0.502218 0.503048 0.173009 0.0826096 0.132716
0 0.55861 0.503705 0.247036 0.0576272 0.0868985
0 0.507354 0.503243 0.0958664 0.0370057 0.0859137
0 0.496664 0.501354 0.213505 0.179914 0.0301976
0 0.618511 0.510536 0.113631 0.0404165 0.0174766
0 0.584963 0.509408 0.186301 0.0448942 0.0155737
0 0.566339 0.502 0.290056 0.0886497 0.0146804
0 0.504991 0.518044 0.144363 0.0735385 0.00953202
0 0.525322 0.497215 0.149996 0.0498569 0.00938572
0 0.544408 0.482073 0.284427 0.110335 0.00745479
0 0.56532 0.499617 0.325959 0.169371 0.00698238
0 0.560483 0.520459 0.235377 0.0786598 0.0067963
0 0.501502 0.48232 0.152694 0.0663448 0.00670185
0 0.503385 0.495343 0.0594128 0.0530895 0.00605877
0 0.475699 0.502744 0.104087 0.0324962 0.00550878
0 0.562671 0.501814 0.161714 0.045278 0.0051474
0 0.561473 0.551575 0.268159 0.147033 0.00480391
0 0.504666 0.491272 0.0939681 0.0400759 0.00266344
0 0.507023 0.548823 0.159102 0.158348 0.00243181
0 0.727791 0.0382395 0.0218996 0.0368077 0.0021342
0 0.55804 0.45106 0.275288 0.190272 0.00196377
0 0.564198 0.0199974 0.0185418 0.0130827 0.00154726
0 0.527244 0.509997 0.150673 0.0563908 0.00154281
0 0.486269 0.508856 0.119162 0.0391138 0.00152764
0 0.632419 0.513383 0.058928 0.0371334 0.00151065
0 0.623106 0.50843 0.0581293 0.0386895 0.00137436
0 0.611774 0.502396 0.147582 0.0498665 0.00135971
0 0.485162 0.219318 0.0203707 0.01391 0.00128775
0 0.725487 0.0323956 0.0134914 0.0194737 0.00123352
0 0.56672 0.51992 0.156243 0.058202 0.00118985
0 0.613115 0.520541 0.138773 0.0582972 0.00115119
0 0.9588 0.964959 0.0606228 0.0539059 0.00113673
0 0.444483 0.49765 0.0316396 0.0311339 0.00113275
0 0.48925 0.219296 0.0151994 0.0131572 0.00102083
0 0.563259 0.0206355 0.0260905 0.0177486 0.00101492
