0 0.505748 0.514543 0.12362 0.0466309 0.699436
0 0.582635 0.607826 0.278216 0.239979 0.423255
0 0.502736 0.514364 0.135993 0.0883917 0.143141
0 0.508371 0.535807 0.117182 0.0845966 0.0472085
0 0.498209 0.504909 0.176479 0.194825 0.0282919
0 0.525542 0.55497 0.185891 0.119158 0.0279029
0 0.0700146 0.137995 0.140029 0.215678 0.0260284
0 0.123613 0.205672 0.0142616 0.0370151 0.0235677
0 0.06812 0.162297 0.128931 0.141019 0.0221972
0 0.592941 0.605235 0.158438 0.241938 0.0126915
0 0.508178 0.522522 0.0946655 0.0460647 0.0117999
0 0.546272 0.570798 0.276987 0.228658 0.011786
0 0.505735 0.510839 0.0602116 0.0590522 0.0100289
0 0.500711 0.493707 0.128668 0.0706657 0.00919861
0 0.107191 0.191924 0.054268 0.0748067 0.0084432
0 0.0868745 0.178427 0.0923748 0.112614 0.00826275
0 0.491751 0.525029 0.122262 0.0613754 0.00789024
0 0.51025 0.574481 0.134085 0.149303 0.0059815
0 0.119528 0.20378 0.0266332 0.0447745 0.00467195
0 0.522322 0.528097 0.132689 0.0567025 0.00391223
0 0.50666 0.502881 0.0898501 0.0599673 0.00378284
0 0.50379 0.487707 0.147777 0.107628 0.00355499
0 0.477214 0.513866 0.0994218 0.0501918 0.00353793
0 0.523526 0.51677 0.0885263 0.0390269 0.00348651
0 0.513094 0.580222 0.239089 0.174705 0.00318225
0 0.695506 0.677316 0.053746 0.0967595 0.00315891
0 0.630993 0.632563 0.209949 0.24225 0.00294471
0 0.630997 0.572366 0.383307 0.29341 0.00272617
0 0.946923 0.450477 0.106154 0.113627 0.00264331
0 0.631783 0.575714 0.229633 0.282965 0.00263015
0 0.578218 0.548613 0.299672 0.157563 0.0022051
0 0.0965583 0.114009 0.193117 0.228017 0.00200252
0 0.547792 0.516898 0.163306 0.0625025 0.00198319
0 0.586716 0.519154 0.345504 0.329922 0.00187261
0 0.509442 0.600989 0.160615 0.23537 0.00185123
0 0.112216 0.203663 0.0356457 0.0569041 0.00184708
0 0.500301 0.994442 0.00919523 0.0111153 0.00174808
0 0.0906037 0.18095 0.181207 0.20221 0.00165453
0 0.510262 0.63655 0.395882 0.305016 0.00160927
0 0.688243 0.672518 0.0768517 0.113642 0.00143566
0 0.702085 0.681932 0.0468946 0.0668867 0.00143452
0 0.957337 0.967412 0.0680763 0.0526464 0.00139246
0 0.598453 0.685677 0.285536 0.430173 0.00137098
0 0.502602 0.467555 0.0198445 0.0209536 0.00128558
0 0.500916 0.473758 0.233907 0.180009 0.00122539
0 0.123295 0.210139 0.0276236 0.050798 0.00122388
0 0.211923 0.143208 0.108286 0.157402 0.00121089
0 0.562449 0.401781 0.0170016 0.00980291 0.00120068
0 0.0713864 0.123193 0.142773 0.246386 0.00119548
0 0.52452 0.504842 0.13901 0.0688471 0.00114064
0 0.126025 0.210866 0.0117636 0.0301205 0.00110618
0 0.0629591 0.200136 0.125918 0.260758 0.00102498
0 0.540144 0.51438 0.128622 0.0462936 0.0010176
