0 0.501261 0.500385 0.0649981 0.0493258 0.811048
0 0.438049 0.636785 0.0606448 0.0433627 0.174868
0 0.502585 0.504289 0.0732895 0.085394 0.0789007
0 0.0416926 0.352277 0.0128481 0.0132355 0.0265611
0 0.564082 0.494091 0.0119728 0.0134727 0.0262424
0 0.447974 0.632762 0.0455411 0.0342078 0.0183729
0 0.694156 0.917654 0.0189218 0.0284412 0.0166452
0 0.561527 0.493668 0.0108151 0.0161354 0.0143326
0 0.440307 0.627301 0.0873911 0.10548 0.0136538
0 0.491725 0.500001 0.175619 0.239414 0.0122398
0 0.557315 0.931948 0.0666462 0.0891415 0.0109891
0 0.42272 0.647213 0.0284199 0.0262102 0.00833492
0 0.517151 0.496386 0.0526592 0.0417188 0.00746676
0 0.489522 0.504622 0.0454853 0.0407783 0.00720232
0 0.431073 0.646667 0.0788877 0.0899083 0.00648456
0 0.515783 0.489702 0.0403127 0.0348256 0.00619603
0 0.302808 0.625552 0.0084352 0.0107638 0.00494397
0 0.417105 0.65051 0.0150948 0.017648 0.00490509
0 0.91747 0.699066 0.0913435 0.101644 0.00456799
0 0.488282 0.509157 0.035341 0.0282357 0.00426133
0 0.485583 0.511808 0.0295407 0.0201278 0.00412348
0 0.30223 0.62767 0.011914 0.0128754 0.00405537
0 0.57737 0.935335 0.0862685 0.106347 0.00314642
0 0.427079 0.635336 0.0572513 0.0518998 0.00314059
0 0.648008 0.948227 0.0311624 0.0688744 0.00276978
0 0.44347 0.602999 0.208501 0.22932 0.00275914
0 0.526493 0.564969 0.0121436 0.0124088 0.00268829
0 0.303542 0.626243 0.0145297 0.018213 0.00254569
0 0.431579 0.646274 0.0558332 0.0465133 0.0025027
0 0.953089 0.962211 0.0752741 0.0596392 0.00250178
0 0.511784 0.508682 0.0694883 0.0595636 0.00249286
0 0.983327 0.957456 0.0270693 0.0813232 0.00241523
0 0.690431 0.92415 0.0263838 0.0364073 0.00239917
0 0.441167 0.656838 0.0635692 0.0702209 0.00238903
0 0.641953 0.951501 0.0255923 0.0608162 0.00225724
0 0.561904 0.498758 0.0143704 0.0215746 0.00224814
0 0.416439 0.644769 0.0203442 0.025261 0.00223735
0 0.645148 0.942868 0.0222561 0.0532375 0.00215126
0 0.986697 0.956531 0.0266059 0.0538446 0.00214368
0 0.522084 0.492557 0.0274902 0.0339523 0.00207602
0 0.456433 0.640416 0.0716688 0.0523957 0.0019637
0 0.561932 0.920071 0.0379486 0.0916046 0.00189174
0 0.529758 0.564245 0.012889 0.0117227 0.00188538
0 0.202656 0.638452 0.0179032 0.0169394 0.00186095
0 0.482255 0.502132 0.0841323 0.0412453 0.00169737
0 0.480821 0.583285 0.152054 0.192032 0.00165078
0 0.397824 0.646901 0.199361 0.241667 0.00164087
0 0.545565 0.908092 0.355476 0.183816 0.00160312
0 0.304214 0.62798 0.00858994 0.0167367 0.00160088
0 0.565858 0.498486 0.0124915 0.0232288 0.00158111
0 0.631128 0.951139 0.019782 0.044692 0.00157341
0 0.200338 0.640977 0.01716 0.0225779 0.00156608
0 0.503846 0.482785 0.0611021 0.0550309 0.00153637
0 0.201307 0.636503 0.00941033 0.0202303 0.00153051
0 0.429881 0.624139 0.0711192 0.0681082 0.00152292
0 0.551532 0.92963 0.0399884 0.0971827 0.00151217
0 0.305138 0.627686 0.0107681 0.0100823 0.0014909
0 0.473014 0.551747 0.120861 0.173188 0.00148119
0 0.0397507 0.959625 0.0644926 0.0652603 0.00140996
0 0.496939 0.520881 0.0546724 0.0687849 0.00134242
0 0.48141 0.0156599 0.0233504 0.0119632 0.00121307
0 0.480439 0.0160013 0.0155931 0.0144509 0.00119664
0 0.0466555 0.353052 0.0193763 0.00908289 0.00117561
0 0.841228 0.923846 0.127245 0.150264 0.00110174
0 0.600338 0.959752 0.0785893 0.0549313 0.00106523
0 0.199035 0.636473 0.0172457 0.0211405 0.00100377
0 0.906036 0.96129 0.149779 0.0570293 0.00100342
