0 0.372899 0.761951 0.061997 0.0666895 0.78581
0 0.650836 0.246051 0.0466091 0.0374696 0.484287
0 0.350601 0.61451 0.0550671 0.0494587 0.458262
0 0.342471 0.733338 0.0389305 0.0357961 0.454008
0 0.355965 0.752628 0.0547212 0.0540065 0.351576
0 0.445549 0.477281 0.0348924 0.0304416 0.252279
0 0.390368 0.150383 0.0316745 0.0309458 0.169086
0 0.645639 0.254572 0.0540639 0.0474603 0.109032
0 0.659622 0.242704 0.0230055 0.0298962 0.0923314
0 0.345983 0.735765 0.053979 0.0568792 0.0621444
0 0.377681 0.753973 0.0454264 0.0510278 0.0553937
0 0.390929 0.146872 0.023383 0.0243824 0.0444043
0 0.445323 0.476814 0.044099 0.0469933 0.0423494
0 0.349681 0.625761 0.0695487 0.0924589 0.0400011
0 0.389632 0.151358 0.0399216 0.0486081 0.0198376
0 0.646229 0.256883 0.0747618 0.0863229 0.0183013
0 0.360838 0.610901 0.0484009 0.0434007 0.0174763
0 0.348866 0.751479 0.153372 0.187605 0.0172974
0 0.640167 0.247502 0.0499817 0.0409017 0.0161543
0 0.348799 0.72469 0.0255744 0.0232064 0.014456
0 0.340821 0.618016 0.0874993 0.0483905 0.0138235
0 0.351234 0.726869 0.08469 0.13286 0.0108143
0 0.340565 0.62771 0.0697448 0.0637461 0.00832056
0 0.384948 0.763307 0.0446748 0.0620441 0.00796979
0 0.663708 0.240115 0.0206434 0.0217685 0.00792171
0 0.660747 0.248103 0.0332623 0.0374932 0.00782601
0 0.335533 0.736786 0.0424598 0.0504208 0.00772624
0 0.363692 0.772073 0.0436639 0.0611084 0.00755128
0 0.335178 0.754457 0.0741689 0.104565 0.00523752
0 0.341008 0.640422 0.19403 0.231936 0.00502576
0 0.645653 0.237514 0.0906983 0.114922 0.00502355
0 0.631745 0.253977 0.0720713 0.0522573 0.00480687
0 0.644392 0.269933 0.0606397 0.073884 0.00445303
0 0.369896 0.786874 0.0514221 0.0707061 0.00420512
0 0.390717 0.747482 0.026226 0.033295 0.00412262
0 0.390925 0.780786 0.187515 0.224495 0.00408404
0 0.640983 0.2488 0.193282 0.268549 0.00401614
0 0.666157 0.246506 0.0296011 0.0274351 0.00377901
0 0.340104 0.617828 0.0525536 0.0452759 0.00347079
0 0.753776 0.937049 0.0352386 0.0246931 0.00324465
0 0.961619 0.0553176 0.0715221 0.099176 0.00290425
0 0.395963 0.145783 0.0222127 0.0230353 0.00277134
0 0.650581 0.627531 0.0728704 0.112811 0.0027454
0 0.373232 0.60487 0.198472 0.26052 0.00269627
0 0.354374 0.766081 0.065619 0.0611515 0.00261734
0 0.330287 0.732498 0.0362896 0.0362862 0.00249754
0 0.347449 0.706262 0.201783 0.259381 0.00245054
0 0.433801 0.47681 0.0641656 0.0408928 0.00233854
0 0.647959 0.0305885 0.019234 0.0288592 0.00230874
0 0.95964 0.964484 0.0665764 0.0557175 0.0021757
0 0.635611 0.601461 0.0751128 0.151574 0.00215859
0 0.36403 0.786552 0.0362936 0.0461954 0.00211485
0 0.391497 0.159141 0.0265619 0.0375875 0.00200208
0 0.656273 0.610512 0.0513988 0.131144 0.00197748
0 0.312379 0.608307 0.213109 0.231551 0.00194971
0 0.335889 0.643626 0.0881352 0.101126 0.00187361
0 0.395891 0.152486 0.0267483 0.0275072 0.00180174
0 0.342763 0.683229 0.0875661 0.155306 0.0017522
0 0.564377 0.95375 0.0441418 0.0821096 0.00169857
0 0.39137 0.142509 0.0301471 0.0277647 0.00169115
0 0.361488 0.638986 0.0842435 0.113135 0.00165517
0 0.444333 0.46563 0.0352239 0.0470897 0.00164756
0 0.383679 0.155532 0.0417637 0.0360342 0.00163325
0 0.354279 0.60436 0.0496847 0.0427814 0.00160138
0 0.651732 0.630588 0.0835432 0.164865 0.00158078
0 0.556141 0.951579 0.0406901 0.052952 0.00151351
0 0.361021 0.622414 0.0801178 0.0621322 0.00139291
0 0.64494 0.0286422 0.0301329 0.0365408 0.00135103
0 0.674429 0.395089 0.0185981 0.0229236 0.00134703
0 0.443028 0.466474 0.0820402 0.124333 0.00134323
0 0.386962 0.925864 0.0337015 0.0925068 0.00129979
0 0.653457 0.232827 0.037022 0.0427551 0.00126793
0 0.034823 0.967329 0.0551791 0.0493725 0.00122844
0 0.631331 0.269543 0.0834311 0.0882657 0.00120695
0 0.304329 0.750602 0.215145 0.275249 0.00119667
0 0.797532 0.038761 0.1943 0.0596923 0.00118575
0 0.365795 0.738452 0.055433 0.0535732 0.00117866
0 0.644849 0.027422 0.00963535 0.0249777 0.00117644
0 0.960976 0.69371 0.0651352 0.113813 0.00113655
0 0.64087 0.606779 0.0508177 0.132827 0.00113458
0 0.337339 0.707065 0.0695724 0.108965 0.00112113
0 0.663281 0.640406 0.0554559 0.124031 0.0011176
0 0.353621 0.766622 0.030792 0.0565335 0.00109819
0 0.637333 0.260378 0.0480662 0.0491408 0.00109277
0 0.643923 0.23182 0.0489152 0.0591584 0.00107124
0 0.651072 0.0350125 0.0246535 0.0413368 0.00106905
0 0.651967 0.274828 0.0521206 0.102526 0.00106626
0 0.367589 0.799149 0.0408851 0.0606445 0.001062
0 0.330232 0.752481 0.0652149 0.0591775 0.0010405
0 0.638668 0.21105 0.254066 0.273281 0.00102831
0 0.387131 0.152325 0.0702351 0.0518926 0.00102112
0 0.353089 0.77508 0.0514713 0.060632 0.0010197
