0 0.497943 0.499818 0.643939 0.149908 0.619491
0 0.461923 0.583793 0.809887 0.338439 0.0546846
0 0.534024 0.526113 0.667452 0.23122 0.0477108
0 0.415274 0.527489 0.729435 0.172893 0.0455651
0 0.464036 0.358788 0.854444 0.280135 0.0165975
0 0.57198 0.463655 0.698112 0.182599 0.0144986
0 0.430931 0.465865 0.861863 0.241866 0.0142565
0 0.570754 0.465156 0.517251 0.141277 0.0134812
0 0.632965 0.456746 0.312705 0.103424 0.00668062
0 0.594466 0.478635 0.355812 0.138674 0.00651081
0 0.552188 0.645207 0.764543 0.525622 0.00647663
0 0.453156 0.39942 0.6355 0.309858 0.00634906
0 0.134051 0.865131 0.0232746 0.0143383 0.00559532
0 0.415103 0.31297 0.830206 0.430637 0.00485816
0 0.163378 0.594257 0.310298 0.122967 0.00437819
0 0.306347 0.54613 0.538558 0.149086 0.00411303
0 0.389093 0.516934 0.351755 0.169643 0.00400128
0 0.68153 0.452793 0.231068 0.0812695 0.00393235
0 0.301415 0.550346 0.60283 0.200704 0.0031193
0 0.707862 0.441556 0.176625 0.0604609 0.00269447
0 0.508609 0.351053 0.585553 0.23618 0.00259921
0 0.734994 0.436534 0.237482 0.0783498 0.002454
0 0.539574 0.429213 0.56924 0.199639 0.00238315
0 0.431272 0.697421 0.862544 0.468459 0.0013316
0 0.598134 0.584787 0.567681 0.413012 0.00116994
0 0.10763 0.61293 0.19735 0.0722554 0.00113343
0 0.485759 0.504789 0.342777 0.112418 0.00100088
