0 0.501079 0.502492 0.107134 0.0509931 0.727642
0 0.499434 0.505726 0.113897 0.0827473 0.174923
0 0.493971 0.502057 0.0601772 0.0496741 0.0583985
0 0.486548 0.508833 0.0794291 0.0489631 0.0276277
0 0.493469 0.501563 0.169231 0.186028 0.0265881
0 0.526283 0.499875 0.0889945 0.049612 0.0159118
0 0.496883 0.521625 0.0937085 0.0913365 0.0107954
0 0.540556 0.493886 0.0487768 0.043444 0.00722081
0 0.47596 0.506948 0.0530635 0.0427318 0.00718984
0 0.539776 0.493464 0.0314102 0.0370691 0.00696462
0 0.542341 0.486954 0.0322989 0.026054 0.00657026
0 0.512773 0.495986 0.0582838 0.0503421 0.00613147
0 0.494792 0.491883 0.095946 0.0522888 0.00573014
0 0.497429 0.474037 0.216144 0.149909 0.00562797
0 0.50344 0.550653 0.0975606 0.165329 0.00490675
0 0.530041 0.493187 0.0469527 0.0494975 0.00337585
0 0.580969 0.763082 0.187989 0.131917 0.00272301
0 0.572475 0.780886 0.133736 0.140039 0.00239441
0 0.423845 0.893522 0.109098 0.0931692 0.00231916
0 0.616224 0.439019 0.0144657 0.012778 0.0021368
0 0.504268 0.507574 0.0590055 0.0634274 0.00209566
0 0.476985 0.499796 0.0727501 0.0490057 0.0020626
0 0.564887 0.796233 0.304022 0.190309 0.00189241
0 0.459669 0.517939 0.0184653 0.019245 0.00176318
0 0.853158 0.776694 0.0115498 0.0172554 0.00164403
0 0.637646 0.845701 0.117807 0.145451 0.00155371
0 0.852883 0.780313 0.015004 0.0175716 0.00150415
0 0.852143 0.773756 0.00583286 0.0160343 0.00146929
0 0.0776097 0.69373 0.0198162 0.0102631 0.00146051
0 0.886571 0.013578 0.222699 0.027156 0.00145942
0 0.768204 0.946322 0.0492186 0.0873869 0.00134516
0 0.596488 0.763876 0.298832 0.207886 0.0013186
0 0.547926 0.504213 0.105554 0.0654228 0.00131198
0 0.125845 0.121231 0.00759597 0.032148 0.00127983
0 0.883945 0.00217877 0.23211 0.00435754 0.00126835
0 0.501539 0.480685 0.114158 0.08049 0.00123383
0 0.480548 0.371394 0.00940971 0.0238162 0.00120849
0 0.478959 0.370753 0.00671587 0.0126009 0.00120222
0 0.495024 0.553602 0.0827776 0.114888 0.00117107
0 0.959195 0.965299 0.0644464 0.0531845 0.00107635
