0 0.481402 0.496359 0.109891 0.0435108 0.674699
0 0.498812 0.500269 0.0761316 0.0309392 0.174442
0 0.479489 0.499218 0.118695 0.0804144 0.106709
0 0.170038 0.0204378 0.0115571 0.0231253 0.0384717
0 0.482511 0.490948 0.0601168 0.0508453 0.0305002
0 0.51151 0.503584 0.0609588 0.0332353 0.0275534
0 0.490168 0.494713 0.0584918 0.037363 0.027203
0 0.500202 0.504459 0.0795527 0.050291 0.0222666
0 0.481704 0.500679 0.196059 0.19337 0.0175574
0 0.17191 0.0212679 0.0111802 0.0178632 0.015615
0 0.967886 0.959664 0.0502882 0.0691473 0.0144779
0 0.100735 0.556204 0.0422995 0.0558498 0.0138291
0 0.403514 0.888468 0.0324293 0.0510633 0.0121749
0 0.0257994 0.0910644 0.0147697 0.0159847 0.0115732
0 0.463478 0.490441 0.129677 0.0455269 0.0115097
0 0.170291 0.0205451 0.0161035 0.0295298 0.0101587
0 0.479275 0.481615 0.11164 0.0734188 0.00994585
0 0.948861 0.577726 0.011805 0.0125788 0.00934468
0 0.948506 0.579357 0.0150517 0.0201383 0.00890614
0 0.166909 0.0197354 0.0151256 0.0265768 0.00778918
0 0.105504 0.580975 0.0454699 0.117802 0.00777903
0 0.480414 0.522963 0.0884545 0.0864722 0.00709297
0 0.516671 0.504421 0.0447206 0.0265894 0.00697911
0 0.168833 0.0195734 0.0239403 0.0350277 0.00571044
0 0.0392039 0.960924 0.061266 0.060615 0.00490066
0 0.111235 0.453857 0.0163206 0.0490465 0.0035207
0 0.50884 0.501074 0.116525 0.0871085 0.00337354
0 0.108694 0.441035 0.0223573 0.0545465 0.00311941
0 0.577348 0.816931 0.0107366 0.0143482 0.00302091
0 0.460533 0.466443 0.21966 0.166131 0.0029364
0 0.403509 0.880817 0.0425583 0.0637308 0.00293543
0 0.405821 0.891671 0.0238307 0.0403831 0.0025493
0 0.106741 0.601177 0.0690237 0.157443 0.00254521
0 0.107082 0.945861 0.0819342 0.0771938 0.00245441
0 0.574553 0.816238 0.00892506 0.0133238 0.00237608
0 0.130463 0.569652 0.108352 0.0893838 0.00223059
0 0.106116 0.433981 0.0360858 0.0692101 0.0021691
0 0.575352 0.818641 0.0129741 0.0162447 0.00216341
0 0.522552 0.505516 0.0251173 0.0255714 0.00212241
0 0.96958 0.947152 0.0608399 0.105697 0.00210077
0 0.462315 0.489011 0.0762175 0.047878 0.00205958
0 0.449045 0.497092 0.172773 0.0640244 0.0020377
0 0.0266397 0.415051 0.0241416 0.0818898 0.00184185
0 0.979148 0.963196 0.0417034 0.0607042 0.00166464
0 0.577844 0.817419 0.0178881 0.0207088 0.0015446
0 0.797496 0.275495 0.0161938 0.014788 0.00153038
0 0.424073 0.500106 0.226703 0.0852314 0.0015045
0 0.021804 0.419908 0.019813 0.0774309 0.00149027
0 0.0188449 0.432324 0.0184362 0.0596975 0.00146958
0 0.0863379 0.0359128 0.0182371 0.0221617 0.00146265
0 0.886922 0.243741 0.0135176 0.0231739 0.0014429
0 0.0983734 0.429157 0.0279036 0.0604284 0.00142884
0 0.980704 0.218229 0.0347248 0.0915964 0.00142391
0 0.100337 0.943367 0.0563534 0.0650015 0.00132424
0 0.475532 0.529232 0.123176 0.109005 0.00131801
0 0.487731 0.550247 0.0927872 0.136505 0.0012603
0 0.337813 0.805572 0.238304 0.254015 0.00125739
0 0.0234543 0.0887426 0.0212053 0.027519 0.00125492
0 0.422887 0.949861 0.0867533 0.0702204 0.00124492
0 0.521368 0.499591 0.302792 0.265683 0.0012143
0 0.0453083 0.961071 0.0808615 0.0778571 0.00120434
0 0.261189 0.0206022 0.0281248 0.0256634 0.00118805
0 0.113948 0.560173 0.0800811 0.0729272 0.00113173
0 0.576051 0.815786 0.0109221 0.010169 0.0010981
0 0.171335 0.0245052 0.0287567 0.0490104 0.00109531
0 0.2606 0.0265505 0.0375864 0.0365203 0.00104347
0 0.113 0.443893 0.025101 0.0677091 0.00101828
0 0.0803343 0.0641191 0.0530193 0.103216 0.00101423
