0 0.325914 0.205695 0.0859355 0.0682831 0.765592
0 0.689808 0.903479 0.0249755 0.0168808 0.735214
0 0.267751 0.117693 0.0331507 0.0163751 0.0961625
0 0.338285 0.193399 0.0625874 0.0406001 0.0661245
0 0.326744 0.198307 0.0587188 0.0552623 0.0629491
0 0.348822 0.209144 0.135524 0.0778971 0.0501847
0 0.349469 0.197803 0.107085 0.0524866 0.0322996
0 0.331335 0.224778 0.081654 0.115293 0.029245
0 0.334716 0.20268 0.169491 0.169517 0.0286152
0 0.315614 0.0961924 0.0192154 0.0146508 0.025656
0 0.68638 0.907602 0.024432 0.0197235 0.0216038
0 0.266206 0.12073 0.0387808 0.023813 0.0207495
0 0.343604 0.188293 0.0416481 0.0286515 0.0191863
0 0.69226 0.904201 0.0347906 0.0590256 0.0155713
0 0.304276 0.227459 0.16172 0.145096 0.0119142
0 0.333697 0.190469 0.108798 0.102078 0.0115808
0 0.685435 0.904836 0.0318439 0.0236692 0.0100103
0 0.694988 0.904745 0.026467 0.0202936 0.00800741
0 0.352367 0.185677 0.0450367 0.0280221 0.00670505
0 0.690616 0.897081 0.0282572 0.0331984 0.00650653
0 0.303552 0.20682 0.111674 0.0771008 0.00614081
0 0.35127 0.183383 0.0291966 0.0214322 0.00572147
0 0.31269 0.205 0.0576127 0.0577277 0.00543315
0 0.324126 0.188472 0.0775085 0.0517227 0.00450691
0 0.348136 0.205747 0.0704711 0.0705587 0.00388413
0 0.374462 0.211307 0.160356 0.0928747 0.00356129
0 0.328694 0.189237 0.0574186 0.0338571 0.00354698
0 0.00568808 0.0174703 0.0113762 0.0334084 0.00324276
0 0.353705 0.226024 0.15557 0.116282 0.00304872
0 0.31281 0.098193 0.0177888 0.0161882 0.00294704
0 0.987359 0.971667 0.0240244 0.0468903 0.00280322
0 0.300901 0.217126 0.0523886 0.057336 0.00278452
0 0.00706211 0.0121785 0.0141242 0.01968 0.00272728
0 0.34263 0.171259 0.229025 0.178183 0.0025544
0 0.267339 0.1253 0.0453597 0.0718645 0.0024885
0 0.315065 0.0978592 0.025894 0.0239349 0.00232387
0 0.987722 0.963348 0.0114002 0.0322283 0.00230372
0 0.393586 0.166749 0.0359483 0.0145778 0.00226464
0 0.379478 0.191896 0.146727 0.0654644 0.00218233
0 0.32322 0.246326 0.099217 0.148978 0.00205293
0 0.631973 0.776277 0.00944071 0.0126667 0.00192732
0 0.677937 0.903314 0.0375172 0.0194483 0.00188542
0 0.992092 0.963722 0.00657444 0.0345137 0.00186242
0 0.678761 0.906424 0.0222949 0.0260042 0.00185069
0 0.979733 0.964087 0.0205946 0.0378521 0.00180665
0 0.984333 0.965144 0.0156626 0.0322081 0.00145369
0 0.387966 0.171594 0.059789 0.0200529 0.00144388
0 0.698851 0.896324 0.0318318 0.0308279 0.00144037
0 0.978757 0.652565 0.0195578 0.0534176 0.00139029
0 0.97563 0.690437 0.0191233 0.0156125 0.00135865
0 0.975085 0.670211 0.049829 0.0942637 0.00133084
0 0.684901 0.910863 0.0356397 0.0715368 0.00132605
0 0.988669 0.956215 0.0102186 0.0289478 0.00127886
0 0.98 0.955975 0.0176334 0.0384375 0.00123098
0 0.378945 0.234768 0.214854 0.186127 0.00122785
0 0.258246 0.123614 0.0469942 0.0272297 0.0012177
0 0.68272 0.898385 0.0485365 0.0316195 0.0011955
0 0.973015 0.691045 0.0241169 0.0236192 0.00118772
0 0.298603 0.218035 0.0263481 0.04731 0.00117839
0 0.687039 0.919933 0.0304791 0.0431181 0.00114151
0 0.967648 0.692972 0.0235901 0.022915 0.00111536
0 0.980155 0.972071 0.0274281 0.0528784 0.0010973
0 0.320787 0.0957399 0.0269325 0.0176591 0.00107741
0 0.993006 0.977923 0.00759468 0.0375883 0.00105606
0 0.979418 0.652622 0.0155384 0.0378525 0.00104868
0 0.992625 0.956109 0.00593224 0.0311941 0.00104267
0 0.363705 0.18201 0.07845 0.038334 0.0010283
0 0.227156 0.554797 0.0204321 0.0100229 0.00100874
0 0.348128 0.200357 0.0412404 0.0588501 0.00100408
