0 0.459096 0.491531 0.185662 0.148598 0.857792
0 0.607958 0.541138 0.0785892 0.0318082 0.695642
0 0.912886 0.896902 0.137694 0.0240831 0.417616
0 0.221964 0.295931 0.434206 0.0579967 0.248393
0 0.610014 0.278632 0.0122541 0.0148339 0.211642
0 0.737145 0.840501 0.108266 0.0745272 0.192764
0 0.237716 0.280149 0.453131 0.0657512 0.132217
0 0.926066 0.902091 0.135747 0.0249084 0.129412
0 0.270074 0.285391 0.323926 0.0434311 0.112143
0 0.915542 0.897809 0.164081 0.0351196 0.110964
0 0.830858 0.860324 0.307257 0.104079 0.0920781
0 0.21291 0.329029 0.42582 0.118814 0.0774761
0 0.228798 0.296761 0.457597 0.0885015 0.0758671
0 0.919553 0.899891 0.0849895 0.0224255 0.0755035
0 0.609297 0.553632 0.0836182 0.0488646 0.0584469
0 0.612203 0.538167 0.0579701 0.0238309 0.0527181
0 0.912786 0.902414 0.134323 0.0594961 0.0466588
0 0.608506 0.551031 0.099613 0.0846878 0.0455357
0 0.237889 0.301237 0.475778 0.156723 0.0453056
0 0.498569 0.947852 0.0143944 0.0209793 0.0418134
0 0.226846 0.343441 0.453691 0.182627 0.0402118
0 0.992386 0.218519 0.0130396 0.0136155 0.0318716
0 0.618111 0.545336 0.0826661 0.0498373 0.0295743
0 0.757235 0.856811 0.0849173 0.036228 0.0254166
0 0.605644 0.533258 0.11604 0.0939818 0.0248224
0 0.25035 0.259557 0.500699 0.164695 0.0247432
0 0.610446 0.282811 0.0139504 0.0184474 0.0212527
0 0.765013 0.861799 0.0541983 0.0251781 0.018713
0 0.280159 0.282757 0.154147 0.0351207 0.0180782
0 0.460853 0.494753 0.0955806 0.143712 0.0161926
0 0.314967 0.276433 0.261325 0.0765671 0.0161045
0 0.611801 0.532942 0.0783235 0.0490063 0.0161015
0 0.205617 0.391186 0.411233 0.284357 0.0155576
0 0.919647 0.897128 0.0573593 0.0275652 0.0153513
0 0.914121 0.897101 0.171758 0.0762754 0.0125592
0 0.908721 0.892201 0.0594913 0.0273169 0.0125031
0 0.0190792 0.975582 0.0193349 0.0335859 0.0119461
0 0.93733 0.90235 0.0862637 0.0187296 0.0119397
0 0.92062 0.886763 0.15876 0.050659 0.0117932
0 0.86275 0.886451 0.26826 0.0590683 0.0117116
0 0.331535 0.279276 0.210028 0.0477385 0.0113912
0 0.834642 0.878789 0.330716 0.161057 0.0111317
0 0.991382 0.22217 0.0126879 0.0192934 0.0104539
0 0.905421 0.869996 0.189158 0.106446 0.0103952
0 0.741629 0.847851 0.258525 0.167651 0.0102067
0 0.833295 0.825305 0.31548 0.155073 0.0100751
0 0.595173 0.548829 0.200379 0.236254 0.00962165
0 0.929452 0.90774 0.136979 0.0409206 0.00888264
0 0.163207 0.287325 0.312953 0.0453589 0.00756429
0 0.928821 0.602304 0.010116 0.00691442 0.00755227
0 0.0400919 0.257592 0.0301692 0.0202663 0.00741545
0 0.0427559 0.306692 0.047843 0.0180009 0.00716963
0 0.746013 0.855391 0.119433 0.0635197 0.0069509
0 0.748477 0.849041 0.0853923 0.0543295 0.00662252
0 0.178897 0.30543 0.357794 0.0578712 0.00644812
0 0.286256 0.25675 0.396674 0.10227 0.0064329
0 0.929848 0.603157 0.0124069 0.00433235 0.0063955
0 0.460398 0.525387 0.170928 0.133085 0.00637859
0 0.497914 0.946452 0.0204987 0.0267859 0.00574668
0 0.926658 0.889926 0.146684 0.0316814 0.00555692
0 0.836073 0.868497 0.147869 0.0753799 0.00549415
0 0.929898 0.60394 0.00722752 0.00909395 0.00544095
0 0.425926 0.48642 0.1422 0.126818 0.0052915
0 0.927749 0.895613 0.0583923 0.0209013 0.00516958
0 0.594414 0.510082 0.24381 0.206214 0.00508768
0 0.75927 0.855867 0.055597 0.032292 0.00490883
0 0.412105 0.545795 0.0930512 0.0505616 0.00476014
0 0.90622 0.899436 0.18756 0.198452 0.00455516
0 0.390781 0.550155 0.05935 0.0459303 0.0043029
0 0.204981 0.169269 0.151916 0.0801644 0.00409005
0 0.773255 0.866781 0.040919 0.0192894 0.00397284
0 0.319382 0.274451 0.163128 0.0704716 0.00375643
0 0.479251 0.475043 0.149278 0.11138 0.00375594
0 0.267176 0.289605 0.16505 0.0342412 0.00374278
0 0.897649 0.890341 0.131103 0.0275461 0.00362025
0 0.200111 0.180526 0.236712 0.0988672 0.0036014
0 0.776159 0.843225 0.188731 0.093796 0.00359791
0 0.608722 0.281474 0.0163292 0.024853 0.00340735
0 0.890787 0.85973 0.218425 0.150534 0.00339413
0 0.439339 0.533614 0.148501 0.0877706 0.00337613
0 0.93013 0.601927 0.0121506 0.0132444 0.00332712
0 0.609134 0.570728 0.0810267 0.0916878 0.00316348
0 0.734035 0.834962 0.0593544 0.0665245 0.00314965
0 0.883306 0.483927 0.0111668 0.00915842 0.00313634
0 0.0387112 0.311212 0.0499454 0.0276675 0.00273277
0 0.286902 0.293777 0.278299 0.0703494 0.00266798
0 0.156587 0.289511 0.0577036 0.0184014 0.00262855
0 0.604382 0.280933 0.0144161 0.0219387 0.0026023
0 0.501755 0.939543 0.0167763 0.0377613 0.00255163
0 0.306689 0.288121 0.175198 0.0382341 0.00253982
0 0.0371934 0.295716 0.0493423 0.0481878 0.00246174
0 0.163888 0.18271 0.240435 0.129243 0.00242
0 0.598213 0.533466 0.0847584 0.0272591 0.00238237
0 0.938277 0.898155 0.0565346 0.0222969 0.0023219
0 0.0356244 0.267709 0.0427369 0.0442612 0.00231542
0 0.404329 0.554599 0.0784978 0.0407143 0.00227917
0 0.248624 0.214574 0.497248 0.207872 0.00226708
0 0.0404946 0.302024 0.0463277 0.0286255 0.00225507
0 0.748434 0.86123 0.160561 0.0990976 0.00217153
0 0.135195 0.333202 0.251305 0.121039 0.0021382
0 0.928287 0.871383 0.143426 0.0809023 0.00199993
0 0.834734 0.848205 0.140073 0.0841494 0.00195544
0 0.894835 0.879325 0.162061 0.0471685 0.00188492
0 0.612741 0.284426 0.0164141 0.0255434 0.00184383
0 0.921184 0.845549 0.147706 0.117494 0.00183901
0 0.994734 0.216239 0.0105321 0.0164559 0.00182735
0 0.775942 0.862829 0.114897 0.0561766 0.0018145
0 0.107522 0.308658 0.196688 0.0576647 0.00180589
0 0.0203497 0.975455 0.0327275 0.037772 0.00177736
0 0.106384 0.29396 0.204319 0.0533362 0.00175167
0 0.154671 0.199026 0.304889 0.197966 0.00175155
0 0.443439 0.503044 0.0871125 0.120987 0.00170614
0 0.527795 0.496557 0.278455 0.146216 0.00170319
0 0.373669 0.555153 0.0289396 0.0336938 0.00170317
0 0.603392 0.277242 0.0218806 0.0187323 0.00166396
0 0.431567 0.471287 0.204664 0.156086 0.00165564
0 0.465625 0.454854 0.16034 0.111478 0.00164518
0 0.901214 0.897546 0.0831654 0.0278227 0.00164227
0 0.868593 0.886673 0.0521833 0.0181339 0.00163023
0 0.532871 0.494962 0.335127 0.222259 0.00162795
0 0.733878 0.824974 0.0898487 0.0622717 0.00162187
0 0.927798 0.920167 0.144403 0.0799353 0.00161398
0 0.665646 0.836147 0.289429 0.0988455 0.00160188
0 0.989602 0.220373 0.0168428 0.0261744 0.00157521
0 0.867012 0.885619 0.140282 0.0372042 0.00147087
0 0.162516 0.275201 0.325032 0.0807411 0.00144964
0 0.160889 0.287145 0.14557 0.0358805 0.00142918
0 0.933008 0.603747 0.0169285 0.00478621 0.00141895
0 0.194113 0.0145765 0.0215188 0.0155049 0.0014026
0 0.216543 0.295157 0.31501 0.0408632 0.00139683
0 0.180524 0.286661 0.0976308 0.0222897 0.00138384
0 0.622794 0.535424 0.0530637 0.0234709 0.00137804
0 0.524317 0.41881 0.026664 0.0137814 0.00137687
0 0.284152 0.290257 0.133782 0.024181 0.00137396
0 0.349671 0.388394 0.602763 0.287534 0.00137163
0 0.601244 0.54844 0.0567317 0.0408909 0.00133788
0 0.676848 0.0872031 0.0369733 0.0321843 0.00133134
0 0.378662 0.550164 0.0348272 0.0327279 0.00133048
0 0.624094 0.5492 0.0481683 0.0393702 0.00131122
0 0.160445 0.296525 0.159167 0.0510403 0.00124862
0 0.0517294 0.311232 0.0323096 0.022474 0.00124597
0 0.88525 0.484016 0.0158289 0.0136477 0.00124513
0 0.0376575 0.96545 0.0614538 0.0563026 0.00124313
0 0.158183 0.292695 0.0469878 0.0183049 0.00122554
0 0.518501 0.474735 0.221062 0.12665 0.00121465
0 0.821849 0.882182 0.151847 0.0711048 0.00120759
0 0.992578 0.218827 0.0148435 0.0270936 0.00120613
0 0.428055 0.46843 0.275504 0.197468 0.00118173
0 0.499146 0.944718 0.0343791 0.0541409 0.00115851
0 0.891245 0.81833 0.21751 0.179941 0.00114531
0 0.173917 0.446211 0.347834 0.398488 0.00114442
0 0.219388 0.290318 0.0428215 0.0240009 0.00113921
0 0.166787 0.288235 0.0603084 0.0142426 0.00112815
0 0.83583 0.922172 0.282638 0.149349 0.00111717
0 0.190732 0.256572 0.381465 0.220046 0.00110692
0 0.22794 0.162278 0.0784113 0.0607654 0.00110542
0 0.626102 0.558922 0.0724149 0.0529856 0.00110207
0 0.0336657 0.333603 0.0607258 0.0755134 0.0010973
0 0.637355 0.543379 0.0597322 0.0357985 0.00108793
0 0.315858 0.248139 0.251047 0.12182 0.00107062
0 0.608195 0.529265 0.0567277 0.0277347 0.00106131
0 0.654356 0.851827 0.443171 0.202719 0.00105966
0 0.77356 0.843314 0.121338 0.067071 0.00103972
0 0.585062 0.55309 0.148592 0.0983009 0.0010396
0 0.588937 0.539667 0.0853032 0.0268984 0.00102302
0 0.0231627 0.969229 0.0377877 0.0615426 0.00101242
0 0.185368 0.186037 0.132389 0.0456313 0.00100998
0 0.330106 0.288688 0.58172 0.152961 0.00100577
0 0.215607 0.284396 0.28795 0.0319086 0.00100306
