0 0.588032 0.526711 0.188033 0.0462396 0.772605
0 0.382277 0.472729 0.0914778 0.0344986 0.639947
0 0.584469 0.521308 0.217188 0.0840468 0.152644
0 0.380136 0.470352 0.0600075 0.0365079 0.0941049
0 0.381308 0.468006 0.119086 0.0907733 0.0594374
0 0.583733 0.507292 0.229034 0.16287 0.0362495
0 0.399354 0.475939 0.142822 0.0437757 0.0338657
0 0.383046 0.909751 0.132748 0.0981955 0.0284104
0 0.558164 0.518593 0.134643 0.039207 0.0233396
0 0.576518 0.541211 0.258506 0.162301 0.0202912
0 0.380645 0.483165 0.0880972 0.0515833 0.0172213
0 0.424602 0.480084 0.182289 0.0538883 0.0166705
0 0.580841 0.5303 0.0947343 0.044018 0.0164485
0 0.617488 0.531553 0.158309 0.0409678 0.0130584
0 0.389714 0.451998 0.198855 0.210423 0.0123033
0 0.378228 0.488393 0.107172 0.0954379 0.0102274
0 0.376217 0.464722 0.0888819 0.0279259 0.00978341
0 0.382033 0.453059 0.0957282 0.0935136 0.00911108
0 0.585997 0.544246 0.176935 0.0687285 0.00764975
0 0.485589 0.495297 0.318771 0.0800146 0.0068646
0 0.587134 0.506696 0.159831 0.0718756 0.00604086
0 0.588139 0.576858 0.203814 0.13599 0.00576853
0 0.425285 0.469527 0.201124 0.10012 0.00548231
0 0.454717 0.48435 0.243501 0.0730514 0.00521423
0 0.398212 0.475831 0.0851438 0.0332463 0.00409983
0 0.567209 0.522955 0.0885443 0.0388603 0.00385862
0 0.610266 0.533905 0.223421 0.0770401 0.0038315
0 0.387943 0.92144 0.204772 0.142857 0.00352599
0 0.328378 0.887292 0.0219418 0.0262077 0.00309723
0 0.32855 0.887057 0.0232608 0.043437 0.00308229
0 0.55404 0.52167 0.0877597 0.0275363 0.00290899
0 0.436168 0.494641 0.286928 0.184544 0.00278823
0 0.986879 0.633285 0.0165726 0.0511511 0.00262748
0 0.355402 0.495844 0.216139 0.237866 0.00257431
0 0.481528 0.472032 0.317648 0.10927 0.00250746
0 0.379975 0.906851 0.0883345 0.0774576 0.00246623
0 0.990618 0.651692 0.0101591 0.015037 0.00244382
0 0.613689 0.153956 0.117275 0.225669 0.00235494
0 0.983156 0.63004 0.0171953 0.0423787 0.00231615
0 0.957807 0.964978 0.0690281 0.04998 0.00226731
0 0.990383 0.648034 0.00734043 0.0255395 0.00213555
0 0.385764 0.428425 0.1281 0.141438 0.00210161
0 0.737315 0.927881 0.0195479 0.0241596 0.00184145
0 0.629426 0.942655 0.0360561 0.0696508 0.00183945
0 0.384648 0.887437 0.154318 0.101248 0.00177766
0 0.0613884 0.764239 0.122777 0.331254 0.00176702
0 0.586832 0.474447 0.19339 0.140814 0.00176518
0 0.627278 0.993743 0.00753622 0.0104361 0.00172125
0 0.483626 0.456954 0.349527 0.188776 0.00170382
0 0.626945 0.99486 0.0119626 0.00938225 0.0015875
0 0.512504 0.525352 0.331871 0.0840911 0.00153779
0 0.226112 0.03113 0.0184312 0.0143205 0.00152543
0 0.988161 0.646089 0.00842571 0.0207483 0.00152335
0 0.0768423 0.862158 0.146607 0.258404 0.00151859
0 0.626701 0.989226 0.00594473 0.0153547 0.0014956
0 0.410855 0.495254 0.151736 0.0894125 0.00149113
0 0.631097 0.539256 0.135718 0.0374204 0.00145541
0 0.987558 0.629239 0.0248841 0.0633147 0.00138308
0 0.589203 0.470109 0.272789 0.181564 0.00132234
0 0.734671 0.920853 0.0160368 0.0198301 0.0013137
0 0.53543 0.517856 0.080608 0.0381395 0.00127807
0 0.381894 0.528032 0.132878 0.176135 0.00126794
0 0.669533 0.94464 0.133952 0.087237 0.00123594
0 0.5851 0.629216 0.222872 0.285533 0.00118448
0 0.168878 0.0965308 0.00822556 0.0133604 0.00117027
0 0.399659 0.470756 0.0586266 0.0350075 0.00113447
0 0.988948 0.643528 0.0114676 0.039523 0.00112954
0 0.989232 0.649966 0.0130022 0.0229093 0.00110468
0 0.368789 0.432333 0.0884028 0.0892883 0.00109536
0 0.374966 0.463313 0.0585572 0.0252587 0.00108935
0 0.619292 0.503056 0.361583 0.194966 0.00108747
0 0.359798 0.462123 0.0630089 0.0239812 0.00106503
0 0.735034 0.923873 0.0129749 0.0290733 0.00105285
0 0.340557 0.423267 0.0212561 0.0337874 0.00104591
0 0.342402 0.432534 0.0281549 0.04328 0.00102404
0 0.453983 0.485346 0.141536 0.0548312 0.00101021
0 0.342879 0.417889 0.0183073 0.0299088 0.00100956
