0 0.527489 0.489279 0.398376 0.116072 0.693046
0 0.466305 0.470489 0.527844 0.150385 0.0439669
0 0.541971 0.525615 0.451841 0.194426 0.0330818
0 0.699374 0.789011 0.011557 0.0209959 0.0291651
0 0.234372 0.43797 0.0271273 0.0621456 0.0288842
0 0.457605 0.406981 0.625742 0.276216 0.0194064
0 0.64457 0.457682 0.167563 0.0485569 0.0160776
0 0.697652 0.0986699 0.0192945 0.0318006 0.0123809
0 0.41421 0.598048 0.723866 0.336432 0.0120034
0 0.508817 0.587752 0.450746 0.360622 0.0102549
0 0.420584 0.491185 0.709288 0.156756 0.00930729
0 0.537316 0.484112 0.160534 0.128692 0.00790046
0 0.236044 0.434545 0.0362082 0.0883259 0.00783123
0 0.578638 0.471649 0.373552 0.0826631 0.00588069
0 0.488605 0.485368 0.169857 0.119378 0.0056148
0 0.412417 0.534445 0.597791 0.183135 0.00455463
0 0.611803 0.46042 0.237002 0.0594235 0.0044409
0 0.722116 0.618248 0.0112962 0.0326693 0.00419164
0 0.699544 0.103328 0.015138 0.0304064 0.00415426
0 0.414624 0.453152 0.586 0.210493 0.00411442
0 0.498378 0.646098 0.572362 0.493678 0.00356531
0 0.444349 0.50599 0.21923 0.101428 0.00343627
0 0.166283 0.603713 0.00788863 0.0107785 0.00330803
0 0.531012 0.423942 0.399998 0.213643 0.00327998
0 0.675092 0.454138 0.132651 0.0454573 0.00319222
0 0.229323 0.434071 0.0262819 0.0735817 0.00307243
0 0.963571 0.945094 0.0620731 0.103569 0.00302064
0 0.719622 0.616908 0.0182961 0.0362809 0.00294321
0 0.705391 0.953076 0.0302562 0.0629818 0.00273002
0 0.584562 0.469673 0.535284 0.186144 0.00269812
0 0.678211 0.0564239 0.0186778 0.0230622 0.00269338
0 0.215149 0.194825 0.0142078 0.0208628 0.00244873
0 0.965151 0.965655 0.0605736 0.0533707 0.00232357
0 0.163772 0.603229 0.0082608 0.0147656 0.00232108
0 0.679563 0.0571158 0.0115897 0.0225549 0.00226348
0 0.720743 0.982855 0.0130903 0.0203274 0.00223012
0 0.634391 0.543645 0.731219 0.252855 0.00205411
0 0.407432 0.0151684 0.015926 0.0149116 0.00203579
0 0.5837 0.472891 0.286116 0.114796 0.00184913
0 0.723403 0.984103 0.0122234 0.021633 0.00171171
0 0.785062 0.62467 0.0142817 0.0115475 0.00162058
0 0.721546 0.977247 0.0151303 0.0272253 0.0015732
0 0.372334 0.938415 0.141905 0.116601 0.0015656
0 0.392361 0.494332 0.784722 0.281602 0.00153958
0 0.337102 0.825095 0.0478427 0.113019 0.00152295
0 0.45369 0.315729 0.656071 0.43504 0.00144779
0 0.369784 0.532189 0.0537119 0.0167089 0.00142978
0 0.723303 0.614427 0.0142253 0.0444499 0.00139278
0 0.253809 0.41922 0.0815733 0.118947 0.00135428
0 0.239091 0.427686 0.0559408 0.0988299 0.0013497
0 0.697643 0.0976037 0.0332882 0.0525155 0.00134524
0 0.21784 0.196644 0.0185005 0.0283456 0.00127074
0 0.166624 0.604305 0.0123921 0.0162961 0.00125328
0 0.52447 0.0452283 0.0393772 0.0589598 0.00123386
0 0.691865 0.0929182 0.0198933 0.0296867 0.00123344
0 0.204829 0.972941 0.0257517 0.0474716 0.00123183
0 0.529726 0.0572706 0.0403502 0.0690633 0.00120769
0 0.734163 0.4305 0.0200331 0.0156729 0.00117972
0 0.408526 0.0166086 0.0213202 0.0196971 0.00117471
0 0.5139 0.520687 0.328303 0.261471 0.00116528
0 0.682447 0.059416 0.0153139 0.025431 0.00111057
0 0.650923 0.461841 0.298472 0.11555 0.00110007
0 0.332595 0.820424 0.0265313 0.0960144 0.00108715
0 0.703927 0.949168 0.0199116 0.0654236 0.00105105
0 0.72321 0.614763 0.0215795 0.0505855 0.00105098
0 0.959612 0.9216 0.0773876 0.138567 0.00104264
0 0.720195 0.980982 0.0217805 0.0295944 0.00101548
0 0.199335 0.970122 0.0521093 0.0560846 0.00101256
