0 0.527193 0.492205 0.298591 0.145764 0.689316
0 0.519506 0.487717 0.172136 0.130687 0.120689
0 0.577232 0.517012 0.340793 0.169351 0.0410201
0 0.528941 0.526166 0.250153 0.22254 0.0355165
0 0.569406 0.499682 0.1707 0.116081 0.0218127
0 0.539025 0.586258 0.335995 0.372186 0.0180678
0 0.581262 0.479356 0.400716 0.189906 0.0127329
0 0.514243 0.526861 0.160208 0.208017 0.00996414
0 0.487238 0.468012 0.248329 0.112471 0.0093314
0 0.514839 0.456191 0.269056 0.165183 0.00522413
0 0.636131 0.532878 0.546862 0.232057 0.005077
0 0.495641 0.471739 0.155967 0.102896 0.00384179
0 0.954923 0.959618 0.06724 0.0632818 0.00363406
0 0.718339 0.95191 0.0295195 0.0657309 0.00316276
0 0.636793 0.465731 0.566761 0.22619 0.00295227
0 0.514373 0.576169 0.260077 0.255602 0.00239531
0 0.541533 0.414536 0.399664 0.259446 0.0023929
0 0.602564 0.64412 0.502073 0.444334 0.00174673
0 0.611401 0.530522 0.190967 0.0929526 0.00173214
0 0.67736 0.5699 0.0357541 0.0221017 0.00161514
0 0.465222 0.644721 0.412533 0.43825 0.00161301
0 0.458596 0.471301 0.144024 0.0994459 0.00156431
0 0.710468 0.955793 0.0356221 0.0683863 0.00147417
0 0.279149 0.542501 0.0233135 0.0120964 0.00139332
0 0.703484 0.95295 0.0628529 0.0628838 0.0013485
0 0.330502 0.255037 0.117691 0.145706 0.00124646
0 0.569727 0.49938 0.09183 0.104842 0.00124335
0 0.603408 0.516163 0.233375 0.143939 0.00115034
0 0.151728 0.895198 0.0315521 0.0571465 0.00111475
0 0.721086 0.950762 0.0268413 0.0434584 0.00108566
0 0.965687 0.949519 0.0581909 0.0820259 0.00107432
0 0.890255 0.878555 0.21949 0.220194 0.00100781
