0 0.500619 0.313413 0.0654083 0.0576954 0.748693
0 0.727487 0.312783 0.0594893 0.051458 0.178929
0 0.907635 0.258247 0.125169 0.0585459 0.110051
0 0.063143 0.626018 0.0255494 0.0445588 0.108318
0 0.493644 0.313489 0.0697418 0.0832652 0.0281531
0 0.910672 0.259055 0.146421 0.0901333 0.0231712
0 0.721812 0.318797 0.0770623 0.0850314 0.0211154
0 0.88648 0.256187 0.0796051 0.0562142 0.0189279
0 0.491966 0.299818 0.170654 0.2191 0.0162628
0 0.878004 0.257823 0.108823 0.0688428 0.010975
0 0.81866 0.291057 0.241616 0.123385 0.0107247
0 0.535412 0.226591 0.011197 0.0146255 0.00988501
0 0.912569 0.238666 0.132777 0.0953521 0.00920233
0 0.897038 0.25196 0.205924 0.172032 0.00659505
0 0.499242 0.292491 0.070622 0.0761808 0.00596705
0 0.738139 0.309468 0.0485356 0.0486051 0.00558576
0 0.714931 0.315642 0.0960908 0.0572195 0.00485114
0 0.0666106 0.634273 0.0418756 0.0637123 0.00480105
0 0.519035 0.312987 0.0931289 0.0602759 0.00475473
0 0.615764 0.591433 0.0107266 0.0121376 0.00473957
0 0.0577659 0.621224 0.0370117 0.0535858 0.00469662
0 0.902354 0.249419 0.0869926 0.0624705 0.00467189
0 0.843385 0.26505 0.22754 0.108511 0.00398137
0 0.741191 0.300269 0.243225 0.243445 0.00397419
0 0.696106 0.304303 0.177496 0.220965 0.00386176
0 0.490185 0.316968 0.0524336 0.0485528 0.00379825
0 0.891615 0.269311 0.109772 0.0791308 0.00356347
0 0.513981 0.302078 0.0453137 0.0465001 0.0033064
0 0.813965 0.267114 0.302357 0.187963 0.00302826
0 0.0610169 0.634717 0.0263808 0.0490387 0.0028944
0 0.741865 0.302126 0.0354855 0.0313372 0.00263799
0 0.902469 0.254145 0.0585934 0.0624829 0.00235979
0 0.510389 0.324459 0.0874071 0.0917353 0.00198319
0 0.504418 0.285993 0.0860612 0.121041 0.00197527
0 0.535829 0.229987 0.0133817 0.0221619 0.00192766
0 0.618115 0.592196 0.0159203 0.0163683 0.00189051
0 0.836333 0.32481 0.27566 0.212115 0.00180795
0 0.728002 0.378423 0.015262 0.00866346 0.0018054
0 0.697497 0.324262 0.125498 0.0863623 0.00165493
0 0.87594 0.262958 0.0667124 0.051921 0.00162082
0 0.307978 0.960093 0.0786561 0.0537413 0.00152822
0 0.729413 0.378108 0.0167539 0.0123428 0.00151941
0 0.727294 0.377422 0.0104159 0.0109696 0.00146327
0 0.90915 0.296408 0.141818 0.13942 0.0014114
0 0.926849 0.249275 0.143592 0.0643529 0.00140878
0 0.481182 0.314092 0.104945 0.048705 0.0013994
0 0.0583716 0.627684 0.057934 0.0768212 0.00137892
0 0.0529353 0.628099 0.0281513 0.0448273 0.00137709
0 0.676751 0.314803 0.188225 0.0820752 0.0013223
0 0.499211 0.33385 0.0632529 0.0749916 0.0013077
0 0.926704 0.220947 0.140288 0.13519 0.00127025
0 0.0501264 0.618126 0.0350294 0.0548411 0.0012511
0 0.488396 0.325113 0.0425364 0.0304704 0.00115263
0 0.107683 0.381252 0.148143 0.171691 0.00112952
0 0.918044 0.283797 0.163911 0.201921 0.00112904
0 0.929312 0.271774 0.141375 0.0942366 0.00109877
0 0.743054 0.316107 0.0661183 0.0647158 0.00103869
0 0.714251 0.315639 0.0529228 0.0520787 0.00103662
0 0.307924 0.937726 0.0826019 0.0987038 0.00103217
