0 0.501633 0.49892 0.0188556 0.0368491 0.674142
0 0.964363 0.392311 0.0120972 0.0212792 0.368599
0 0.503069 0.500122 0.0259374 0.046403 0.0866614
0 0.503627 0.508142 0.0196746 0.0358626 0.0634408
0 0.966163 0.395269 0.0124842 0.0210506 0.0487804
0 0.502497 0.490936 0.0156918 0.0327342 0.0337786
0 0.96341 0.391663 0.0208979 0.0275464 0.0219058
0 0.508468 0.501405 0.0276334 0.0393482 0.0152792
0 0.698656 0.0393952 0.0146397 0.0117123 0.0141687
0 0.525424 0.532277 0.0114985 0.0144328 0.00903116
0 0.525297 0.53359 0.0148115 0.0205029 0.00561243
0 0.963126 0.397734 0.0125633 0.0272601 0.00556743
0 0.967215 0.398969 0.0341639 0.0668715 0.00336583
0 0.506028 0.503235 0.0544327 0.0524371 0.00305131
0 0.971164 0.393834 0.0203627 0.0251389 0.00258611
0 0.511602 0.513214 0.0319135 0.0605659 0.00243937
0 0.912932 0.362852 0.0121237 0.0130992 0.00233522
0 0.701375 0.0374022 0.0169259 0.0146518 0.00211043
0 0.338859 0.130846 0.0334354 0.0321959 0.00196832
0 0.333617 0.136989 0.0324009 0.0364486 0.00165262
0 0.9132 0.362762 0.0147184 0.0191473 0.00164274
0 0.511098 0.513154 0.0253931 0.0455562 0.00148642
0 0.519719 0.510393 0.0348469 0.0519908 0.00146421
0 0.6972 0.0401761 0.0231704 0.0222865 0.00139255
0 0.518443 0.495394 0.0401657 0.05596 0.00133118
0 0.958356 0.38952 0.0382107 0.0382236 0.00121135
0 0.916138 0.360444 0.0192995 0.0218678 0.0012086
0 0.692724 0.0395476 0.0389921 0.0259765 0.00113439
