0 0.49289 0.510017 0.0821307 0.0763478 0.84909
0 0.488103 0.508666 0.0593263 0.062114 0.0579522
0 0.489846 0.502544 0.162327 0.172372 0.0377182
0 0.499795 0.502263 0.0633943 0.0580688 0.0208473
0 0.440878 0.555343 0.0126111 0.0140361 0.0133011
0 0.485204 0.52209 0.0662295 0.0661612 0.00796911
0 0.237824 0.781031 0.0283113 0.0148282 0.00594824
0 0.52063 0.485143 0.0245137 0.0219049 0.00464088
0 0.345192 0.452859 0.0136587 0.0120607 0.00397374
0 0.474791 0.524468 0.034516 0.045435 0.00393212
0 0.515263 0.494106 0.0307823 0.0418255 0.00337655
0 0.236585 0.783837 0.0360706 0.0153427 0.00314087
0 0.8445 0.0395358 0.0112078 0.0149812 0.00305113
0 0.959907 0.960931 0.061186 0.065177 0.00256578
0 0.512176 0.506254 0.0407972 0.0633531 0.0024482
0 0.472295 0.526906 0.0267678 0.0347956 0.00240649
0 0.274722 0.935109 0.052373 0.0892103 0.0017179
0 0.504189 0.488935 0.049695 0.0347905 0.00168892
0 0.479424 0.501151 0.090038 0.0741202 0.00162578
0 0.476976 0.522973 0.0933085 0.0832422 0.0016087
0 0.519055 0.511452 0.0912167 0.0759216 0.00154179
0 0.51796 0.496121 0.0271404 0.0281016 0.00147239
0 0.847014 0.0381004 0.0156418 0.0185378 0.0013841
0 0.0782672 0.652974 0.00923307 0.00960503 0.00135142
0 0.345243 0.451505 0.0173171 0.0196683 0.00134997
0 0.441271 0.552957 0.0177375 0.0220316 0.00133765
0 0.0608895 0.549751 0.0122298 0.00906277 0.0012297
0 0.336719 0.135856 0.224409 0.206029 0.00122535
0 0.496418 0.536601 0.071504 0.102715 0.00112457
0 0.289477 0.926382 0.0321232 0.0779152 0.00107289
0 0.46532 0.529613 0.190654 0.136619 0.00106457
0 0.0800816 0.654031 0.0103043 0.0120252 0.00103832
