0 0.0213047 0.497791 0.0426094 0.0488194 0.731942
0 0.76808 0.0459169 0.0262597 0.0857586 0.616149
0 0.508925 0.0281339 0.0246267 0.0562678 0.468207
0 0.712108 0.671588 0.0303446 0.0822152 0.167017
0 0.0271413 0.0888609 0.0163013 0.0366941 0.143996
0 0.768244 0.0326613 0.0226723 0.0569277 0.0655745
0 0.0522497 0.149316 0.0215813 0.02061 0.0378403
0 0.0197927 0.508565 0.0366695 0.0491241 0.0370238
0 0.516075 0.0291847 0.03638 0.0583694 0.0314251
0 0.759672 0.0457534 0.0315643 0.0828478 0.0246726
0 0.0286034 0.501769 0.0572067 0.0885734 0.0236571
0 0.769418 0.0249206 0.01794 0.0343543 0.0210011
0 0.0256114 0.091144 0.0262692 0.0522166 0.0173368
0 0.770838 0.0612658 0.0214186 0.0751009 0.0159501
0 0.025821 0.507455 0.0516421 0.0604223 0.0152018
0 0.710237 0.669441 0.0474723 0.0927832 0.0131897
0 0.0508803 0.146887 0.0292831 0.0309265 0.0117404
0 0.874807 0.681036 0.018689 0.047866 0.0114967
0 0.455639 0.813651 0.00953255 0.00843906 0.00891323
0 0.0347644 0.493874 0.0515779 0.0452019 0.00866134
0 0.0225566 0.0935503 0.0226816 0.0373361 0.00839517
0 0.506415 0.0417023 0.0234035 0.0670362 0.00766166
0 0.509272 0.034169 0.0468928 0.068338 0.00762098
0 0.511179 0.0137697 0.0140631 0.0275393 0.00760041
0 0.77438 0.0530023 0.0661796 0.106005 0.00672247
0 0.722354 0.670641 0.0502959 0.0935458 0.00661382
0 0.774256 0.0634647 0.0132094 0.0581553 0.00648273
0 0.110283 0.00784805 0.0172648 0.0156961 0.00633044
0 0.870781 0.67515 0.0190966 0.039215 0.00622739
0 0.504363 0.0243566 0.0215098 0.0487132 0.00612941
0 0.765266 0.0201939 0.0157377 0.0337535 0.00576733
0 0.454026 0.814868 0.0104765 0.0102089 0.00550183
0 0.0142872 0.511257 0.0230161 0.0404851 0.00548503
0 0.874233 0.683324 0.0276775 0.0395158 0.00518635
0 0.114074 0.00818579 0.0163573 0.0149157 0.0051544
0 0.772059 0.0195697 0.0173594 0.0217731 0.00474031
0 0.455184 0.812946 0.0161358 0.0141203 0.00445666
0 0.0664466 0.497757 0.132893 0.278436 0.00437603
0 0.513043 0.0126436 0.0231089 0.0252872 0.00430006
0 0.0188175 0.482332 0.0361332 0.0704789 0.00416618
0 0.453003 0.816492 0.0125583 0.0145205 0.00413048
0 0.725142 0.663351 0.0704219 0.116441 0.00406022
0 0.0410589 0.499052 0.0821178 0.266294 0.00405968
0 0.190214 0.261526 0.0106493 0.00927897 0.00403025
0 0.70869 0.666216 0.067461 0.114432 0.00390921
0 0.758016 0.0540549 0.0448117 0.0987636 0.0038268
0 0.0156232 0.48969 0.0312464 0.0455203 0.00366653
0 0.186769 0.265667 0.0185871 0.0077086 0.0034604
0 0.874463 0.694974 0.0131483 0.013944 0.00321037
0 0.704598 0.678797 0.0317639 0.0860997 0.00318138
0 0.0132772 0.502762 0.0265544 0.0508702 0.00302509
0 0.762046 0.0405925 0.0638221 0.081185 0.00295891
0 0.76307 0.0615875 0.0309622 0.0850481 0.00290767
0 0.768911 0.022361 0.0264795 0.0418205 0.00289969
0 0.868562 0.667689 0.0168661 0.0363253 0.00284606
0 0.699096 0.00283199 0.0234159 0.00566398 0.0027789
0 0.110689 0.0125529 0.0161247 0.0227309 0.00274503
0 0.715193 0.652405 0.0304254 0.0940979 0.00272519
0 0.028822 0.0831093 0.0236187 0.0458038 0.0026339
0 0.376964 0.956953 0.0120442 0.0288982 0.00262093
0 0.871083 0.668471 0.0124775 0.0281706 0.00262085
0 0.190308 0.263242 0.0189704 0.0102436 0.00257476
0 0.187477 0.266657 0.0190667 0.0135668 0.00255292
0 0.872589 0.694993 0.0140543 0.0195669 0.00250079
0 0.937187 0.96721 0.0392637 0.0570023 0.0024954
0 0.189626 0.260715 0.018264 0.0192066 0.00248525
0 0.017985 0.494905 0.03597 0.0507339 0.00248216
0 0.694599 0.00313337 0.021664 0.00626675 0.00242153
0 0.0198234 0.520178 0.0396468 0.0784175 0.00241045
0 0.878531 0.716266 0.0143246 0.0411979 0.00237425
0 0.422591 0.851246 0.00766153 0.0134806 0.00231202
0 0.422081 0.853247 0.0120367 0.0166927 0.00230695
0 0.700528 0.00455854 0.02373 0.00911708 0.00220113
0 0.0538179 0.146941 0.0360654 0.0548291 0.0021899
0 0.281977 0.97013 0.0313974 0.0523796 0.00217469
0 0.875498 0.692256 0.0207632 0.0201521 0.00216875
0 0.522651 0.022569 0.0401087 0.0451381 0.0021113
0 0.992601 0.260953 0.00559025 0.0155015 0.0020628
0 0.423179 0.855501 0.0168231 0.0238544 0.00206055
0 0.115312 0.0130819 0.0163475 0.0228302 0.00205511
0 0.187054 0.261951 0.0140808 0.00803213 0.00202168
0 0.505045 0.309599 0.0186775 0.0285276 0.00201613
0 0.875449 0.664993 0.0190264 0.0353123 0.00201077
0 0.505629 0.0425938 0.0671143 0.0851876 0.00199361
0 0.424335 0.854823 0.0101931 0.0169464 0.00198185
0 0.187062 0.265355 0.0205391 0.0214818 0.00193606
0 0.524972 0.0293744 0.0607464 0.0587489 0.00187716
0 0.189919 0.264037 0.0110651 0.00905848 0.00185306
0 0.99006 0.267772 0.0111677 0.0191751 0.00184341
0 0.874444 0.681871 0.0251738 0.0670475 0.00182569
0 0.0358795 0.482889 0.071759 0.122358 0.001808
0 0.0239041 0.521405 0.0478082 0.106098 0.00177658
0 0.0443661 0.496141 0.0812013 0.0542957 0.00173697
0 0.0509066 0.14058 0.0243453 0.0241262 0.00170364
0 0.00733729 0.00684755 0.0146746 0.0121305 0.00168236
0 0.789589 0.0804223 0.200801 0.160845 0.0016193
0 0.781932 0.0584791 0.0516472 0.0765156 0.00160574
0 0.875945 0.70178 0.0113392 0.0119241 0.00158125
0 0.743888 0.0757759 0.188156 0.151552 0.00156408
0 0.506878 0.316321 0.0228316 0.0287669 0.00156131
0 0.170124 0.791574 0.022193 0.0492605 0.00152428
0 0.50391 0.316785 0.0179769 0.0417623 0.00146608
0 0.222705 0.758966 0.00630856 0.0209505 0.00146421
0 0.989754 0.261609 0.0108175 0.0203238 0.00145123
0 0.787651 0.0459195 0.069909 0.0917221 0.00140056
0 0.172363 0.792043 0.0063975 0.0426712 0.00139558
0 0.514443 0.317207 0.00882759 0.0301306 0.00137749
0 0.511212 0.304643 0.0184024 0.0539969 0.00135229
0 0.0461105 0.138562 0.0264985 0.0318388 0.00135099
0 0.876788 0.699115 0.0192348 0.022473 0.00131888
0 0.695151 0.00433242 0.0275385 0.00866485 0.00131144
0 0.404415 0.953523 0.0125914 0.0398565 0.00130755
0 0.42267 0.849384 0.0151307 0.0177032 0.00130645
0 0.374108 0.956549 0.00998466 0.0285374 0.00129888
0 0.772406 0.0731494 0.0135762 0.0589989 0.00129371
0 0.0999493 0.00683232 0.020985 0.0136646 0.00129091
0 0.278285 0.974743 0.014156 0.0377068 0.00125086
0 0.766476 0.013539 0.0181808 0.0144046 0.00124876
0 0.175925 0.790247 0.0140067 0.043466 0.00124291
0 0.264181 0.102239 0.0954507 0.0328333 0.00124042
0 0.759001 0.00632302 0.0164196 0.012646 0.00122815
0 0.381601 0.95438 0.018359 0.0513592 0.00116682
0 0.0283343 0.0811324 0.0344039 0.0666769 0.00113604
0 0.917618 0.115113 0.0142986 0.0103698 0.00112361
0 0.7612 0.0469881 0.0846634 0.0939763 0.00111293
0 0.280376 0.974156 0.00503283 0.029347 0.00111157
0 0.27348 0.973506 0.0245659 0.0478525 0.00109628
0 0.986026 0.00520555 0.0265787 0.0104111 0.0010713
0 0.873676 0.702516 0.0109787 0.0215921 0.00106082
0 0.714886 0.650669 0.0285808 0.0524577 0.00104689
0 0.0351564 0.552242 0.0703128 0.152036 0.00104632
0 0.0176858 0.0807073 0.0238922 0.0541941 0.00104629
0 0.26585 0.971935 0.0432753 0.05613 0.00103125
0 0.409892 0.950976 0.0127077 0.0690899 0.00102861
0 0.00522134 0.018998 0.0104427 0.0237907 0.00102074
0 0.0155333 0.0042877 0.0203298 0.0085754 0.00101889
0 0.775002 0.0733132 0.00992737 0.0416155 0.00100255
