0 0.104845 0.951389 0.0185954 0.0187956 0.713407
0 0.0142486 0.374476 0.0284972 0.0192694 0.690109
0 0.185037 0.988687 0.0337702 0.0224838 0.660733
0 0.801834 0.851405 0.0210392 0.0284811 0.63669
0 0.766351 0.826599 0.0145545 0.0200241 0.524084
0 0.826231 0.445069 0.0326487 0.0245535 0.461566
0 0.795708 0.845456 0.0287167 0.0365171 0.139692
0 0.772542 0.830652 0.0234266 0.0220301 0.0979709
0 0.76787 0.830428 0.0179653 0.0245033 0.0714389
0 0.103448 0.957026 0.0178933 0.0204479 0.0606742
0 0.826372 0.452998 0.0383774 0.0530295 0.0485993
0 0.186023 0.983724 0.0410352 0.0325521 0.04463
0 0.801179 0.853577 0.0280262 0.0495554 0.0341172
0 0.803372 0.857519 0.0177605 0.0298109 0.033349
0 0.178773 0.989335 0.0231001 0.0213304 0.0328141
0 0.0169906 0.375376 0.0339811 0.051012 0.0296718
0 0.178769 0.986268 0.0279265 0.0191698 0.0286912
0 0.794482 0.842543 0.0358099 0.054302 0.0221354
0 0.196315 0.990991 0.0256529 0.0180182 0.0217089
0 0.784429 0.841502 0.0577654 0.0487747 0.0183869
0 0.992093 0.111566 0.0116392 0.0126334 0.0178053
0 0.793122 0.838799 0.0260406 0.0274681 0.0176604
0 0.825057 0.441276 0.0272163 0.0202954 0.0165569
0 0.190834 0.993056 0.0200689 0.0138876 0.0158595
0 0.0121161 0.37943 0.0242322 0.02672 0.0155
0 0.0125698 0.365987 0.0251395 0.0300445 0.0142731
0 0.807957 0.853995 0.0229614 0.0274212 0.0118009
0 0.835104 0.453668 0.0422138 0.0372836 0.0101745
0 0.798712 0.858087 0.0214623 0.0347397 0.00993502
0 0.77417 0.826034 0.0265318 0.024262 0.00893505
0 0.0156641 0.365775 0.0287536 0.0506565 0.00889781
0 0.104729 0.958099 0.0292839 0.0564617 0.00853261
0 0.784049 0.841796 0.0366213 0.0418692 0.00852405
0 0.108942 0.949299 0.0169926 0.0202438 0.00808818
0 0.184354 0.991376 0.0286365 0.0172487 0.00737587
0 0.769261 0.835306 0.0316055 0.05987 0.00734889
0 0.83281 0.44586 0.0362673 0.0286366 0.00700811
0 0.100937 0.950861 0.0235947 0.0248083 0.0066032
0 0.0142876 0.38419 0.0285753 0.0476485 0.00633474
0 0.801755 0.840609 0.0200546 0.0243278 0.00622406
0 0.199581 0.985518 0.04762 0.0255754 0.00619511
0 0.990327 0.114675 0.0081686 0.0179124 0.00521594
0 0.990885 0.114176 0.0136839 0.0130438 0.00487555
0 0.789092 0.851908 0.0393528 0.0343752 0.004582
0 0.184588 0.987429 0.0628801 0.0251413 0.00411503
0 0.0211943 0.369474 0.0290928 0.0205089 0.00403715
0 0.823623 0.462846 0.0531975 0.0591606 0.00402491
0 0.15662 0.33846 0.0159731 0.0116166 0.00373838
0 0.815683 0.446938 0.0262442 0.0273079 0.0035294
0 0.18549 0.979523 0.033623 0.0405996 0.00334787
0 0.99063 0.113761 0.0142805 0.0212194 0.0032127
0 0.762627 0.888638 0.0142007 0.0108923 0.00314987
0 0.0209046 0.375094 0.0234602 0.0175223 0.00293688
0 0.809834 0.846343 0.0309055 0.0390743 0.00283898
0 0.813117 0.450518 0.0464586 0.0383352 0.00283744
0 0.0126576 0.368433 0.0253152 0.0768158 0.00273886
0 0.397094 0.955647 0.0103606 0.012018 0.00244332
0 0.474335 0.604134 0.0638494 0.151508 0.00237058
0 0.830093 0.475128 0.0430294 0.0834452 0.00235177
0 0.830706 0.45711 0.0788786 0.0951895 0.00232534
0 0.95587 0.975068 0.0882598 0.0453287 0.00219043
0 0.796359 0.860157 0.0550839 0.0523491 0.00213492
0 0.990363 0.109377 0.00859108 0.0135254 0.00210316
0 0.0139149 0.401159 0.0278298 0.0673257 0.00207605
0 0.396057 0.957207 0.0137186 0.0176214 0.00206701
0 0.0985827 0.958117 0.0307401 0.0299883 0.00200226
0 0.94574 0.306442 0.0887007 0.0866736 0.00188993
0 0.763248 0.835551 0.0401418 0.0397053 0.00185857
0 0.854758 0.386294 0.0139711 0.0143777 0.00184956
0 0.662579 0.55412 0.0296822 0.0689733 0.00172316
0 0.813471 0.451973 0.031665 0.0335453 0.001634
0 0.765055 0.836321 0.0237158 0.0407269 0.00158314
0 0.776313 0.82687 0.0432825 0.0593149 0.00149695
0 0.920268 0.292764 0.100803 0.216601 0.00147649
0 0.772468 0.850089 0.0360756 0.051474 0.00144732
0 0.00768853 0.376423 0.0153771 0.0226507 0.00139043
0 0.924178 0.296645 0.109372 0.106176 0.00136575
0 0.0131895 0.351418 0.026379 0.0630368 0.00134024
0 0.113491 0.964017 0.0503512 0.0525902 0.00131136
0 0.0182686 0.404938 0.0365372 0.0955909 0.00128434
0 0.0107425 0.374155 0.021485 0.0252599 0.00127815
0 0.0154311 0.367775 0.0308622 0.0630674 0.00123787
0 0.156997 0.339432 0.0195269 0.0169253 0.00120052
0 0.763058 0.888689 0.0159079 0.0170507 0.00118309
0 0.977346 0.734562 0.0311634 0.0614461 0.00117164
0 0.0991472 0.958123 0.0169559 0.0305092 0.00115569
0 0.851886 0.38273 0.0211349 0.0218064 0.00114554
0 0.201242 0.990496 0.0612241 0.0190071 0.00112416
0 0.0165356 0.38255 0.0330712 0.0746344 0.00111109
0 0.843944 0.457232 0.0570154 0.0449277 0.0011046
0 0.989894 0.109356 0.0133532 0.0187799 0.00109483
0 0.964677 0.971345 0.0614359 0.0556778 0.00106097
0 0.666684 0.565322 0.0253983 0.0531599 0.00103993
0 0.415473 0.925484 0.115799 0.100683 0.00103839
0 0.138513 0.96456 0.114777 0.0638784 0.00103236
