0 0.398871 0.50185 0.797742 0.632861 0.432043
0 0.396356 0.500871 0.603873 0.497951 0.150032
0 0.355303 0.261542 0.0455751 0.0340041 0.107969
0 0.311382 0.395863 0.622765 0.707182 0.0613227
0 0.210011 0.345224 0.420021 0.603405 0.0426127
0 0.451303 0.642721 0.612831 0.590478 0.0373136
0 0.354431 0.26221 0.0512485 0.0528349 0.0169384
0 0.351773 0.397396 0.602157 0.463829 0.0163121
0 0.44544 0.374147 0.89088 0.748295 0.0126608
0 0.548749 0.546092 0.642034 0.588598 0.0119109
0 0.3629 0.268652 0.0329664 0.0154652 0.0110223
0 0.14657 0.259855 0.27184 0.378281 0.0085283
0 0.629074 0.462183 0.741853 0.696101 0.00844321
0 0.188462 0.31609 0.322828 0.491026 0.0054274
0 0.548926 0.641581 0.447803 0.47689 0.00507581
0 0.0209019 0.11293 0.0200455 0.0225956 0.00479737
0 0.356892 0.261373 0.0810244 0.0426596 0.00447969
0 0.0227905 0.118333 0.0235932 0.0282431 0.00383348
0 0.40293 0.701461 0.80586 0.523552 0.00372886
0 0.29595 0.265006 0.554781 0.530011 0.00326652
0 0.603241 0.647657 0.235973 0.423328 0.00306517
0 0.0296997 0.124099 0.0394187 0.0414057 0.00288312
0 0.360064 0.27142 0.0392989 0.0223782 0.00252927
0 0.499738 0.740767 0.521176 0.467616 0.00250404
0 0.365087 0.271423 0.0254716 0.0191575 0.00221429
0 0.496657 0.408348 0.577466 0.429423 0.00216271
0 0.764729 0.555979 0.470541 0.570758 0.00208606
0 0.361083 0.260067 0.185057 0.101585 0.00199379
0 0.695813 0.802953 0.0528453 0.0882353 0.00198491
0 0.67715 0.780801 0.0811128 0.125443 0.00174542
0 0.642687 0.710547 0.1962 0.313473 0.00169858
0 0.111724 0.190131 0.207764 0.194941 0.00169601
0 0.647139 0.598643 0.62532 0.45833 0.0016807
0 0.22806 0.493234 0.45612 0.728908 0.00166217
0 0.136324 0.21076 0.272648 0.246957 0.00158605
0 0.12153 0.397602 0.24306 0.595259 0.00156157
0 0.651755 0.458754 0.577135 0.452906 0.00154812
0 0.32292 0.591399 0.588023 0.460396 0.00154103
0 0.366621 0.265179 0.202826 0.201042 0.00150428
0 0.0296354 0.109505 0.0420445 0.0224264 0.00141563
0 0.347644 0.28576 0.485067 0.352484 0.0013444
0 0.66994 0.762271 0.106533 0.142345 0.00128957
0 0.706321 0.81677 0.0297804 0.0580921 0.00128619
0 0.0358657 0.129023 0.0490313 0.0569098 0.00121409
0 0.706869 0.827203 0.0238706 0.0353574 0.00105626
0 0.662198 0.755653 0.139911 0.205736 0.00102486
