0 0.726228 0.0776144 0.025819 0.0417736 0.784513
0 0.273869 0.925864 0.0219116 0.020219 0.727536
0 0.679493 0.128684 0.019595 0.023295 0.646924
0 0.738364 0.953114 0.0384394 0.0140764 0.615544
0 0.410834 0.853158 0.0324395 0.0208921 0.568597
0 0.844611 0.45395 0.121356 0.0691954 0.235773
0 0.723709 0.0853895 0.0190531 0.0281901 0.138715
0 0.737517 0.957784 0.0344767 0.0168934 0.0925894
0 0.365822 0.741283 0.0376309 0.0351393 0.0702399
0 0.864731 0.445974 0.137572 0.0658837 0.0544726
0 0.853639 0.446986 0.0850964 0.0578072 0.0453463
0 0.404877 0.854477 0.0294759 0.0249361 0.039225
0 0.816189 0.474984 0.176549 0.109267 0.0283701
0 0.944376 0.96053 0.0886446 0.0659782 0.025069
0 0.836266 0.453773 0.0868147 0.0568838 0.024148
0 0.878404 0.458527 0.19187 0.0793185 0.0241425
0 0.679703 0.132136 0.0278876 0.0497392 0.0234117
0 0.733169 0.0788306 0.0301714 0.0382251 0.0221024
0 0.412335 0.854116 0.0444508 0.0495201 0.0212151
0 0.745727 0.953216 0.0274261 0.0154356 0.0193448
0 0.856791 0.477009 0.164681 0.117949 0.0162337
0 0.771239 0.480923 0.265424 0.122838 0.0157034
0 0.274466 0.931498 0.031936 0.0539677 0.0154548
0 0.413579 0.857453 0.0275655 0.0230116 0.0153187
0 0.84756 0.45468 0.224608 0.169699 0.0151008
0 0.72975 0.955822 0.0275232 0.0166103 0.0139337
0 0.272253 0.932438 0.0223972 0.0241831 0.0117658
0 0.73798 0.962829 0.0402478 0.0689926 0.0106273
0 0.733569 0.0719806 0.0252687 0.0321712 0.0100637
0 0.819674 0.467233 0.0893928 0.0480583 0.0098273
0 0.78473 0.528074 0.256448 0.242639 0.00939938
0 0.716411 0.0818324 0.0339408 0.0355897 0.00908708
0 0.80911 0.490525 0.246931 0.158104 0.00806811
0 0.730246 0.066019 0.0198204 0.0233435 0.00779325
0 0.840634 0.47431 0.0877415 0.108508 0.00745599
0 0.278038 0.932269 0.0248645 0.0332468 0.00713969
0 0.822023 0.457967 0.063953 0.0493646 0.00702873
0 0.355251 0.741966 0.0614851 0.0376329 0.00633836
0 0.364744 0.734243 0.0323705 0.0362654 0.0059719
0 0.364082 0.744922 0.0457107 0.0528426 0.00571692
0 0.683888 0.124451 0.0199238 0.0257702 0.0056366
0 0.883208 0.485867 0.232845 0.16262 0.00560873
0 0.267069 0.929427 0.0200815 0.0270565 0.0053551
0 0.818169 0.465531 0.0537043 0.0369143 0.00535157
0 0.834971 0.495653 0.1592 0.135778 0.00532873
0 0.887159 0.437638 0.225683 0.0990671 0.0052534
0 0.266441 0.926611 0.0332846 0.0208069 0.00517741
0 0.72625 0.0810437 0.0512768 0.0501663 0.00472252
0 0.44211 0.83886 0.0157434 0.0179111 0.00468601
0 0.916549 0.814274 0.0163271 0.0151857 0.00466245
0 0.763883 0.463873 0.346162 0.174936 0.00459544
0 0.418118 0.846788 0.0412595 0.0327923 0.00414121
0 0.372993 0.734634 0.0215186 0.0220285 0.00408519
0 0.738479 0.967835 0.0409492 0.0357641 0.00398675
0 0.715721 0.0894861 0.062456 0.067758 0.00383815
0 0.923907 0.949454 0.0961119 0.0634663 0.00355109
0 0.721406 0.0955454 0.0195152 0.0221468 0.00345727
0 0.677166 0.134222 0.0193925 0.030434 0.00343606
0 0.792693 0.47947 0.151191 0.0854628 0.0033965
0 0.716346 0.0898125 0.0258466 0.0260214 0.0033381
0 0.0266401 0.932386 0.0399336 0.0797869 0.00319358
0 0.401794 0.850948 0.0423611 0.0229023 0.00309807
0 0.371832 0.740883 0.029469 0.0292313 0.00307617
0 0.676109 0.124764 0.0273907 0.0338672 0.00278918
0 0.284666 0.926931 0.0467992 0.0310343 0.00273579
0 0.912773 0.81624 0.0254112 0.0193954 0.00268492
0 0.713632 0.0979154 0.0359215 0.0473077 0.00264282
0 0.429552 0.8451 0.0308125 0.0238855 0.00263822
0 0.796663 0.450989 0.235609 0.124201 0.00256297
0 0.523548 0.248414 0.071674 0.0890806 0.0025484
0 0.348959 0.744826 0.0797891 0.0502283 0.00242479
0 0.74926 0.94932 0.0227863 0.0150454 0.00239518
0 0.420765 0.853896 0.0413677 0.0253128 0.0023277
0 0.725318 0.495335 0.480762 0.192561 0.00230251
0 0.864279 0.441856 0.0545486 0.0517868 0.00224411
0 0.685902 0.136306 0.0337994 0.0478721 0.00223396
0 0.742246 0.94965 0.0370977 0.0262255 0.0022301
0 0.572753 0.987257 0.009655 0.0124443 0.00218908
0 0.835332 0.439249 0.0986301 0.0779761 0.00218732
0 0.852968 0.528174 0.222062 0.215719 0.00214918
0 0.878408 0.419803 0.243184 0.163267 0.00212176
0 0.818946 0.474279 0.0711473 0.071852 0.00204372
0 0.735219 0.963434 0.0632919 0.0356232 0.00200525
0 0.72571 0.0642193 0.0201638 0.0271617 0.00192118
0 0.855438 0.429632 0.119825 0.0952665 0.00186342
0 0.388608 0.450119 0.0539124 0.108068 0.00185564
0 0.89563 0.919681 0.20874 0.160638 0.00181621
0 0.725588 0.091601 0.0269508 0.0352101 0.00177868
0 0.732628 0.952591 0.040587 0.0248978 0.00173109
0 0.507558 0.258866 0.0904383 0.0937627 0.00164364
0 0.575011 0.985076 0.0114079 0.0166073 0.00163844
0 0.0235851 0.90178 0.0398419 0.0966087 0.00160031
0 0.834363 0.447028 0.0579702 0.0556689 0.00158387
0 0.0307534 0.938784 0.0601036 0.070685 0.00157183
0 0.694022 0.129419 0.0403954 0.0353891 0.00155649
0 0.735159 0.0854329 0.040859 0.0440663 0.00155354
0 0.727663 0.498143 0.339449 0.141173 0.00154933
0 0.573983 0.992324 0.012449 0.013483 0.00154057
0 0.728711 0.0955173 0.0187663 0.0277952 0.00150499
0 0.919692 0.934559 0.110978 0.130882 0.00145864
0 0.685333 0.135497 0.0241369 0.0369042 0.0014575
0 0.791456 0.500871 0.157527 0.140918 0.00144684
0 0.898866 0.477568 0.202268 0.112674 0.00136518
0 0.681622 0.141929 0.0269149 0.0355194 0.0013545
0 0.708665 0.0956581 0.094726 0.138983 0.00130198
0 0.512885 0.242237 0.0497893 0.113522 0.00129514
0 0.024549 0.933375 0.049098 0.133251 0.0012925
0 0.841866 0.459351 0.0574495 0.0574229 0.00125049
0 0.678224 0.122781 0.0355237 0.0560948 0.00123129
0 0.531086 0.236922 0.0962361 0.17013 0.00122962
0 0.272037 0.91538 0.0242841 0.0304611 0.00121731
0 0.408161 0.867925 0.0336905 0.041407 0.00120719
0 0.0320907 0.93059 0.0386321 0.107108 0.00118898
0 0.306591 0.556301 0.317343 0.263405 0.00117846
0 0.29297 0.553147 0.149718 0.175727 0.00117292
0 0.726635 0.950652 0.0378187 0.0196716 0.00116453
0 0.354035 0.758786 0.068256 0.0719473 0.00115926
0 0.548391 0.230165 0.127212 0.0717112 0.00115062
0 0.716074 0.0743462 0.0293514 0.0313996 0.00114035
0 0.36568 0.732081 0.043064 0.0581635 0.0011365
0 0.862333 0.461026 0.0791897 0.0827355 0.00111908
0 0.0249136 0.893818 0.0498272 0.19708 0.00110599
0 0.90776 0.531845 0.17879 0.200378 0.00108957
0 0.344604 0.457292 0.153762 0.126921 0.00107847
0 0.731846 0.0899168 0.0839783 0.109994 0.00107349
0 0.940394 0.956145 0.0992895 0.0877102 0.00106158
0 0.736375 0.968241 0.0556499 0.0635183 0.00106127
0 0.570706 0.99222 0.013583 0.0115963 0.00104552
0 0.875213 0.451269 0.0785587 0.0641499 0.00102798
0 0.734442 0.973336 0.0622468 0.0463953 0.0010164
0 0.420194 0.847178 0.0527622 0.0545662 0.00100621
