0 0.41038 0.248342 0.82076 0.254395 0.357017
0 0.468624 0.29262 0.937249 0.419993 0.269805
0 0.387656 0.218912 0.667912 0.211048 0.155723
0 0.496917 0.196581 0.617515 0.197099 0.100481
0 0.440785 0.179446 0.877601 0.24286 0.0957816
0 0.26098 0.347229 0.521961 0.390889 0.0851189
0 0.269942 0.254614 0.539884 0.222464 0.0746532
0 0.560344 0.243597 0.663212 0.358545 0.0673857
0 0.468174 0.396054 0.936347 0.601616 0.0492385
0 0.327805 0.289515 0.637855 0.358291 0.0460665
0 0.139153 0.296087 0.278306 0.108038 0.0417636
0 0.583876 0.168309 0.637683 0.201569 0.0374682
0 0.450729 0.128844 0.901459 0.257687 0.0257942
0 0.448149 0.335755 0.657134 0.475998 0.0234776
0 0.91315 0.959906 0.0622418 0.0604135 0.0225724
0 0.269951 0.168313 0.539901 0.336626 0.0186333
0 0.239835 0.44716 0.444301 0.529153 0.0117323
0 0.213162 0.261374 0.426325 0.170758 0.0106644
0 0.824983 0.0922004 0.0376829 0.0211059 0.0106178
0 0.192645 0.292857 0.354089 0.156676 0.00915012
0 0.936002 0.95999 0.0847939 0.0626955 0.00734348
0 0.625894 0.19908 0.461635 0.219115 0.00727191
0 0.594832 0.282794 0.462761 0.450675 0.00574345
0 0.479158 0.0936605 0.958317 0.187321 0.00568489
0 0.184749 0.361329 0.334175 0.336174 0.0051433
0 0.768043 0.110195 0.163126 0.0531151 0.00502743
0 0.16767 0.274747 0.335341 0.102691 0.00432108
0 0.152548 0.460017 0.305095 0.467918 0.00431013
0 0.707766 0.123283 0.257591 0.0815581 0.00418249
0 0.169555 0.189818 0.33911 0.334755 0.00402686
0 0.132688 0.293933 0.166625 0.0910744 0.00350776
0 0.649535 0.335956 0.700714 0.490395 0.00350761
0 0.66396 0.136371 0.316173 0.10834 0.00342193
0 0.736641 0.256583 0.526719 0.382952 0.00332062
0 0.974733 0.223548 0.0403516 0.0614531 0.00265278
0 0.926308 0.948939 0.0994548 0.0984648 0.00258026
0 0.438092 0.0759192 0.615673 0.151838 0.00213099
0 0.14102 0.298442 0.28204 0.17298 0.00210339
0 0.636663 0.163973 0.355388 0.154977 0.0020862
0 0.734255 0.112695 0.203589 0.0615774 0.00193946
0 0.390636 0.431915 0.636489 0.480676 0.00193033
0 0.124987 0.294053 0.249974 0.0716915 0.00191669
0 0.55534 0.143406 0.874679 0.286811 0.0018973
0 0.130844 0.414579 0.250275 0.340845 0.00188415
0 0.0553984 0.31975 0.0926982 0.0276071 0.00183127
0 0.0793466 0.414149 0.157652 0.331898 0.00179329
0 0.131373 0.243977 0.262746 0.214671 0.00173377
0 0.0292688 0.322527 0.0576287 0.0234348 0.00172702
0 0.179868 0.885376 0.193964 0.222636 0.001697
0 0.139567 0.875864 0.279133 0.248272 0.00165605
0 0.310902 0.750241 0.349944 0.384214 0.00164169
0 0.0209275 0.32619 0.0328791 0.0161936 0.00153881
0 0.078877 0.560658 0.157754 0.432482 0.00152932
0 0.0662083 0.31496 0.121251 0.0298586 0.00152558
0 0.0277135 0.325679 0.0404618 0.0214734 0.00152173
0 0.155735 0.328398 0.302368 0.212766 0.00148917
0 0.0429507 0.323314 0.0719434 0.0280203 0.00143102
0 0.807283 0.0961482 0.0770075 0.0210581 0.00141235
0 0.665746 0.945551 0.11245 0.0881975 0.00137569
0 0.143341 0.809102 0.286682 0.362804 0.0013695
0 0.103109 0.63642 0.206218 0.557907 0.0013498
0 0.701323 0.752937 0.442092 0.349806 0.00118389
0 0.121723 0.2707 0.243446 0.134619 0.00113951
0 0.0826079 0.311046 0.139066 0.0497443 0.0010987
0 0.797121 0.344427 0.400945 0.460579 0.00105853
0 0.44049 0.0652684 0.880981 0.130537 0.00101944
0 0.448571 0.557818 0.897142 0.681822 0.0010033
