0 0.889379 0.912706 0.207455 0.174589 0.755831
0 0.443556 0.87771 0.158692 0.23659 0.637325
0 0.905478 0.30569 0.189045 0.427681 0.586064
0 0.93385 0.904918 0.0944656 0.190165 0.267487
0 0.327543 0.48395 0.113323 0.33368 0.245719
0 0.926877 0.306198 0.146245 0.32601 0.244135
0 0.960025 0.904023 0.0602373 0.180441 0.216849
0 0.863861 0.361548 0.199042 0.283928 0.172913
0 0.400891 0.881535 0.237882 0.211669 0.163454
0 0.841538 0.91064 0.0844919 0.158365 0.116275
0 0.352206 0.685823 0.200885 0.57616 0.099894
0 0.824701 0.360924 0.131624 0.29798 0.0809301
0 0.895132 0.988407 0.0285656 0.0231863 0.0677822
0 0.358939 0.789163 0.180436 0.400665 0.0673664
0 0.777232 0.43311 0.0184408 0.0678324 0.0646106
0 0.387472 0.786077 0.27422 0.427845 0.0579891
0 0.913393 0.895225 0.173214 0.209549 0.0515955
0 0.822699 0.907454 0.0465942 0.140748 0.0511153
0 0.804951 0.267765 0.0460096 0.0657179 0.0496097
0 0.873972 0.874702 0.0273773 0.0495144 0.0476082
0 0.819143 0.275056 0.0768696 0.0819131 0.0431918
0 0.377359 0.837413 0.23425 0.288952 0.0410596
0 0.881301 0.373329 0.226702 0.406207 0.0365917
0 0.88984 0.289036 0.220319 0.257192 0.0364406
0 0.795211 0.259345 0.0298515 0.0529298 0.0361987
0 0.876435 0.883721 0.0173603 0.0482759 0.031819
0 0.829769 0.899944 0.0749945 0.118719 0.031198
0 0.816726 0.852631 0.0389515 0.0303913 0.0265211
0 0.89463 0.213588 0.210739 0.286533 0.0264237
0 0.425382 0.659865 0.309044 0.627103 0.0216109
0 0.395257 0.874204 0.151799 0.233788 0.0208973
0 0.868011 0.896011 0.0620735 0.101379 0.020538
0 0.897013 0.291364 0.151299 0.3088 0.0201891
0 0.875752 0.895003 0.0873665 0.134113 0.0197173
0 0.931162 0.23786 0.137676 0.267142 0.0191975
0 0.836439 0.278293 0.104367 0.102363 0.0184151
0 0.872465 0.854846 0.0199467 0.0313726 0.0174758
0 0.342467 0.534013 0.166798 0.489084 0.0170387
0 0.915679 0.358549 0.116174 0.310881 0.0152987
0 0.348986 0.788733 0.136971 0.261721 0.0152245
0 0.880012 0.876815 0.0473078 0.0691273 0.0151752
0 0.896418 0.984073 0.032196 0.0241766 0.0135501
0 0.773751 0.43017 0.0221796 0.0902102 0.0132203
0 0.935423 0.890952 0.129155 0.218096 0.0124336
0 0.448011 0.920624 0.17063 0.158751 0.0124218
0 0.885425 0.363187 0.108985 0.299108 0.0123368
0 0.320214 0.552953 0.0972617 0.273218 0.0114752
0 0.786418 0.314452 0.0154631 0.038988 0.0102786
0 0.949199 0.920089 0.0744787 0.159822 0.00975304
0 0.779478 0.422433 0.0321358 0.122366 0.00962172
0 0.79685 0.257826 0.0259451 0.0351704 0.00953217
0 0.796165 0.2788 0.0344296 0.0764494 0.00942459
0 0.825578 0.294144 0.120292 0.18886 0.00825554
0 0.78914 0.393305 0.0618507 0.26448 0.007442
0 0.383931 0.601357 0.238807 0.471754 0.00726995
0 0.328515 0.588267 0.1144 0.487184 0.00666482
0 0.334118 0.430247 0.141496 0.332797 0.00662914
0 0.794378 0.368833 0.0884422 0.30002 0.00644936
0 0.869999 0.485107 0.0164419 0.0522437 0.00606682
0 0.839843 0.494874 0.0187927 0.0425029 0.00556519
0 0.322852 0.516605 0.0887479 0.16138 0.0054563
0 0.79334 0.482401 0.0218601 0.0568109 0.00542192
0 0.794316 0.476114 0.0163038 0.047516 0.00539997
0 0.777366 0.450884 0.0209002 0.0685206 0.00531832
0 0.817318 0.899353 0.212819 0.201293 0.00511971
0 0.788465 0.461827 0.0258774 0.0881334 0.00506875
0 0.787457 0.392096 0.0408026 0.230863 0.00467627
0 0.288683 0.897639 0.0212878 0.0503595 0.00435336
0 0.891451 0.949761 0.123392 0.100478 0.00391173
0 0.815334 0.410804 0.0952375 0.24359 0.00389657
0 0.858614 0.284189 0.102467 0.0886698 0.00386107
0 0.895521 0.214502 0.151878 0.237636 0.00375845
0 0.87105 0.289939 0.150124 0.212951 0.00363129
0 0.319627 0.421329 0.176438 0.454436 0.00361912
0 0.849485 0.425533 0.213851 0.552425 0.00340046
0 0.349165 0.657847 0.13151 0.247866 0.00337867
0 0.457965 0.820002 0.155989 0.206043 0.00337328
0 0.908304 0.874135 0.173999 0.157702 0.00320615
0 0.283023 0.498328 0.199895 0.347805 0.00311363
0 0.788679 0.460313 0.0366451 0.109879 0.00301053
0 0.287987 0.90432 0.0152694 0.0259371 0.00291962
0 0.862004 0.884386 0.156739 0.164032 0.00288041
0 0.796781 0.250415 0.0227222 0.0378912 0.00285492
0 0.819461 0.86615 0.0410416 0.0665335 0.00262061
0 0.817052 0.302437 0.226965 0.369641 0.0025963
0 0.867188 0.490059 0.0150173 0.0471196 0.00256894
0 0.259568 0.697726 0.42185 0.525748 0.00250314
0 0.819377 0.90074 0.0434826 0.0670792 0.0023634
0 0.777612 0.396169 0.0416945 0.199333 0.00231919
0 0.855022 0.28235 0.0349983 0.0656693 0.00231361
0 0.859263 0.293338 0.0721375 0.0854041 0.00228822
0 0.850204 0.949425 0.0800165 0.101149 0.00226983
0 0.956625 0.873177 0.0556141 0.114482 0.00224552
0 0.823502 0.306096 0.0916264 0.1474 0.00223015
0 0.792172 0.483264 0.0296217 0.0759113 0.00220218
0 0.890659 0.990757 0.0260843 0.0184865 0.0021329
0 0.775964 0.451702 0.0273811 0.093813 0.00212066
0 0.788364 0.469567 0.0141655 0.0383039 0.00209026
0 0.835398 0.431553 0.143054 0.280946 0.0020608
0 0.817817 0.278292 0.0559095 0.064302 0.00202395
0 0.90887 0.221188 0.182261 0.378988 0.00200354
0 0.292428 0.887439 0.0352608 0.0637365 0.0019965
0 0.306321 0.513324 0.115273 0.237895 0.00198202
0 0.416328 0.796419 0.0323208 0.0932716 0.00198188
0 0.949508 0.875344 0.0797958 0.152036 0.00197743
0 0.821586 0.878852 0.0619387 0.0795719 0.001953
0 0.872417 0.243103 0.0192127 0.0420317 0.00192939
0 0.897159 0.981157 0.0456163 0.0376867 0.00188158
0 0.360058 0.462717 0.161046 0.339984 0.00186323
0 0.786202 0.318239 0.0199827 0.0505215 0.00184154
0 0.818929 0.334017 0.0480526 0.0769962 0.00183776
0 0.874406 0.852728 0.0282639 0.0415312 0.00182628
0 0.874726 0.156997 0.244557 0.267196 0.00180577
0 0.873307 0.246037 0.0451624 0.0466319 0.00179041
0 0.921748 0.375636 0.156503 0.505747 0.00178608
0 0.337809 0.414773 0.0985152 0.197639 0.00175731
0 0.774484 0.410336 0.0213998 0.0833245 0.00169376
0 0.838917 0.487165 0.0247437 0.0555258 0.00168413
0 0.420783 0.806516 0.11165 0.13815 0.00166763
0 0.265717 0.458286 0.265459 0.492796 0.00165857
0 0.331985 0.60429 0.117699 0.245843 0.00164997
0 0.325952 0.843211 0.172769 0.272576 0.00164587
0 0.797141 0.513002 0.0196177 0.0300101 0.00163019
0 0.302929 0.461753 0.144422 0.235394 0.00159639
0 0.866905 0.869125 0.255146 0.26175 0.0015768
0 0.807503 0.910637 0.0343456 0.110767 0.00156981
0 0.808592 0.98996 0.01376 0.0195553 0.00154625
0 0.940737 0.304426 0.118525 0.400655 0.00151718
0 0.840444 0.499678 0.0125883 0.0481948 0.00151144
0 0.865768 0.49465 0.00978184 0.0389093 0.00149935
0 0.871652 0.889609 0.0220154 0.056613 0.00148352
0 0.490275 0.655592 0.517242 0.57539 0.00147681
0 0.800898 0.463941 0.0515598 0.129575 0.00147338
0 0.957285 0.929747 0.0470676 0.1305 0.00144085
0 0.424014 0.952814 0.163173 0.0943715 0.00143469
0 0.772568 0.457195 0.0168524 0.060403 0.00142146
0 0.362737 0.382488 0.0564198 0.146456 0.00142134
0 0.79487 0.50237 0.0256323 0.0436105 0.00141885
0 0.813207 0.851429 0.0303144 0.0206974 0.00141426
0 0.788739 0.308709 0.0187836 0.0657118 0.00140722
0 0.856803 0.924699 0.0887056 0.144448 0.00139517
0 0.595061 0.914765 0.0136295 0.00865479 0.00138748
0 0.476597 0.80096 0.361168 0.398081 0.00137219
0 0.823229 0.848545 0.0314104 0.0184347 0.0013661
0 0.831097 0.929623 0.064852 0.140753 0.00135044
0 0.806691 0.437519 0.0630098 0.176884 0.00134028
0 0.809696 0.985441 0.0141321 0.0272797 0.00133267
0 0.772804 0.4665 0.0164432 0.0363107 0.00131948
0 0.950087 0.902204 0.0576424 0.133813 0.00131261
0 0.814445 0.899962 0.0426624 0.117184 0.00131221
0 0.969561 0.92623 0.0608777 0.14754 0.0013109
0 0.919644 0.899131 0.140932 0.131894 0.00130057
0 0.368263 0.370769 0.0399881 0.103462 0.00128809
0 0.954875 0.859803 0.0302467 0.0836426 0.00121892
0 0.765933 0.356272 0.267398 0.364243 0.00120251
0 0.816585 0.989569 0.0141542 0.0208624 0.00118403
0 0.817037 0.983764 0.0204254 0.0324717 0.00117444
0 0.817926 0.854441 0.0495852 0.0548388 0.00116538
0 0.861306 0.489993 0.0219622 0.0455323 0.00116025
0 0.789559 0.478439 0.0176437 0.0487553 0.00112806
0 0.429737 0.791762 0.0797853 0.105147 0.00111759
0 0.868577 0.918478 0.159119 0.130148 0.00110556
0 0.864296 0.0377811 0.00750046 0.0122174 0.00109904
0 0.317674 0.834074 0.325086 0.331852 0.00109356
0 0.375035 0.762041 0.240059 0.257281 0.00108604
0 0.81095 0.335308 0.0328297 0.0670668 0.0010814
0 0.894791 0.934564 0.176757 0.124813 0.00107106
0 0.322367 0.766873 0.14299 0.443956 0.00106679
0 0.844748 0.247406 0.182742 0.234113 0.00102844
0 0.903456 0.405741 0.111619 0.206764 0.00101552
0 0.342757 0.502937 0.119505 0.249599 0.00100213
