0 0.497009 0.488407 0.174558 0.172346 0.84771
0 0.900203 0.0257115 0.0150023 0.042332 0.160473
0 0.33052 0.58686 0.012238 0.0129597 0.124826
0 0.390972 0.468488 0.0166823 0.0185743 0.076732
0 0.896363 0.0244995 0.0242928 0.043933 0.0578191
0 0.800939 0.218804 0.0193222 0.0834081 0.0404529
0 0.25071 0.980023 0.011982 0.0127254 0.0253157
0 0.0260846 0.92905 0.0384393 0.0388193 0.0230433
0 0.505198 0.526412 0.148703 0.139848 0.0178173
0 0.328367 0.585016 0.0160999 0.0169566 0.0159701
0 0.252238 0.979541 0.0180928 0.017915 0.0131584
0 0.799194 0.208706 0.0147799 0.073313 0.0131447
0 0.249172 0.98009 0.010873 0.0193708 0.00961009
0 0.390335 0.470157 0.0221942 0.0239422 0.00947879
0 0.251144 0.977592 0.00782471 0.0137486 0.00858219
0 0.0258627 0.923965 0.031571 0.0565146 0.00731765
0 0.52026 0.474453 0.264015 0.187632 0.0071328
0 0.890947 0.0218563 0.0270258 0.0428853 0.0063463
0 0.797423 0.221388 0.0285046 0.0946171 0.00623706
0 0.223545 0.706006 0.0920421 0.111262 0.00570826
0 0.0256293 0.935651 0.0307541 0.03866 0.00547525
0 0.902302 0.0331048 0.013154 0.0343263 0.00531442
0 0.325735 0.586702 0.0213881 0.0247789 0.00428019
0 0.949573 0.957614 0.0771826 0.0734768 0.00409422
0 0.248888 0.978478 0.0184659 0.0237986 0.00351744
0 0.333772 0.585788 0.016186 0.0166573 0.00333703
0 0.506464 0.450785 0.1795 0.149556 0.00330637
0 0.33413 0.589941 0.0138572 0.0138992 0.00323739
0 0.895378 0.0170019 0.0206671 0.0340039 0.00318805
0 0.427976 0.412236 0.0179892 0.0306331 0.0029015
0 0.837447 0.329463 0.0133472 0.0126974 0.00288015
0 0.487859 0.447062 0.142794 0.0948112 0.00272077
0 0.476197 0.502278 0.111776 0.153064 0.00270167
0 0.468168 0.472035 0.135701 0.172937 0.00270087
0 0.518781 0.497468 0.166794 0.128405 0.00247873
0 0.499222 0.547978 0.156523 0.217694 0.00247064
0 0.395968 0.466976 0.0397012 0.0379532 0.00237646
0 0.393054 0.465716 0.0242707 0.0292443 0.00237469
0 0.898381 0.0335849 0.0163664 0.0369344 0.00233036
0 0.801318 0.194542 0.0108463 0.0485381 0.00210117
0 0.396861 0.469881 0.0225625 0.0226537 0.00209402
0 0.02682 0.92741 0.0509537 0.0641966 0.00200131
0 0.426723 0.41932 0.0216209 0.0364277 0.00192436
0 0.939329 0.944848 0.104144 0.110304 0.00163129
0 0.89617 0.0272315 0.0650118 0.0544631 0.00159897
0 0.33021 0.583143 0.0225005 0.0270466 0.00153423
0 0.436621 0.545963 0.0266512 0.0616549 0.00148377
0 0.874437 0.0230717 0.0659653 0.0461435 0.00139577
0 0.433358 0.436818 0.0427995 0.0635277 0.00134571
0 0.44795 0.490501 0.0978185 0.16903 0.0013279
0 0.91107 0.0308397 0.0238071 0.032796 0.00124544
0 0.471682 0.848833 0.0201214 0.0419724 0.00123317
0 0.582305 0.491969 0.387663 0.236439 0.00120605
0 0.474865 0.53232 0.0931049 0.108654 0.00119247
0 0.421548 0.486835 0.0341905 0.0561358 0.00114855
0 0.391771 0.477922 0.0373982 0.0773046 0.00114094
0 0.0159629 0.962858 0.0148036 0.0152418 0.00108318
0 0.446116 0.459428 0.0754939 0.1157 0.00107816
0 0.440725 0.488027 0.0525753 0.145848 0.00106807
0 0.466641 0.820399 0.136568 0.164139 0.00106717
0 0.517657 0.522881 0.246151 0.194901 0.00105047
0 0.201188 0.70285 0.264581 0.205733 0.00104875
0 0.50533 0.496275 0.0971768 0.149408 0.00104189
0 0.431709 0.431708 0.0290123 0.0601828 0.00103369
