0 0.493008 0.494684 0.181761 0.220348 0.779588
0 0.49111 0.468376 0.155424 0.152904 0.277303
0 0.52274 0.556457 0.121537 0.102109 0.133399
0 0.55437 0.582148 0.0569551 0.0408988 0.0231276
0 0.563184 0.583251 0.0461613 0.0301783 0.0220442
0 0.498996 0.551021 0.178024 0.245413 0.0176416
0 0.537597 0.570509 0.0880309 0.049061 0.0126165
0 0.568366 0.587969 0.0320252 0.0234889 0.0121122
0 0.499241 0.480044 0.0975667 0.141017 0.0107016
0 0.489341 0.441404 0.185895 0.134696 0.00817658
0 0.57539 0.589629 0.0127964 0.0203773 0.00687859
0 0.558245 0.532081 0.0115041 0.0231828 0.00571736
0 0.553214 0.573152 0.0796432 0.064291 0.00510389
0 0.432241 0.435303 0.0342954 0.0582794 0.00440038
0 0.510004 0.537683 0.146666 0.120372 0.00382636
0 0.56 0.523509 0.0174116 0.0504592 0.00380608
0 0.435642 0.432871 0.045262 0.0757978 0.00351821
0 0.574454 0.58612 0.0157168 0.0218583 0.00309931
0 0.478326 0.54879 0.205229 0.332389 0.00279807
0 0.529835 0.509709 0.128045 0.147023 0.00270177
0 0.559363 0.531063 0.0133688 0.0332899 0.00226685
0 0.463935 0.441897 0.118642 0.103485 0.00198011
0 0.436624 0.444654 0.0706943 0.106983 0.00194962
0 0.532211 0.56194 0.0919553 0.0801797 0.0017437
0 0.55632 0.534682 0.0180065 0.0226761 0.00149667
0 0.48468 0.42673 0.145229 0.0808458 0.00107049
0 0.536594 0.585984 0.229292 0.309427 0.00100989
