0 0.518072 0.462055 0.105442 0.0292356 0.752885
0 0.452255 0.536341 0.0358809 0.0301082 0.732744
0 0.518107 0.463162 0.107335 0.0498634 0.256062
0 0.451298 0.53702 0.0409199 0.0476392 0.147154
0 0.518083 0.480208 0.122109 0.0846359 0.0467577
0 0.517232 0.457546 0.060261 0.0337668 0.0435203
0 0.518283 0.459057 0.125291 0.0804242 0.0409748
0 0.452326 0.529846 0.030617 0.0342312 0.0308546
0 0.541217 0.464392 0.0873547 0.0258936 0.0250148
0 0.440899 0.534451 0.0398767 0.03024 0.0183327
0 0.525548 0.461537 0.058841 0.0280441 0.0167458
0 0.518066 0.45466 0.0890326 0.0347038 0.0165464
0 0.405266 0.490487 0.0238469 0.0225055 0.0139462
0 0.45548 0.531321 0.0600916 0.0497625 0.0132887
0 0.452529 0.544963 0.0310098 0.0334003 0.0132037
0 0.51774 0.470737 0.0912134 0.0359837 0.0124867
0 0.458575 0.539033 0.0345639 0.031991 0.0124215
0 0.500318 0.453594 0.194447 0.233669 0.0103986
0 0.498433 0.465461 0.0710798 0.0245356 0.00967942
0 0.441022 0.538553 0.0291997 0.0344638 0.00943833
0 0.512222 0.501265 0.116636 0.109855 0.00850358
0 0.484053 0.465144 0.0331107 0.0219758 0.00706284
0 0.509856 0.46273 0.0599927 0.029107 0.00553352
0 0.540729 0.463579 0.051038 0.0193291 0.00531372
0 0.551051 0.464759 0.0353975 0.0202033 0.00439435
0 0.40937 0.493388 0.0314443 0.0226827 0.00345449
0 0.460935 0.517203 0.106526 0.126088 0.00322201
0 0.529569 0.489731 0.202032 0.231259 0.00287442
0 0.438474 0.525154 0.0343836 0.0349193 0.00262492
0 0.499052 0.458754 0.0631021 0.0235212 0.00259081
0 0.589923 0.503256 0.0138889 0.00951376 0.00251859
0 0.482341 0.523391 0.118233 0.107361 0.00231988
0 0.410964 0.499872 0.0335806 0.0352139 0.00225189
0 0.497064 0.470404 0.130507 0.0424832 0.0021638
0 0.431704 0.53382 0.0544613 0.0392825 0.00202889
0 0.703114 0.976418 0.0147448 0.0072628 0.0020284
0 0.78641 0.677555 0.0134153 0.00782528 0.00197256
0 0.514164 0.441573 0.118214 0.0609851 0.0018592
0 0.451801 0.54117 0.0947104 0.100087 0.00185377
0 0.47393 0.533777 0.0760562 0.0470267 0.00162475
0 0.706073 0.977256 0.0148351 0.011068 0.00160084
0 0.65038 0.944267 0.193998 0.0984806 0.00151719
0 0.51076 0.485739 0.0881864 0.0691753 0.00140032
0 0.0670561 0.777304 0.0111343 0.0142669 0.00137602
0 0.787019 0.678865 0.0130575 0.0125934 0.00122308
0 0.041564 0.0257859 0.012218 0.0170219 0.00113776
0 0.451216 0.500686 0.258187 0.210634 0.00113688
0 0.789323 0.628323 0.213413 0.138139 0.0011015
0 0.0664626 0.774537 0.00752152 0.0134635 0.00107729
0 0.415696 0.881719 0.0119189 0.0241684 0.00107297
0 0.464288 0.526131 0.0433552 0.048409 0.00105414
0 0.589705 0.503729 0.0157656 0.0146883 0.00102701
0 0.519593 0.469555 0.0588675 0.0411501 0.00100194
