0 0.133949 0.507651 0.0313211 0.0323397 0.816364
0 0.475549 0.307113 0.022264 0.0231355 0.696892
0 0.968231 0.921672 0.0358814 0.0370642 0.64196
0 0.0988098 0.484927 0.0150134 0.0146695 0.598658
0 0.473561 0.310503 0.0163013 0.0196157 0.467448
0 0.298271 0.352239 0.0270355 0.028334 0.305066
0 0.484675 0.303926 0.0201659 0.0295503 0.110753
0 0.965477 0.92144 0.0499645 0.0499743 0.0695132
0 0.10001 0.489955 0.0212193 0.023202 0.0671199
0 0.132816 0.514405 0.0261379 0.0271733 0.0655275
0 0.971297 0.924807 0.0263388 0.0289583 0.0649296
0 0.100873 0.487087 0.0285335 0.0203279 0.0503821
0 0.139253 0.508133 0.0305545 0.0251326 0.0486088
0 0.975351 0.913093 0.0293406 0.0524849 0.044515
0 0.481731 0.303401 0.0209372 0.0206769 0.0406054
0 0.477077 0.311522 0.0320119 0.0492278 0.0254602
0 0.472664 0.304557 0.0177516 0.0188798 0.0192428
0 0.203284 0.153983 0.0142196 0.0111359 0.017704
0 0.488573 0.300082 0.0133084 0.0225317 0.0167034
0 0.29782 0.356334 0.0344123 0.0519981 0.0166976
0 0.203611 0.155377 0.010938 0.0159972 0.0140317
0 0.476732 0.31498 0.0237106 0.0268042 0.0109739
0 0.1243 0.495396 0.0254483 0.019404 0.0107928
0 0.968042 0.932978 0.0319582 0.0428049 0.0103462
0 0.951915 0.932175 0.0526436 0.0477333 0.00984009
0 0.134341 0.517264 0.036893 0.0504884 0.00983824
0 0.133346 0.510726 0.0485028 0.034466 0.00939872
0 0.127898 0.511957 0.0232199 0.0400122 0.00912325
0 0.932504 0.941859 0.0183094 0.0278576 0.00910012
0 0.962176 0.917635 0.0689123 0.0977455 0.00821865
0 0.0979606 0.484373 0.020954 0.0230035 0.00714973
0 0.516382 0.183274 0.0104321 0.0137555 0.0067926
0 0.297983 0.357542 0.0224195 0.0291103 0.00665528
0 0.971255 0.907006 0.0418737 0.0659927 0.00665179
0 0.102756 0.4924 0.0379581 0.0559512 0.00566965
0 0.134868 0.520565 0.0262853 0.0390527 0.0055358
0 0.289327 0.931671 0.00939684 0.0313757 0.00537743
0 0.29213 0.354026 0.0234059 0.0297091 0.00500626
0 0.98013 0.901982 0.0241283 0.0430639 0.00491515
0 0.467096 0.310747 0.0195835 0.0213397 0.00486619
0 0.140025 0.520291 0.0194727 0.0226172 0.00469527
0 0.115483 0.487604 0.0370224 0.0273636 0.00465476
0 0.938309 0.94259 0.0261627 0.0279135 0.00439557
0 0.48586 0.30992 0.0301033 0.0326826 0.00423875
0 0.0974359 0.491899 0.0295272 0.0285599 0.00389179
0 0.0919055 0.486168 0.0212856 0.0184384 0.00381075
0 0.953672 0.931049 0.0746038 0.0692972 0.003568
0 0.290847 0.931327 0.0149692 0.0341364 0.00305594
0 0.0965598 0.479235 0.0181947 0.0224643 0.00302538
0 0.11019 0.498795 0.0653926 0.0467101 0.00298808
0 0.948787 0.932417 0.0423298 0.035581 0.00266348
0 0.517729 0.184273 0.00943518 0.0185684 0.00264325
0 0.29216 0.347878 0.0263263 0.0264187 0.00261155
0 0.131877 0.489812 0.0216501 0.0257414 0.0025933
0 0.287874 0.935962 0.013382 0.041325 0.00221044
0 0.10487 0.483145 0.0287727 0.0293777 0.0021923
0 0.968036 0.930952 0.0639277 0.0951046 0.00212199
0 0.4761 0.312682 0.0545322 0.0437994 0.00196399
0 0.925451 0.888494 0.149099 0.223012 0.00188599
0 0.0901866 0.48613 0.0445228 0.0253651 0.00183556
0 0.942912 0.887292 0.0154799 0.0328342 0.00171096
0 0.474017 0.321882 0.0367136 0.0710255 0.00165296
0 0.29623 0.88386 0.00924048 0.0131205 0.00153745
0 0.112085 0.500358 0.0354223 0.0447178 0.00146828
0 0.297652 0.88456 0.0156027 0.0186636 0.00143547
0 0.296152 0.339738 0.0272894 0.0363264 0.00142951
0 0.117203 0.510939 0.0899599 0.11349 0.00142496
0 0.96165 0.933962 0.0282217 0.0390556 0.00141408
0 0.124334 0.513233 0.0655353 0.0476703 0.00140764
0 0.464786 0.310521 0.0436096 0.0264383 0.00137846
0 0.939996 0.874712 0.120009 0.250577 0.00132004
0 0.110714 0.500256 0.0212131 0.0429833 0.00130924
0 0.146561 0.504059 0.0357597 0.032338 0.00129868
0 0.126805 0.519972 0.0431242 0.036006 0.00128713
0 0.985864 0.909268 0.0282724 0.0568592 0.00127098
0 0.979086 0.904673 0.0378853 0.0775856 0.00125399
0 0.299207 0.359023 0.0518079 0.0389218 0.00125137
0 0.0914479 0.488142 0.0304308 0.0222582 0.00123598
0 0.883656 0.538127 0.0371616 0.0488981 0.00122449
0 0.540653 0.372892 0.0087759 0.0111347 0.00118028
0 0.102137 0.478562 0.0187524 0.0289839 0.00111592
0 0.261076 0.0766284 0.0156878 0.00706787 0.00110013
0 0.939677 0.943042 0.0352112 0.039588 0.00109677
0 0.288453 0.933245 0.0247993 0.0533257 0.00108744
0 0.204056 0.159061 0.0133108 0.0227693 0.00107991
0 0.0300624 0.535146 0.00878077 0.0207141 0.00105849
0 0.93352 0.94651 0.0232128 0.0324547 0.00104393
0 0.896121 0.0532651 0.0145458 0.00992026 0.00103238
0 0.103025 0.478772 0.0181453 0.0449232 0.00101582
