0 0.489745 0.498292 0.522344 0.24831 0.707098
0 0.753404 0.382743 0.0208629 0.0141473 0.121961
0 0.503125 0.585801 0.548943 0.41479 0.053654
0 0.585205 0.467126 0.331528 0.202388 0.0169875
0 0.630383 0.451263 0.234563 0.152212 0.0118575
0 0.49091 0.427904 0.640876 0.316421 0.011103
0 0.593587 0.651085 0.812826 0.50828 0.00765726
0 0.75799 0.383933 0.0275459 0.0139673 0.00427025
0 0.752254 0.384178 0.0251948 0.0209039 0.00422607
0 0.825333 0.739695 0.00748062 0.00895681 0.00399395
0 0.886972 0.921841 0.1882 0.125147 0.00377281
0 0.828265 0.740569 0.00959282 0.00710783 0.00321502
0 0.619667 0.450232 0.158629 0.185462 0.00315518
0 0.568767 0.456169 0.159718 0.206128 0.00251358
0 0.828563 0.741392 0.00720272 0.0115232 0.00236785
0 0.389656 0.153984 0.0243316 0.0151878 0.00219617
0 0.0667825 0.672506 0.00790883 0.00934172 0.00204532
0 0.294276 0.59555 0.116202 0.0677783 0.00204193
0 0.512748 0.472635 0.354529 0.24383 0.00197265
0 0.0645194 0.672706 0.0104541 0.010497 0.00177408
0 0.594072 0.542647 0.779239 0.393385 0.00171063
0 0.827628 0.740466 0.0149382 0.0139317 0.00168771
0 0.0655012 0.672855 0.0154241 0.0179639 0.00149121
0 0.454286 0.362866 0.766411 0.447305 0.00145064
0 0.89059 0.861908 0.184441 0.178428 0.00139571
0 0.957071 0.958749 0.0721006 0.070858 0.00128747
0 0.387518 0.154136 0.0181064 0.0120317 0.00125765
0 0.375683 0.561442 0.315747 0.186893 0.00121239
0 0.67197 0.446013 0.181741 0.124553 0.00119289
0 0.0660658 0.675454 0.0120829 0.0118938 0.00116545
0 0.82559 0.740054 0.00895329 0.0130934 0.00109278
