0 0.499568 0.504643 0.0261003 0.0807522 0.710939
0 0.501138 0.488689 0.0228001 0.0579861 0.0377705
0 0.509488 0.50451 0.0398608 0.0746227 0.0271909
0 0.497971 0.508479 0.0429314 0.0843595 0.0159153
0 0.50055 0.5249 0.0144641 0.0441935 0.0139056
0 0.503343 0.524722 0.0123636 0.038383 0.0133917
0 0.499682 0.520241 0.02044 0.050253 0.0125301
0 0.521462 0.642641 0.00926352 0.00909691 0.0112724
0 0.522181 0.642592 0.0122639 0.0125295 0.00593688
0 0.501958 0.504689 0.0677047 0.121182 0.00564412
0 0.502165 0.475166 0.0222496 0.0228405 0.0055636
0 0.491664 0.504538 0.0308896 0.0687772 0.00491784
0 0.253144 0.49384 0.00841546 0.0108577 0.00440545
0 0.574495 0.896205 0.0838433 0.111433 0.00421775
0 0.552135 0.423306 0.0128627 0.0106391 0.00406744
0 0.502074 0.518998 0.0199658 0.0721173 0.00402389
0 0.50391 0.53606 0.011025 0.0263045 0.00332857
0 0.252819 0.495039 0.00958886 0.015943 0.00329668
0 0.0259207 0.698216 0.0135116 0.0235058 0.00325263
0 0.250636 0.493224 0.00673299 0.0137471 0.00315077
0 0.51815 0.509134 0.039433 0.0703995 0.00306446
0 0.523266 0.641639 0.0120176 0.0078824 0.00292357
0 0.499097 0.480169 0.0189419 0.0394468 0.00286151
0 0.938064 0.92325 0.109786 0.153499 0.00214889
0 0.0269088 0.695767 0.022927 0.0238282 0.00206211
0 0.253801 0.492947 0.0137574 0.0171768 0.00205416
0 0.481759 0.509816 0.0425611 0.0782603 0.00201498
0 0.553269 0.425591 0.016499 0.0102301 0.00191339
0 0.749172 0.731427 0.141757 0.209317 0.00189415
0 0.554297 0.424327 0.0175074 0.0176951 0.00174179
0 0.661217 0.849649 0.121762 0.196243 0.00172562
0 0.493383 0.496959 0.201835 0.241835 0.00156696
0 0.521281 0.498133 0.058768 0.09591 0.0014595
0 0.95784 0.962635 0.0689507 0.0632107 0.00139362
0 0.755134 0.739024 0.305118 0.278655 0.00137723
0 0.654189 0.850795 0.321186 0.277328 0.00123235
0 0.500253 0.536895 0.0121313 0.0284853 0.00116797
0 0.428086 0.942576 0.0100189 0.010466 0.00106858
