0 0.475801 0.534383 0.137009 0.156791 0.706042
0 0.498244 0.514578 0.0866477 0.111373 0.59137
0 0.452816 0.576291 0.0150537 0.0287275 0.308757
0 0.502635 0.500936 0.0703256 0.0738251 0.0809203
0 0.460606 0.560484 0.147284 0.159394 0.0798158
0 0.450867 0.582787 0.0222714 0.0466832 0.0715995
0 0.453254 0.577895 0.0245319 0.032744 0.0614641
0 0.497054 0.539632 0.0957651 0.126399 0.0568362
0 0.451797 0.584857 0.0159032 0.0599135 0.0378155
0 0.489381 0.507028 0.071244 0.0823284 0.0321466
0 0.450673 0.56628 0.0758271 0.0746455 0.0233794
0 0.451157 0.583795 0.0361638 0.0804674 0.0177226
0 0.431221 0.602588 0.0625147 0.0781688 0.0154601
0 0.455838 0.559087 0.0994536 0.114808 0.0136596
0 0.518665 0.509861 0.178639 0.19441 0.0127999
0 0.475416 0.527985 0.0744729 0.11664 0.0111705
0 0.461378 0.570863 0.0510965 0.0472754 0.0082526
0 0.458841 0.579008 0.0208402 0.0315105 0.00705638
0 0.460611 0.57006 0.0280251 0.0340137 0.00667943
0 0.459025 0.579487 0.0401421 0.0454681 0.00648623
0 0.514041 0.494824 0.0537226 0.0622412 0.00646765
0 0.48793 0.506144 0.055083 0.0629287 0.00452088
0 0.430351 0.545229 0.216462 0.187393 0.00440275
0 0.420211 0.617833 0.0487954 0.0506432 0.00378103
0 0.495974 0.521682 0.0584905 0.0567465 0.00373292
0 0.477572 0.519146 0.0595352 0.0645996 0.00322069
0 0.594822 0.552223 0.0177233 0.00998497 0.00311249
0 0.528392 0.509446 0.0192303 0.0327692 0.00280173
0 0.481413 0.939281 0.00836067 0.00982628 0.0027513
0 0.455411 0.597023 0.0979723 0.122475 0.00271124
0 0.514573 0.512353 0.0652306 0.0933777 0.00262264
0 0.508882 0.482754 0.0614833 0.0526134 0.00240959
0 0.431904 0.591214 0.0955059 0.120282 0.00234671
0 0.495863 0.475885 0.219934 0.207148 0.0022863
0 0.764758 0.0205892 0.0118937 0.00923172 0.00198567
0 0.4819 0.940527 0.0118817 0.0140242 0.00190785
0 0.48345 0.937792 0.00734072 0.0106224 0.00189954
0 0.597509 0.551403 0.021076 0.00683651 0.00182541
0 0.482447 0.566707 0.129979 0.109778 0.00171571
0 0.41855 0.632394 0.0268951 0.0222595 0.00169874
0 0.56294 0.639262 0.0125768 0.0165944 0.00166493
0 0.713149 0.531476 0.0567357 0.0877657 0.00166354
0 0.720828 0.527148 0.0437607 0.158325 0.00147529
0 0.478566 0.604822 0.177129 0.219688 0.00142501
0 0.387089 0.828739 0.103625 0.149252 0.00128018
0 0.705408 0.536252 0.0803443 0.185645 0.00121833
0 0.427084 0.623361 0.0559337 0.0679836 0.00121499
0 0.424837 0.628174 0.0420539 0.0448515 0.00120194
0 0.435542 0.582198 0.0654416 0.0736693 0.00119519
0 0.481945 0.938437 0.0165518 0.0213114 0.00116978
0 0.383133 0.807561 0.0514794 0.170235 0.00114716
0 0.763232 0.019228 0.00813789 0.0145384 0.00108203
0 0.442872 0.599675 0.0426227 0.0685942 0.00102206
0 0.58786 0.552257 0.0295975 0.0089117 0.00101442
0 0.445878 0.216983 0.113184 0.159578 0.00101434
0 0.76467 0.0200433 0.0139455 0.0161469 0.00101105
0 0.598363 0.553133 0.0210623 0.0113118 0.00100053
