0 0.501127 0.499809 0.207972 0.0424605 0.610502
0 0.21498 0.89449 0.0689301 0.0812504 0.246731
0 0.498292 0.50148 0.233296 0.0838278 0.116848
0 0.531809 0.498345 0.161332 0.0337253 0.0864065
0 0.563415 0.493633 0.0872013 0.0234389 0.0604031
0 0.415288 0.509737 0.0265089 0.0165999 0.0458735
0 0.493706 0.50026 0.248529 0.166198 0.0350126
0 0.472103 0.502463 0.14472 0.032929 0.0285017
0 0.492777 0.477687 0.211346 0.0734562 0.0250082
0 0.650093 0.9549 0.0886733 0.0687096 0.0144933
0 0.505025 0.490272 0.182272 0.0504174 0.0111084
0 0.432564 0.505617 0.0851458 0.02771 0.00967685
0 0.492628 0.518617 0.196972 0.0743073 0.00944996
0 0.691333 0.363008 0.0099494 0.0149058 0.00923411
0 0.234888 0.89809 0.189048 0.192972 0.00798185
0 0.563427 0.493221 0.0593178 0.019524 0.00783326
0 0.505353 0.575078 0.20138 0.21567 0.00573158
0 0.559477 0.498593 0.10379 0.0617726 0.00566826
0 0.415462 0.510833 0.0323598 0.0243299 0.00509414
0 0.476946 0.511583 0.197172 0.0439947 0.00499983
0 0.73374 0.892638 0.0172677 0.0113581 0.00471187
0 0.51741 0.637657 0.0214371 0.0150224 0.00467536
0 0.197843 0.870123 0.209589 0.174916 0.00464556
0 0.489045 0.446419 0.204411 0.135116 0.00457389
0 0.516337 0.46836 0.266753 0.110763 0.00445693
0 0.504155 0.498535 0.0904607 0.0449061 0.00436663
0 0.547337 0.489913 0.0984281 0.0225378 0.00410653
0 0.520139 0.509947 0.210685 0.0518691 0.00407717
0 0.22513 0.906185 0.066468 0.0791353 0.00388342
0 0.42392 0.506701 0.0414016 0.0205914 0.00384287
0 0.692329 0.363908 0.0177563 0.01741 0.00372816
0 0.692844 0.365165 0.00914478 0.0134406 0.00359365
0 0.0350631 0.962997 0.0534746 0.0543087 0.00354757
0 0.500365 0.417683 0.270414 0.193707 0.00302376
0 0.51815 0.497749 0.0906307 0.0350327 0.00285186
0 0.224976 0.88451 0.0966015 0.118386 0.00282072
0 0.410619 0.505153 0.387294 0.0893971 0.00273758
0 0.407591 0.534749 0.387473 0.126102 0.00248997
0 0.518762 0.456292 0.295705 0.167706 0.0021028
0 0.884799 0.577854 0.0847233 0.125063 0.00205472
0 0.414979 0.508889 0.0610617 0.0210815 0.00200562
0 0.403579 0.546058 0.449062 0.194646 0.00200459
0 0.652865 0.9529 0.132404 0.0839857 0.00173935
0 0.054236 0.443084 0.0581415 0.02679 0.00164455
0 0.275142 0.461227 0.0409002 0.0334479 0.00159801
0 0.479443 0.500132 0.0866757 0.0349505 0.00154471
0 0.203862 0.904827 0.0779409 0.0928978 0.00149975
0 0.576195 0.498342 0.103981 0.0275965 0.00146599
0 0.534458 0.490562 0.141387 0.0288835 0.00145214
0 0.40304 0.502993 0.463577 0.1442 0.0013852
0 0.566826 0.50483 0.16095 0.0813888 0.00130208
0 0.283628 0.0269632 0.033059 0.0409022 0.00123861
0 0.197191 0.920214 0.229082 0.159572 0.00123319
0 0.498674 0.367177 0.3657 0.304128 0.00120646
0 0.409154 0.513795 0.0289295 0.0254066 0.00120502
0 0.28033 0.0393729 0.0463185 0.067505 0.00115554
0 0.534289 0.593243 0.346544 0.21581 0.00115426
0 0.274041 0.494097 0.0743355 0.100794 0.00114741
0 0.962556 0.965918 0.0589195 0.0524841 0.00112615
0 0.216857 0.917663 0.0783814 0.117051 0.00112323
0 0.472697 0.47108 0.139461 0.0828038 0.00111583
0 0.438425 0.508291 0.120614 0.0486019 0.00110119
0 0.283555 0.0223561 0.0239901 0.0355441 0.00108292
0 0.271699 0.037695 0.0758473 0.0684869 0.00107174
0 0.95238 0.491183 0.090769 0.183083 0.00105793
0 0.444784 0.500962 0.0992602 0.034237 0.00103721
0 0.559351 0.484399 0.128744 0.0342944 0.00103416
0 0.507806 0.550548 0.155195 0.143925 0.00103321
0 0.630119 0.845183 0.031146 0.0650179 0.00102784
0 0.249632 0.893694 0.16197 0.10987 0.00102753
0 0.407905 0.511388 0.0876799 0.032028 0.00101171
