0 0.348665 0.506927 0.301924 0.246288 0.833398
0 0.86945 0.42092 0.125066 0.0652786 0.59003
0 0.888578 0.416569 0.177642 0.0777624 0.560044
0 0.143381 0.180516 0.014344 0.0272559 0.34117
0 0.921608 0.413211 0.156783 0.087353 0.162772
0 0.0196736 0.711966 0.0162953 0.0421694 0.135348
0 0.977293 0.385639 0.0370153 0.0298026 0.117553
0 0.0247418 0.290013 0.0119861 0.0207373 0.102142
0 0.341766 0.526288 0.169563 0.275964 0.099716
0 0.024057 0.661218 0.0125802 0.0447646 0.0802542
0 0.894779 0.423731 0.0815922 0.0569801 0.0688164
0 0.891139 0.406036 0.206327 0.145494 0.0651058
0 0.0260361 0.659065 0.0138972 0.0347325 0.0472368
0 0.405616 0.953804 0.0451703 0.0321026 0.0467273
0 0.169614 0.683251 0.0181174 0.0393623 0.045092
0 0.194899 0.387787 0.0155309 0.0298375 0.0437244
0 0.142539 0.181514 0.0216455 0.0329725 0.0406906
0 0.784711 0.972113 0.0105654 0.0128994 0.0372338
0 0.190487 0.779845 0.0301125 0.0354471 0.030787
0 0.0149552 0.130154 0.0159529 0.0349427 0.0300233
0 0.149445 0.753446 0.0263493 0.0302176 0.02968
0 0.0358261 0.761908 0.019016 0.0471528 0.0258741
0 0.204539 0.392901 0.0375811 0.0384412 0.0235261
0 0.0186508 0.710986 0.0232481 0.0515974 0.0222487
0 0.0223752 0.705337 0.0158042 0.0446744 0.0222239
0 0.855968 0.43847 0.202168 0.163341 0.0207247
0 0.0175672 0.138717 0.0153801 0.0530492 0.019756
0 0.171696 0.68251 0.0221102 0.0255681 0.0195745
0 0.323175 0.573381 0.0127102 0.0327475 0.0191965
0 0.785889 0.971985 0.0149014 0.0170284 0.0180901
0 0.32168 0.571794 0.0090374 0.0260094 0.0179698
0 0.0125565 0.0168281 0.0140067 0.0198508 0.016394
0 0.255541 0.701537 0.511083 0.596926 0.0145492
0 0.912071 0.418335 0.0614403 0.070005 0.0144998
0 0.225294 0.824405 0.0118439 0.019458 0.0139402
0 0.199671 0.38823 0.0281518 0.0328581 0.0130494
0 0.0244197 0.659801 0.0189657 0.0498547 0.0111453
0 0.840228 0.414368 0.154235 0.0651117 0.010826
0 0.114036 0.193224 0.0119334 0.0136664 0.0106688
0 0.0220806 0.293903 0.0168479 0.0236269 0.00935537
0 0.0157804 0.616375 0.0220564 0.0602304 0.00917588
0 0.891092 0.418216 0.0572031 0.0574152 0.00906416
0 0.0293453 0.754909 0.0190465 0.0514787 0.00899784
0 0.902798 0.421067 0.0500263 0.0465815 0.0089117
0 0.878119 0.41209 0.0596155 0.065044 0.00871511
0 0.90273 0.434292 0.0803391 0.0495202 0.00835396
0 0.585394 0.609492 0.829213 0.516558 0.00818016
0 0.350521 0.585874 0.375972 0.479959 0.00798786
0 0.111446 0.194183 0.0178179 0.0166265 0.00776718
0 0.0171068 0.716805 0.0152051 0.0422193 0.00775747
0 0.9617 0.405479 0.0759895 0.0663203 0.00735385
0 0.0208278 0.653528 0.0196409 0.0630338 0.0072694
0 0.323557 0.571103 0.0168412 0.0226969 0.0072622
0 0.226707 0.822849 0.0184647 0.016431 0.00705703
0 0.890948 0.373563 0.186978 0.148884 0.00685796
0 0.0226679 0.70285 0.026063 0.0539961 0.00675932
0 0.880601 0.434469 0.115952 0.0729571 0.00638309
0 0.1436 0.184373 0.0270844 0.0497514 0.00607335
0 0.0201838 0.640658 0.0230293 0.109451 0.00582313
0 0.21461 0.394598 0.046126 0.0346907 0.00554775
0 0.973431 0.382044 0.0504316 0.0326441 0.00529036
0 0.892935 0.434671 0.0589764 0.0387292 0.00525944
0 0.135001 0.187863 0.0171284 0.0240845 0.00523205
0 0.0265273 0.672203 0.0106637 0.033569 0.00518284
0 0.298883 0.961697 0.0299626 0.0187237 0.00517567
0 0.173902 0.673319 0.0176439 0.0189551 0.0050337
0 0.969833 0.392918 0.0603045 0.0460825 0.00498094
0 0.109431 0.682077 0.0235219 0.0320158 0.00496909
0 0.405626 0.951675 0.0532154 0.0484684 0.00496571
0 0.909479 0.435039 0.181041 0.172618 0.00494375
0 0.976706 0.392925 0.0322262 0.0400022 0.00488116
0 0.395652 0.701825 0.64484 0.560904 0.0047443
0 0.0174833 0.138445 0.0250925 0.0505006 0.00472129
0 0.223853 0.830084 0.012203 0.0199467 0.00468612
0 0.326473 0.575491 0.0159738 0.017472 0.00458947
0 0.0200029 0.148232 0.0163015 0.0548687 0.00457559
0 0.328915 0.573792 0.0204501 0.0267145 0.0044603
0 0.985648 0.481539 0.0267908 0.0316984 0.00444251
0 0.108598 0.683452 0.0257062 0.0498642 0.00443818
0 0.977407 0.391655 0.0451851 0.0610558 0.00438452
0 0.381114 0.475953 0.43853 0.324433 0.00426409
0 0.133501 0.187833 0.0104847 0.0275291 0.00420322
0 0.347535 0.565388 0.183676 0.106714 0.00397834
0 0.931766 0.417782 0.088579 0.0753287 0.00393402
0 0.0260546 0.663771 0.0259703 0.0672924 0.00392511
0 0.191914 0.785959 0.0495496 0.0487438 0.00390019
0 0.170047 0.685686 0.0334559 0.0564323 0.00387404
0 0.0220669 0.15189 0.0114024 0.0422394 0.00375322
0 0.0213134 0.721336 0.016061 0.0513563 0.00371301
0 0.538596 0.500959 0.813973 0.479875 0.00369636
0 0.331865 0.579484 0.0134936 0.0324391 0.00357909
0 0.978311 0.498017 0.040699 0.0484259 0.00356055
0 0.388882 0.940937 0.0822891 0.0559542 0.00353739
0 0.0323102 0.759403 0.0267544 0.0611587 0.00340327
0 0.415747 0.0711716 0.0161894 0.0145346 0.00339522
0 0.836406 0.416191 0.18448 0.095171 0.00333158
0 0.161633 0.704859 0.0297022 0.0770908 0.00325565
0 0.834839 0.407464 0.0917755 0.048912 0.00321856
0 0.23702 0.847082 0.474041 0.27753 0.00308402
0 0.903256 0.477687 0.184086 0.19714 0.00308356
0 0.0177198 0.616034 0.0295524 0.0933928 0.00301891
0 0.0199866 0.724235 0.0235928 0.0772571 0.00300572
0 0.956606 0.42995 0.0867888 0.110032 0.00294938
0 0.36137 0.581366 0.279229 0.331543 0.00290569
0 0.192005 0.391581 0.0173892 0.0317124 0.00288266
0 0.192429 0.384224 0.0131177 0.0252806 0.00285516
0 0.960781 0.958073 0.0615143 0.0698195 0.0028339
0 0.00967478 0.341793 0.0154111 0.0140451 0.00282149
0 0.989 0.476634 0.0186438 0.0360363 0.00278927
0 0.295725 0.959401 0.0175963 0.0145309 0.0027798
0 0.845142 0.403916 0.119002 0.0681977 0.00277099
0 0.626323 0.640086 0.0360847 0.0145696 0.00275058
0 0.929634 0.449059 0.140732 0.152976 0.00268953
0 0.0224877 0.291007 0.0231789 0.0267568 0.00257324
0 0.150316 0.745145 0.0356637 0.0679662 0.00255947
0 0.0227759 0.673482 0.0131237 0.064861 0.0024343
0 0.0240152 0.296496 0.0101238 0.0247682 0.00239442
0 0.0305941 0.752651 0.0122179 0.0444831 0.00237868
0 0.141042 0.175193 0.0140354 0.0225397 0.00235686
0 0.212872 0.396807 0.0580233 0.0518938 0.00235428
0 0.870067 0.421173 0.0593046 0.0650848 0.00229592
0 0.463745 0.985676 0.00737562 0.0180449 0.00228513
0 0.321715 0.579971 0.0272967 0.0372611 0.00226119
0 0.332254 0.579039 0.0247052 0.0321944 0.00225572
0 0.86628 0.445618 0.142188 0.137935 0.00220038
0 0.309405 0.466637 0.265326 0.198929 0.00218263
0 0.895962 0.317556 0.208075 0.225581 0.00216094
0 0.160096 0.707767 0.0426414 0.104647 0.00210525
0 0.123867 0.191234 0.0283733 0.0292821 0.00206787
0 0.117822 0.190308 0.0173634 0.0216413 0.00205664
0 0.104454 0.680178 0.0171569 0.047474 0.00200611
0 0.0410898 0.762928 0.0213689 0.0407353 0.00199132
0 0.559478 0.643146 0.631927 0.414204 0.00198584
0 0.93101 0.37871 0.137336 0.0875198 0.00198475
0 0.923096 0.436357 0.153807 0.0944158 0.00196696
0 0.377379 0.935824 0.116848 0.0715149 0.0019548
0 0.292078 0.958217 0.0148173 0.011414 0.00195242
0 0.960146 0.393303 0.055925 0.0256799 0.00193764
0 0.464131 0.990061 0.00768385 0.0169409 0.00193455
0 0.221905 0.607754 0.44381 0.499153 0.00192611
0 0.0123087 0.0192806 0.0187723 0.0312533 0.00181377
0 0.317284 0.571752 0.0159124 0.0235231 0.00180592
0 0.465492 0.985214 0.010715 0.0125765 0.00178188
0 0.412321 0.958292 0.16102 0.0458067 0.00176465
0 0.447483 0.457972 0.707799 0.359226 0.00176125
0 0.856009 0.411255 0.0844097 0.0645683 0.00170849
0 0.0183182 0.606279 0.026214 0.0547113 0.00169488
0 0.962704 0.386463 0.0602278 0.0341459 0.00168219
0 0.98513 0.471224 0.0236877 0.0721396 0.0016768
0 0.147459 0.757844 0.0417547 0.0569233 0.0016562
0 0.0148689 0.122884 0.0137977 0.0266918 0.00163049
0 0.1396 0.190405 0.0191517 0.0266284 0.00162702
0 0.972821 0.380574 0.0543583 0.0564361 0.00161769
0 0.984972 0.443622 0.0230396 0.100298 0.00161536
0 0.101893 0.193204 0.0154959 0.0179118 0.00161382
0 0.971426 0.456534 0.0571479 0.136816 0.00160783
0 0.30418 0.965907 0.0327433 0.0194069 0.00156516
0 0.263605 0.548232 0.50974 0.362962 0.00156023
0 0.021653 0.649906 0.0113778 0.0335796 0.0015589
0 0.900488 0.409672 0.0602308 0.074199 0.00152634
0 0.20733 0.552054 0.0259145 0.0263444 0.00149099
0 0.782115 0.971811 0.0165425 0.024139 0.0014781
0 0.18301 0.778673 0.0350551 0.0288265 0.00145843
0 0.909037 0.548245 0.181927 0.330838 0.00145343
0 0.0646524 0.145199 0.0133474 0.0241871 0.0014366
0 0.888079 0.444761 0.148158 0.103761 0.00139156
0 0.821364 0.406062 0.285897 0.17904 0.0013842
0 0.549233 0.544934 0.619496 0.366779 0.00136599
0 0.341783 0.915525 0.170986 0.109867 0.00135293
0 0.0672226 0.150251 0.0144668 0.0346843 0.00134436
0 0.949688 0.39728 0.0910149 0.0361979 0.00133866
0 0.417199 0.0734445 0.0230292 0.0183539 0.00131625
0 0.182763 0.775284 0.0490698 0.043512 0.00131512
0 0.146564 0.187176 0.0150443 0.0333448 0.00131421
0 0.108072 0.190721 0.0215278 0.0237409 0.00130152
0 0.590587 0.934295 0.075936 0.0221775 0.00128861
0 0.581758 0.930978 0.0560929 0.01877 0.00128675
0 0.0166444 0.0157406 0.0239209 0.0294107 0.00126755
0 0.164647 0.689654 0.0214673 0.0440029 0.00124942
0 0.218874 0.845082 0.00921588 0.0136587 0.00124554
0 0.552334 0.743022 0.868558 0.513957 0.00123434
0 0.435877 0.530612 0.592111 0.294231 0.00122902
0 0.285295 0.839255 0.279395 0.256014 0.00122584
0 0.830878 0.434343 0.230102 0.101426 0.00121505
0 0.869187 0.402347 0.0908289 0.0915254 0.00119441
0 0.0273973 0.675003 0.0110862 0.0541028 0.00118807
0 0.505495 0.927298 0.720871 0.145404 0.00117464
0 0.328026 0.0327199 0.00846682 0.0159147 0.0011575
0 0.31762 0.573539 0.0393564 0.050474 0.00114352
0 0.631052 0.941177 0.157987 0.0352932 0.00110627
0 0.502889 0.948015 0.567175 0.103971 0.00106296
0 0.984899 0.389645 0.0302023 0.0295043 0.00105179
0 0.0269612 0.681956 0.0314519 0.153317 0.00104247
0 0.0189371 0.0157554 0.0378741 0.0315108 0.00102294
0 0.988964 0.489835 0.0207878 0.0452252 0.00101904
0 0.98004 0.441029 0.0338953 0.125197 0.00101586
0 0.025642 0.364868 0.0382335 0.0466392 0.0010134
0 0.107978 0.687384 0.0382917 0.105146 0.00100857
0 0.301594 0.799858 0.576651 0.397485 0.00100273
