0 0.501301 0.501316 0.02158 0.0271937 0.728572
0 0.413167 0.340068 0.0125929 0.0229801 0.262474
0 0.0151568 0.552374 0.0281292 0.0217582 0.136514
0 0.501811 0.507974 0.0186728 0.0303775 0.0361473
0 0.500684 0.50525 0.0270741 0.0499106 0.0346837
0 0.46211 0.46297 0.0115806 0.0205724 0.0197413
0 0.410818 0.339965 0.0208206 0.0253848 0.0145118
0 0.0156632 0.559792 0.0280836 0.0307108 0.0102667
0 0.0133386 0.550982 0.0209736 0.0170476 0.00940869
0 0.0214256 0.552967 0.0401611 0.0252767 0.00932473
0 0.291308 0.0262199 0.0136185 0.0270176 0.00849363
0 0.416378 0.340762 0.0260429 0.0271617 0.00771433
0 0.616718 0.553146 0.013934 0.0127654 0.00657713
0 0.509014 0.501761 0.0298291 0.0289458 0.00620444
0 0.411923 0.346046 0.016071 0.0249589 0.0052855
0 0.0174328 0.56076 0.0348656 0.0594259 0.00454819
0 0.415947 0.345624 0.0168752 0.023092 0.00398696
0 0.0053441 0.0106225 0.0106882 0.015951 0.0037283
0 0.29109 0.0272469 0.0205891 0.0341613 0.0029298
0 0.0111709 0.561825 0.0223418 0.0379965 0.00283641
0 0.288427 0.0218873 0.0232106 0.0292237 0.00251085
0 0.414872 0.341882 0.0302957 0.0576507 0.0023288
0 0.503212 0.491015 0.0240969 0.0314893 0.00228768
0 0.00464574 0.0137537 0.00929148 0.0260915 0.00210747
0 0.988494 0.121615 0.0173079 0.0317869 0.00206205
0 0.990662 0.126609 0.0168032 0.0278572 0.00199921
0 0.460846 0.46491 0.0164867 0.02408 0.00194084
0 0.401147 0.342241 0.0180774 0.0253295 0.00192484
0 0.677159 0.417389 0.0124489 0.0165241 0.00183973
0 0.228702 0.958244 0.0069509 0.015052 0.00180556
0 0.851742 0.434044 0.00471554 0.0168216 0.00174083
0 0.637126 0.021722 0.0209434 0.0196254 0.00164095
0 0.637352 0.0298127 0.0204582 0.0172999 0.0016258
0 0.401047 0.339453 0.0251904 0.0241269 0.00148385
0 0.677033 0.410349 0.00997286 0.0204955 0.00145553
0 0.677567 0.414373 0.0148359 0.030392 0.00144291
0 0.97297 0.944047 0.0540609 0.111906 0.00135822
0 0.410872 0.333577 0.0284132 0.0401475 0.00134517
0 0.530152 0.244405 0.0216303 0.0189699 0.00132888
0 0.503324 0.520593 0.0293537 0.0470003 0.00131364
0 0.932053 0.470739 0.0072382 0.0162645 0.0012558
0 0.0221098 0.716414 0.0385778 0.0785953 0.00122099
0 0.460388 0.46353 0.0244467 0.0306643 0.00120725
0 0.616393 0.789141 0.0176631 0.0486448 0.00116348
0 0.0231672 0.766586 0.0347859 0.078781 0.00115494
0 0.497128 0.525907 0.0342595 0.0510738 0.00114772
0 0.544783 0.0101277 0.0191485 0.012676 0.0011362
0 0.911028 0.00420028 0.0175035 0.00808951 0.00112803
0 0.675067 0.419099 0.0132794 0.0244989 0.0010782
0 0.989453 0.125621 0.0210931 0.0328947 0.00107644
0 0.0131121 0.557987 0.0262242 0.044146 0.00104427
0 0.0238042 0.550367 0.0476083 0.0637043 0.00103678
0 0.662562 0.591133 0.0127804 0.018794 0.00103502
0 0.227575 0.963892 0.00831685 0.0128237 0.00100716
0 0.736589 0.194718 0.0064023 0.0286051 0.00100372
