0 0.86225 0.0612306 0.0913872 0.0672688 0.794674
0 0.846732 0.93674 0.0418222 0.0376801 0.709978
0 0.270418 0.604124 0.187922 0.186008 0.694498
0 0.452396 0.941905 0.017691 0.044076 0.603038
0 0.436227 0.82979 0.013095 0.0412464 0.418242
0 0.273491 0.557548 0.185396 0.0916805 0.33326
0 0.851373 0.946126 0.0512156 0.0616758 0.261519
0 0.142568 0.443564 0.0160172 0.0275516 0.161931
0 0.840859 0.933029 0.0347345 0.0314198 0.146392
0 0.281251 0.544219 0.155366 0.0660347 0.14165
0 0.435724 0.832504 0.0203545 0.0524933 0.114759
0 0.828285 0.0657066 0.0246309 0.0332125 0.0990828
0 0.448798 0.945248 0.0202136 0.0427843 0.0899929
0 0.861523 0.0601432 0.059334 0.0557479 0.0810196
0 0.85021 0.0739496 0.070929 0.0609433 0.0469475
0 0.14199 0.444281 0.0244868 0.0312009 0.0440156
0 0.849951 0.0727084 0.154895 0.145417 0.0370816
0 0.457671 0.943092 0.0216031 0.0382387 0.0338288
0 0.439379 0.835145 0.016455 0.0391134 0.0337741
0 0.851038 0.950695 0.0687525 0.0859133 0.0279831
0 0.868566 0.0894933 0.0833652 0.116323 0.0240099
0 0.854828 0.96001 0.0476614 0.0729652 0.0234811
0 0.436188 0.846416 0.0145678 0.0540846 0.0218415
0 0.829337 0.0626371 0.0246367 0.0198084 0.0216436
0 0.831549 0.0722103 0.0305241 0.0360698 0.0177275
0 0.452555 0.933066 0.0201967 0.0440502 0.0164675
0 0.258394 0.580923 0.174026 0.124539 0.0160009
0 0.850505 0.0588685 0.0719755 0.0401745 0.0141635
0 0.193796 0.617867 0.023165 0.0562737 0.0138814
0 0.86257 0.950895 0.0419935 0.0585848 0.0130513
0 0.877415 0.0529386 0.0680975 0.0564254 0.0121114
0 0.438667 0.850309 0.010932 0.0359184 0.0116716
0 0.281422 0.648852 0.196081 0.224254 0.0112601
0 0.140333 0.436204 0.0162301 0.0340709 0.0112432
0 0.84625 0.0691805 0.05308 0.0457507 0.0103325
0 0.834089 0.935535 0.0354458 0.0325151 0.00963211
0 0.436487 0.8446 0.0225259 0.0649965 0.00938534
0 0.44561 0.886909 0.0358315 0.133023 0.00830311
0 0.447594 0.918817 0.0256742 0.0885468 0.0082063
0 0.142549 0.447953 0.0304859 0.0543172 0.00811609
0 0.441187 0.839301 0.0263976 0.0613848 0.00678179
0 0.878587 0.0881725 0.169363 0.176345 0.00673249
0 0.894778 0.0347162 0.0216175 0.0162562 0.00645708
0 0.283577 0.529903 0.235508 0.15696 0.00620899
0 0.824531 0.0739145 0.0293119 0.0296503 0.00580817
0 0.841303 0.0609105 0.0700333 0.0611476 0.00575092
0 0.859808 0.935995 0.0518444 0.0528021 0.00522908
0 0.194953 0.599532 0.0319065 0.0959216 0.00520216
0 0.843424 0.907804 0.188187 0.184393 0.00507169
0 0.866413 0.961178 0.0258518 0.0417704 0.00483376
0 0.889628 0.0564083 0.0437874 0.0633508 0.00434011
0 0.837353 0.927962 0.0225769 0.0236109 0.0042464
0 0.893336 0.043128 0.0269449 0.0372997 0.00408537
0 0.453192 0.930869 0.0272881 0.067861 0.00398811
0 0.442942 0.901916 0.0546494 0.137696 0.00382888
0 0.878034 0.103567 0.0573854 0.104242 0.00370949
0 0.233053 0.59655 0.133998 0.161388 0.00369478
0 0.446853 0.916971 0.0359653 0.106146 0.0035582
0 0.192896 0.627599 0.0179901 0.0486478 0.00349911
0 0.851347 0.929303 0.0368662 0.0476263 0.00328542
0 0.201762 0.61088 0.0388556 0.107735 0.00322228
0 0.902695 0.0837605 0.0155109 0.0281746 0.00321201
0 0.254044 0.627896 0.130565 0.203576 0.00319822
0 0.870246 0.943889 0.0842236 0.0657648 0.00316166
0 0.214446 0.608925 0.0652497 0.130887 0.00301366
0 0.857717 0.0419182 0.0995331 0.0659686 0.00299591
0 0.219726 0.589522 0.0837719 0.108976 0.00290057
0 0.13963 0.42335 0.0156047 0.031381 0.0028555
0 0.440953 0.943465 0.0393028 0.0550425 0.00264715
0 0.283523 0.541833 0.0956474 0.0519147 0.00253943
0 0.143944 0.450113 0.0245338 0.030659 0.00247238
0 0.284251 0.681499 0.241664 0.383151 0.00241194
0 0.444442 0.861703 0.0298487 0.103019 0.00241051
0 0.893671 0.0651122 0.034486 0.0483036 0.00239962
0 0.13429 0.442816 0.0259641 0.0332626 0.00238388
0 0.442017 0.863857 0.0646294 0.139784 0.00228966
0 0.431304 0.85574 0.0285233 0.0692429 0.0022397
0 0.828568 0.0701527 0.0399797 0.0520043 0.00221505
0 0.440841 0.825593 0.0267801 0.0478033 0.00215415
0 0.899056 0.077268 0.0188982 0.0386149 0.00213916
0 0.430423 0.845233 0.0562609 0.0878439 0.00203858
0 0.442279 0.864339 0.0240526 0.0649408 0.00202301
0 0.446846 0.89716 0.0814973 0.186136 0.00200808
0 0.851378 0.100023 0.0831976 0.110355 0.00192839
0 0.326329 0.842281 0.00959535 0.0175238 0.00192179
0 0.328375 0.844307 0.00848732 0.0194601 0.00191634
0 0.319276 0.607924 0.298813 0.248265 0.00189652
0 0.808928 0.926035 0.19186 0.147931 0.00189056
0 0.846912 0.959371 0.0478321 0.0589209 0.00188229
0 0.757857 0.250488 0.063506 0.0506605 0.0018582
0 0.325563 0.844207 0.0133189 0.0158703 0.00179393
0 0.30965 0.548519 0.156494 0.0891052 0.00173327
0 0.835179 0.0856854 0.0494287 0.0453644 0.00169959
0 0.432486 0.823572 0.027722 0.0502497 0.00162521
0 0.828704 0.952508 0.0746063 0.0636471 0.00161435
0 0.139055 0.431033 0.0267678 0.0465276 0.00160754
0 0.837012 0.062903 0.0973225 0.104217 0.00158769
0 0.8343 0.939909 0.0485901 0.0614626 0.00157169
0 0.191524 0.607528 0.0227135 0.0546267 0.00154367
0 0.888649 0.0353842 0.0231167 0.0204889 0.00153369
0 0.86274 0.12217 0.101254 0.17438 0.00143107
0 0.268617 0.578212 0.092388 0.118226 0.00140145
0 0.896263 0.0754648 0.0241104 0.0515813 0.00138626
0 0.299523 0.588432 0.145893 0.170997 0.00137698
0 0.89453 0.0676549 0.0467403 0.0751716 0.00132296
0 0.720929 0.730412 0.0375466 0.0119205 0.00131487
0 0.884949 0.115244 0.0362324 0.0755161 0.00130051
0 0.43734 0.863245 0.0185212 0.0557436 0.00127193
0 0.875085 0.95943 0.0838623 0.0597435 0.00126947
0 0.191163 0.630725 0.0147906 0.0330744 0.00126403
0 0.254928 0.674717 0.162402 0.317652 0.00126364
0 0.891708 0.106808 0.026306 0.0800374 0.00126314
0 0.442434 0.823448 0.0421044 0.0608366 0.00126278
0 0.954732 0.264087 0.0532667 0.137692 0.00124303
0 0.326931 0.539752 0.0698274 0.0551411 0.00124212
0 0.193545 0.59651 0.0263743 0.0639037 0.00123849
0 0.888021 0.0345853 0.0308668 0.0148772 0.00123199
0 0.198826 0.617839 0.0240033 0.0763706 0.00121873
0 0.467273 0.943227 0.0320755 0.0432554 0.00121041
0 0.133846 0.441719 0.0377663 0.0413609 0.00119013
0 0.873795 0.114643 0.0847982 0.125835 0.00115223
0 0.269881 0.550876 0.0906207 0.0572525 0.00112736
0 0.874898 0.955183 0.0455721 0.0577866 0.00109604
0 0.829734 0.932978 0.0227333 0.0284044 0.00108013
0 0.838787 0.960707 0.0686218 0.0785861 0.00107501
0 0.427268 0.888407 0.0597301 0.124543 0.00105709
0 0.873196 0.96519 0.0155787 0.0308187 0.00105637
0 0.316542 0.540128 0.102043 0.0732436 0.00103563
0 0.254964 0.546426 0.14404 0.0475073 0.00103065
0 0.460069 0.944621 0.051817 0.0518513 0.0010163
