0 0.410919 0.650917 0.0324479 0.0411195 0.793929
0 0.393298 0.609126 0.0304807 0.0387384 0.765718
0 0.611987 0.355632 0.0194248 0.0177629 0.596834
0 0.791545 0.834797 0.0130781 0.0180222 0.362266
0 0.399183 0.619916 0.0298954 0.0439021 0.306476
0 0.407118 0.65936 0.0304406 0.0507626 0.202752
0 0.393696 0.62367 0.0228791 0.0259871 0.126303
0 0.414956 0.645204 0.0296529 0.0342638 0.0963356
0 0.399996 0.632702 0.0207091 0.0245934 0.0882686
0 0.403077 0.637597 0.0506925 0.0688436 0.0491796
0 0.38439 0.745422 0.0319995 0.0697012 0.0351862
0 0.40909 0.647029 0.0495581 0.0536212 0.0345195
0 0.398312 0.67166 0.0526386 0.109684 0.0321902
0 0.399816 0.624398 0.0557466 0.0589155 0.0223708
0 0.610176 0.356203 0.0257013 0.0238831 0.0216208
0 0.552046 0.0303393 0.0113934 0.0156558 0.0212374
0 0.105964 0.00908009 0.0110312 0.0127664 0.0197043
0 0.402992 0.641163 0.0309201 0.0407417 0.0194302
0 0.404397 0.672476 0.0338501 0.0748019 0.0181284
0 0.39846 0.60442 0.0354048 0.0398703 0.0178386
0 0.790746 0.836279 0.0217533 0.0298033 0.0152499
0 0.414982 0.659211 0.0344651 0.0555989 0.014292
0 0.390681 0.715885 0.0444443 0.129764 0.0139668
0 0.385075 0.612113 0.027761 0.0374374 0.0115428
0 0.552796 0.0288833 0.0159226 0.0187494 0.0109226
0 0.402019 0.646767 0.074003 0.131495 0.0105821
0 0.39846 0.684951 0.0705939 0.162715 0.00918534
0 0.390599 0.602042 0.0241528 0.0236176 0.00861923
0 0.400221 0.601854 0.0248116 0.031984 0.00792991
0 0.950302 0.149716 0.00948448 0.013625 0.00773681
0 0.791582 0.827279 0.0160402 0.0240192 0.00771619
0 0.387298 0.733929 0.0293313 0.0620327 0.00637095
0 0.611655 0.362296 0.0299828 0.0573468 0.00625829
0 0.79046 0.840741 0.0159584 0.0239149 0.00597782
0 0.391763 0.742469 0.0417811 0.0800428 0.00544007
0 0.467177 0.0129114 0.0139865 0.0132377 0.00542478
0 0.103496 0.00772483 0.0140184 0.0123618 0.00491114
0 0.796185 0.834834 0.0184559 0.020492 0.00486423
0 0.604294 0.357048 0.0237556 0.024118 0.00449592
0 0.409866 0.608626 0.0409952 0.0477104 0.00448121
0 0.94759 0.148083 0.0139051 0.0132876 0.00433304
0 0.332291 0.296176 0.020129 0.040025 0.00404776
0 0.411897 0.622385 0.0409194 0.0489614 0.00403605
0 0.949303 0.152818 0.0128462 0.0163109 0.00400816
0 0.464796 0.0161345 0.01042 0.0137469 0.00378797
0 0.388896 0.725048 0.0327565 0.0957149 0.00368504
0 0.611325 0.366503 0.0228431 0.0294955 0.00364457
0 0.392681 0.642262 0.0645856 0.0969023 0.00346747
0 0.952054 0.148262 0.0155983 0.0175256 0.00341898
0 0.453417 0.247232 0.00938244 0.0101425 0.00300941
0 0.981143 0.956195 0.0377132 0.0737059 0.00300209
0 0.33641 0.288344 0.0179595 0.0302678 0.00296783
0 0.806934 0.800393 0.0203463 0.0205776 0.00286917
0 0.792674 0.838664 0.0283287 0.0597328 0.00272987
0 0.54781 0.0262964 0.0170097 0.016907 0.0026529
0 0.395543 0.646334 0.185361 0.282393 0.0026187
0 0.950808 0.15279 0.00736923 0.0143921 0.00247971
0 0.392051 0.6132 0.0593722 0.0627176 0.00246582
0 0.806371 0.796 0.0187483 0.0151394 0.00236101
0 0.393394 0.725289 0.0671874 0.168946 0.00225121
0 0.796976 0.839589 0.0159248 0.0243595 0.00222807
0 0.816429 0.809892 0.0133389 0.019194 0.00221477
0 0.314554 0.328557 0.0094183 0.0099318 0.0021925
0 0.805186 0.792538 0.0122818 0.00985126 0.00213334
0 0.32638 0.30436 0.0128562 0.0192721 0.00209606
0 0.327305 0.297086 0.0209888 0.0388481 0.00207857
0 0.934307 0.992516 0.0190277 0.00868282 0.0020106
0 0.93945 0.993055 0.0119972 0.0111288 0.00199132
0 0.788553 0.821468 0.0235729 0.0300142 0.00194978
0 0.991466 0.69183 0.0104538 0.0271677 0.00191939
0 0.974264 0.67412 0.0514728 0.102199 0.00179244
0 0.11121 0.00797927 0.0150354 0.0101195 0.00174084
0 0.938115 0.986109 0.00969143 0.0129749 0.00169293
0 0.991017 0.693284 0.0179657 0.0361463 0.00163277
0 0.99091 0.68617 0.00790215 0.0282485 0.00161395
0 0.933423 0.991747 0.0178249 0.0165053 0.00158441
0 0.988655 0.690999 0.012204 0.0312114 0.00157206
0 0.407621 0.616002 0.0575369 0.061329 0.00156113
0 0.801445 0.795078 0.0179203 0.0129707 0.00155932
0 0.461916 0.0080981 0.0158691 0.0114607 0.00155545
0 0.312224 0.327049 0.00794549 0.0102339 0.00152064
0 0.464911 0.0146964 0.0165747 0.0150414 0.00151849
0 0.454619 0.24445 0.0146395 0.012828 0.00151603
0 0.491302 0.95689 0.00683575 0.0245472 0.00151293
0 0.383857 0.0241977 0.0161983 0.0257686 0.00150404
0 0.782944 0.836837 0.0302327 0.0352631 0.00148343
0 0.379043 0.631806 0.0613058 0.0617701 0.00142941
0 0.971441 0.959438 0.0235968 0.0677883 0.00141299
0 0.641282 0.521952 0.0169729 0.029452 0.00138677
0 0.420758 0.650313 0.0481389 0.0511413 0.00137672
0 0.986018 0.691853 0.0166582 0.0196717 0.00135604
0 0.55145 0.0332847 0.0195046 0.0286104 0.00135445
0 0.379277 0.755405 0.0230148 0.0756948 0.00132941
0 0.452451 0.248009 0.0148606 0.0132882 0.00131808
0 0.975317 0.62719 0.0140682 0.00949898 0.00130996
0 0.6061 0.351322 0.0380843 0.0280228 0.0012822
0 0.315659 0.325098 0.00946803 0.0123979 0.00125162
0 0.978121 0.690918 0.0437578 0.0682566 0.00124167
0 0.11215 0.00720109 0.0191012 0.0144022 0.00122154
0 0.929371 0.982592 0.0116634 0.0128668 0.00121876
0 0.312198 0.327776 0.0117501 0.0127859 0.00121727
0 0.809971 0.793075 0.0162401 0.0102448 0.00121638
0 0.413848 0.674265 0.0384405 0.0752067 0.00121483
0 0.979696 0.691684 0.0191486 0.0304917 0.00120904
0 0.974065 0.628659 0.0153852 0.0183164 0.00120357
0 0.989823 0.344829 0.0203531 0.0670459 0.00120099
0 0.414932 0.694672 0.0913766 0.18307 0.0011875
0 0.937583 0.990427 0.0224535 0.0164001 0.00118321
0 0.617826 0.346753 0.0389732 0.0488767 0.00116554
0 0.326248 0.30264 0.0170699 0.0249208 0.00116476
0 0.793514 0.806713 0.0206488 0.0208206 0.00115119
0 0.96698 0.676375 0.0248819 0.0765512 0.00109707
0 0.31757 0.325239 0.0132086 0.0153738 0.00108702
0 0.942091 0.985456 0.023818 0.0184654 0.00108166
0 0.462069 0.00936413 0.0218041 0.013615 0.00107523
0 0.939535 0.992721 0.0145025 0.0145581 0.0010613
0 0.818961 0.812289 0.0189835 0.0178846 0.00104546
0 0.418229 0.621201 0.0478465 0.0679557 0.0010327
0 0.764121 0.995311 0.0101686 0.00937815 0.00102441
0 0.357565 0.0120142 0.0330895 0.016291 0.00102244
0 0.800972 0.81427 0.0301302 0.049588 0.00102234
0 0.942218 0.959286 0.0416491 0.0763105 0.00102076
0 0.929957 0.983971 0.0146511 0.0220203 0.00101869
0 0.402517 0.709321 0.0555761 0.120316 0.00101202
