0 0.493101 0.484634 0.0731215 0.371208 0.603752
0 0.491483 0.483138 0.040099 0.262471 0.162681
0 0.502039 0.491689 0.147755 0.476199 0.0846881
0 0.506185 0.462613 0.0942794 0.474464 0.0533389
0 0.508259 0.613692 0.0294301 0.159544 0.0119735
0 0.505047 0.635419 0.0249461 0.113511 0.00987075
0 0.509394 0.660185 0.0202392 0.0440186 0.00831465
0 0.49668 0.418188 0.0942738 0.336224 0.00787364
0 0.50268 0.566028 0.0559098 0.267926 0.00741217
0 0.504688 0.594731 0.04286 0.198745 0.00679278
0 0.521684 0.413286 0.174562 0.504905 0.00473869
0 0.790707 0.739518 0.00997963 0.0131985 0.00461252
0 0.746918 0.962849 0.101699 0.0581621 0.00455405
0 0.505324 0.525555 0.0761924 0.349052 0.00384047
0 0.477371 0.412005 0.173745 0.456802 0.00293078
0 0.0392857 0.0405776 0.00906389 0.0105528 0.00273218
0 0.506556 0.599458 0.0307775 0.0983294 0.00269498
0 0.506368 0.647966 0.017685 0.0578384 0.00259127
0 0.512004 0.668385 0.0175527 0.057146 0.00250066
0 0.49558 0.2347 0.0141135 0.0171169 0.00249774
0 0.699727 0.964083 0.118136 0.0591343 0.00244984
0 0.507831 0.657973 0.0261247 0.0699789 0.00235506
0 0.481325 0.512758 0.0530022 0.279657 0.00234488
0 0.477323 0.440491 0.105535 0.437126 0.00215585
0 0.606601 0.957241 0.0448842 0.0855182 0.00209357
0 0.52778 0.462682 0.121179 0.321061 0.00200319
0 0.746875 0.955166 0.126159 0.0896676 0.00199686
0 0.740948 0.32649 0.0103642 0.0080812 0.00197005
0 0.791783 0.739754 0.0141893 0.0180408 0.00192016
0 0.0414402 0.0418039 0.00744601 0.0115544 0.00188426
0 0.582572 0.458896 0.25778 0.485317 0.0018507
0 0.74138 0.327726 0.0076354 0.0158987 0.00182288
0 0.499779 0.55871 0.0382289 0.162348 0.00165864
0 0.470901 0.541591 0.153105 0.420276 0.00163901
0 0.506286 0.586271 0.0240878 0.140769 0.00160886
0 0.479834 0.460124 0.0717115 0.250654 0.00158322
0 0.503322 0.439996 0.0548299 0.161554 0.00155521
0 0.747916 0.712286 0.00888319 0.0119465 0.00155436
0 0.737477 0.325447 0.0072567 0.00896387 0.00153837
0 0.512867 0.679036 0.0162713 0.0316429 0.00152521
0 0.592921 0.95832 0.0443402 0.0833598 0.00149898
0 0.504461 0.657363 0.0210531 0.0458901 0.0014156
0 0.499123 0.413692 0.0701096 0.251802 0.0013536
0 0.564002 0.956194 0.0480165 0.0786798 0.00133227
0 0.505778 0.615232 0.0253729 0.0678123 0.00123749
0 0.512219 0.598575 0.0848713 0.480845 0.00122066
0 0.448417 0.461465 0.126949 0.478937 0.00121579
0 0.502586 0.594858 0.027038 0.0759501 0.00113719
0 0.0402918 0.0402794 0.0140529 0.0146316 0.00113021
0 0.882274 0.452213 0.0134111 0.00970268 0.00110853
0 0.491855 0.562487 0.0431644 0.130334 0.00110836
0 0.958558 0.962466 0.0656647 0.0565685 0.00110735
0 0.583084 0.961525 0.0355083 0.0639048 0.00108004
0 0.700108 0.95384 0.150592 0.0923205 0.00105575
0 0.494442 0.588516 0.176514 0.588133 0.00103846
0 0.741547 0.32643 0.014561 0.0156102 0.00100388
