0 0.504181 0.499223 0.122866 0.12563 0.774882
0 0.401515 0.654171 0.0204731 0.028352 0.704947
0 0.304816 0.6348 0.0123698 0.013915 0.0948383
0 0.585618 0.522994 0.0447934 0.0355939 0.0946344
0 0.502696 0.487611 0.168936 0.153472 0.0535182
0 0.399193 0.658206 0.0194752 0.0242395 0.0519815
0 0.503771 0.469379 0.0944746 0.046509 0.0433844
0 0.401413 0.65693 0.027472 0.0481421 0.0394886
0 0.487501 0.456628 0.0589388 0.0335636 0.0373468
0 0.50493 0.458825 0.0879224 0.0377802 0.0286922
0 0.407792 0.655208 0.0284502 0.0313618 0.0276246
0 0.491001 0.463888 0.0631607 0.035511 0.0260986
0 0.512103 0.473611 0.106878 0.0702127 0.0194976
0 0.110461 0.50075 0.0271645 0.0126839 0.0182878
0 0.577982 0.522713 0.0603137 0.0465916 0.0130633
0 0.303025 0.637483 0.01603 0.0174985 0.0104051
0 0.523002 0.513646 0.1536 0.0833242 0.010251
0 0.502469 0.518706 0.0964533 0.105109 0.00683765
0 0.188733 0.53832 0.0160889 0.0122581 0.00584067
0 0.484042 0.449661 0.0522463 0.0224532 0.0051866
0 0.575906 0.517807 0.0807179 0.0674112 0.00499938
0 0.390835 0.655937 0.0404544 0.0252671 0.00405295
0 0.591443 0.516466 0.0320665 0.0196677 0.00375305
0 0.478765 0.490359 0.0920682 0.0908251 0.00329357
0 0.0647676 0.522669 0.0198264 0.0191945 0.00321991
0 0.308387 0.634629 0.016898 0.0145408 0.00321959
0 0.0613913 0.515399 0.0180537 0.0216141 0.0031927
0 0.391573 0.657462 0.02531 0.0268177 0.00314729
0 0.0581614 0.505349 0.0151365 0.014336 0.00301487
0 0.502699 0.457591 0.0581739 0.0286492 0.00299252
0 0.489337 0.46718 0.08467 0.064024 0.00274034
0 0.476747 0.453492 0.0462137 0.0275631 0.00264745
0 0.30126 0.635885 0.0222289 0.0236916 0.00256295
0 0.529627 0.472838 0.233791 0.194543 0.002325
0 0.529941 0.521452 0.201407 0.158846 0.00209852
0 0.410767 0.647833 0.0332203 0.0363564 0.00195755
0 0.739826 0.781306 0.0123377 0.00991516 0.00174844
0 0.490184 0.454117 0.0704798 0.0496948 0.00171008
0 0.0597615 0.505916 0.0147591 0.0209369 0.00165895
0 0.56439 0.63841 0.00776367 0.0115736 0.00161127
0 0.475111 0.448382 0.0352203 0.0209011 0.00146539
0 0.482883 0.520549 0.0920639 0.0771851 0.00145137
0 0.552063 0.495036 0.183315 0.115741 0.00143639
0 0.739916 0.781948 0.00821552 0.012789 0.00143618
0 0.469045 0.541709 0.048556 0.0340842 0.00140609
0 0.0696861 0.523245 0.0228335 0.0227345 0.00130951
0 0.405323 0.660728 0.05125 0.0405281 0.00126938
0 0.459457 0.545096 0.0405231 0.0311022 0.00124946
0 0.926808 0.316135 0.0161316 0.010025 0.0012478
0 0.565192 0.640061 0.0102539 0.0106111 0.00124763
0 0.403415 0.666331 0.0276642 0.0355085 0.00123158
0 0.864575 0.163114 0.00685253 0.00932319 0.00121235
0 0.113391 0.503111 0.0327584 0.0160006 0.00118843
0 0.405123 0.641023 0.0240487 0.0230825 0.00112166
0 0.456709 0.550825 0.0358974 0.0268539 0.00107898
0 0.526293 0.503108 0.0894955 0.0975671 0.00105029
