0 0.490029 0.411023 0.0706178 0.0394338 0.81081
0 0.548989 0.612568 0.10463 0.102512 0.753265
0 0.439379 0.344449 0.0256083 0.0239521 0.694108
0 0.54707 0.605348 0.160124 0.154955 0.0878361
0 0.492673 0.419355 0.0786449 0.0894695 0.0549855
0 0.439312 0.346904 0.0334864 0.0463281 0.0367381
0 0.507593 0.653101 0.0248434 0.0259578 0.0248711
0 0.513206 0.644769 0.0323916 0.0426062 0.0173641
0 0.493979 0.419562 0.0664671 0.0386902 0.0156628
0 0.497911 0.403807 0.0758948 0.0390642 0.0151509
0 0.478108 0.407225 0.0423038 0.0289002 0.0145978
0 0.489562 0.398621 0.194611 0.25352 0.010029
0 0.526749 0.614516 0.0946782 0.0917645 0.00998418
0 0.546513 0.605002 0.059822 0.0669558 0.00899541
0 0.485404 0.409699 0.0914227 0.0541527 0.00874489
0 0.445331 0.342728 0.0236257 0.0262863 0.00870364
0 0.510194 0.647096 0.0271469 0.0302427 0.00803867
0 0.478478 0.415845 0.0364788 0.0346452 0.00689924
0 0.485773 0.403686 0.0566888 0.0302297 0.00563325
0 0.428725 0.346864 0.0233594 0.0251678 0.00546307
0 0.543043 0.637952 0.0974033 0.0983611 0.0051593
0 0.525767 0.63983 0.0570162 0.0699883 0.00435389
0 0.431105 0.3509 0.0422323 0.0286161 0.00418103
0 0.571681 0.62531 0.1561 0.114687 0.00407051
0 0.483625 0.392362 0.0817926 0.0528761 0.00358487
0 0.554648 0.578475 0.109631 0.122451 0.00354063
0 0.521054 0.633709 0.0472735 0.0488154 0.0035246
0 0.549705 0.576199 0.195719 0.182065 0.00341036
0 0.536022 0.626737 0.0662249 0.0678781 0.00339564
0 0.553768 0.647768 0.111454 0.162667 0.00324962
0 0.443716 0.351717 0.0383534 0.0266758 0.00304247
0 0.443066 0.356278 0.0658047 0.0460863 0.00303754
0 0.514303 0.414242 0.0683622 0.0312304 0.00255433
0 0.504567 0.655013 0.0227045 0.0183434 0.00229398
0 0.528776 0.640357 0.0439447 0.0432136 0.00223464
0 0.563347 0.59878 0.0830004 0.10098 0.00214557
0 0.501808 0.420028 0.0454869 0.0313675 0.00209846
0 0.433662 0.347351 0.0556698 0.0388384 0.00204213
0 0.573515 0.629953 0.187914 0.171903 0.00203865
0 0.949904 0.0895821 0.0893625 0.179164 0.0020122
0 0.50943 0.403891 0.113577 0.0901898 0.0017685
0 0.346163 0.962663 0.0830547 0.0466022 0.00173954
0 0.526945 0.633571 0.189436 0.135292 0.00164921
0 0.531552 0.17052 0.0670017 0.0932907 0.00162401
0 0.512591 0.413546 0.0287529 0.0189317 0.00159238
0 0.225852 0.845528 0.0257885 0.0484003 0.00153092
0 0.955909 0.711504 0.0754904 0.0906123 0.0014565
0 0.517455 0.63466 0.0338657 0.0375445 0.00140404
0 0.43792 0.333253 0.028251 0.0362403 0.00140167
0 0.679884 0.00428369 0.0230023 0.0079968 0.00131774
0 0.562037 0.6028 0.0579971 0.0668159 0.00130462
0 0.475645 0.401005 0.0421078 0.0265563 0.00128575
0 0.522025 0.411748 0.117301 0.0450826 0.0012319
0 0.508621 0.541343 0.131045 0.232159 0.0012115
0 0.679393 0.00551944 0.0303501 0.0110389 0.00121058
0 0.606018 0.014753 0.0185523 0.0101002 0.00112886
0 0.953386 0.925877 0.0817873 0.0997231 0.00111505
0 0.48837 0.380007 0.123777 0.132384 0.00111228
0 0.534871 0.612692 0.0564534 0.0631285 0.00108487
0 0.551679 0.697136 0.151902 0.205585 0.0010118
