0 0.509428 0.510151 0.089101 0.155003 0.713389
0 0.501606 0.508116 0.157517 0.190064 0.120735
0 0.543839 0.0617843 0.0116292 0.0142233 0.0500537
0 0.274545 0.276962 0.0108933 0.0166908 0.028905
0 0.524279 0.516344 0.062492 0.130818 0.0100974
0 0.503711 0.577726 0.029818 0.0304531 0.00990949
0 0.276183 0.275187 0.0157305 0.0224387 0.00536839
0 0.577127 0.00475326 0.011202 0.00845689 0.00508819
0 0.693964 0.0273714 0.00848751 0.0188884 0.00442561
0 0.506161 0.559853 0.0515353 0.052684 0.00431709
0 0.700385 0.9752 0.0275058 0.0224512 0.00379994
0 0.480071 0.510188 0.107144 0.157218 0.00375966
0 0.546423 0.0605573 0.0112098 0.0120344 0.00360837
0 0.541782 0.0594708 0.0113822 0.0166006 0.00360395
0 0.513211 0.555153 0.0538535 0.0956724 0.00329567
0 0.580924 0.888058 0.202674 0.174732 0.00329428
0 0.704497 0.973294 0.0163827 0.0165838 0.00322095
0 0.5468 0.0602079 0.0158903 0.0174591 0.00304545
0 0.510108 0.478531 0.084428 0.117121 0.00277088
0 0.501271 0.556241 0.0561612 0.0824408 0.00269531
0 0.29795 0.217657 0.0100733 0.0322914 0.00269187
0 0.297565 0.216711 0.00631833 0.0367266 0.00249947
0 0.272512 0.276706 0.0185065 0.0212805 0.0024717
0 0.489652 0.515353 0.0679343 0.151288 0.00243502
0 0.946329 0.665656 0.0161606 0.0246499 0.00219207
0 0.704214 0.971948 0.0216963 0.0212526 0.00198051
0 0.577347 0.0054567 0.0115369 0.0109134 0.00191152
0 0.695844 0.0248462 0.0146751 0.0191353 0.00188027
0 0.501264 0.568163 0.0368254 0.0473375 0.00186717
0 0.519658 0.539828 0.059574 0.0997454 0.00185254
0 0.508027 0.498131 0.0573981 0.0596051 0.00185212
0 0.512613 0.510204 0.0563973 0.0662056 0.00174877
0 0.0229836 0.980989 0.0198296 0.022447 0.00171569
0 0.695848 0.0271021 0.00925522 0.0137609 0.00167882
0 0.544759 0.0628639 0.0194124 0.0242154 0.00151205
0 0.540817 0.0646128 0.0136868 0.0196562 0.00147614
0 0.496197 0.475878 0.104676 0.16481 0.00144964
0 0.961391 0.963596 0.0629494 0.0572067 0.00141806
0 0.297971 0.222242 0.0203238 0.0465906 0.00137875
0 0.519707 0.484056 0.115561 0.181572 0.00136632
0 0.145125 0.269347 0.0106248 0.012682 0.00133529
0 0.298382 0.21601 0.0155931 0.0426732 0.00118534
0 0.0220622 0.979916 0.028628 0.0349659 0.00116307
0 0.546937 0.06406 0.0109276 0.0140761 0.00116184
0 0.767672 0.168471 0.140233 0.296933 0.00110795
