0 0.641304 0.380847 0.054425 0.0521191 0.723393
0 0.415794 0.545271 0.350195 0.244088 0.707359
0 0.642312 0.387852 0.0704818 0.0921668 0.0588239
0 0.408849 0.56057 0.170165 0.249418 0.0494886
0 0.652397 0.379025 0.0707465 0.0671931 0.0456072
0 0.485459 0.516208 0.228583 0.216049 0.00981051
0 0.639647 0.355006 0.181461 0.23251 0.00909896
0 0.642022 0.395684 0.0480299 0.0791946 0.008395
0 0.628493 0.38728 0.0554529 0.0433874 0.00731478
0 0.379206 0.511579 0.52121 0.282291 0.00583949
0 0.604913 0.397754 0.191569 0.239307 0.00567503
0 0.398378 0.60601 0.332283 0.194725 0.00533793
0 0.695395 0.340834 0.0193321 0.0142498 0.00425591
0 0.635428 0.395609 0.0556096 0.0576516 0.00415593
0 0.511507 0.491367 0.173938 0.167628 0.00405819
0 0.269974 0.680108 0.0608539 0.0327093 0.00364206
0 0.43708 0.631744 0.403578 0.455187 0.00343133
0 0.485454 0.580609 0.511146 0.322545 0.00331587
0 0.630746 0.376545 0.0800325 0.10516 0.00321821
0 0.675882 0.364645 0.0772614 0.0679366 0.00306629
0 0.787837 0.511384 0.00883827 0.00825329 0.00301413
0 0.628346 0.399545 0.0749282 0.0834623 0.00296756
0 0.286608 0.67499 0.084259 0.0463384 0.00295484
0 0.688777 0.346097 0.0303468 0.026659 0.00291728
0 0.670016 0.38163 0.0904452 0.0796542 0.00260537
0 0.401035 0.473084 0.691494 0.4329 0.00250567
0 0.680461 0.355975 0.0547542 0.0522739 0.0024977
0 0.379388 0.581835 0.532743 0.259505 0.00220166
0 0.43848 0.499789 0.284574 0.261161 0.00209504
0 0.662979 0.37084 0.0480787 0.0531605 0.00207102
0 0.697795 0.340214 0.0114357 0.0141212 0.00201558
0 0.260745 0.680998 0.0389735 0.0288536 0.00199298
0 0.580515 0.434528 0.0367018 0.0357615 0.00179584
0 0.307845 0.669108 0.112221 0.0517953 0.00171418
0 0.537526 0.511212 0.585483 0.322985 0.00169065
0 0.014373 0.350657 0.0153732 0.00795274 0.00164574
0 0.674164 0.393052 0.227918 0.231174 0.00160392
0 0.387497 0.52255 0.165938 0.187022 0.00160208
0 0.716103 0.86595 0.011393 0.00935402 0.00158142
0 0.538405 0.472941 0.136053 0.129492 0.00155063
0 0.628134 0.377323 0.0727328 0.0566267 0.00152564
0 0.790507 0.512322 0.0147734 0.0162466 0.00151405
0 0.789991 0.513382 0.0113943 0.00710125 0.00147013
0 0.716459 0.867497 0.00905857 0.0146742 0.00144465
0 0.272498 0.672388 0.0653009 0.0356412 0.0014325
0 0.640497 0.412494 0.0570529 0.121673 0.0014061
0 0.0132884 0.353624 0.00995838 0.015869 0.00135322
0 0.5415 0.593438 0.652198 0.432503 0.00124461
0 0.632215 0.423427 0.106893 0.149506 0.00121018
0 0.0125747 0.353045 0.0171652 0.0117177 0.00118882
0 0.0143746 0.350591 0.0112712 0.0118437 0.0011635
0 0.0503779 0.475033 0.0101669 0.00821114 0.00111531
0 0.580444 0.443257 0.0416965 0.046204 0.00110504
0 0.791153 0.513731 0.00765724 0.0112434 0.00104878
