0 0.7368 0.305401 0.0856053 0.0459934 0.667461
0 0.755405 0.442939 0.0382034 0.0298388 0.625576
0 0.644785 0.366203 0.181242 0.0678698 0.589395
0 0.741984 0.497585 0.0298851 0.0225204 0.545219
0 0.893775 0.238442 0.0169418 0.0149653 0.470707
0 0.561373 0.629567 0.123948 0.0413061 0.466248
0 0.447779 0.654297 0.294945 0.123124 0.383732
0 0.513144 0.302515 0.339873 0.151824 0.362145
0 0.454417 0.547767 0.342069 0.3036 0.36036
0 0.292599 0.811139 0.528178 0.232122 0.337972
0 0.807857 0.267866 0.0255112 0.0180256 0.337678
0 0.786156 0.37126 0.0760503 0.0450979 0.28803
0 0.287417 0.758989 0.573343 0.406107 0.203363
0 0.439804 0.782493 0.197278 0.127272 0.198299
0 0.637779 0.356016 0.201951 0.108617 0.184839
0 0.449671 0.65183 0.326711 0.196294 0.147332
0 0.388343 0.87915 0.0675159 0.0462627 0.145345
0 0.63001 0.307802 0.0750545 0.0413667 0.131267
0 0.53691 0.669654 0.122661 0.0564843 0.114394
0 0.78177 0.294101 0.0198404 0.0162166 0.107873
0 0.107623 0.966223 0.157223 0.0615915 0.107819
0 0.754543 0.44453 0.0416394 0.0544553 0.0930427
0 0.393483 0.336848 0.143815 0.0626612 0.0857333
0 0.445241 0.486337 0.302694 0.205465 0.0731866
0 0.558064 0.628576 0.0914884 0.0323616 0.0728001
0 0.555941 0.644596 0.143425 0.0956728 0.0711134
0 0.731332 0.301861 0.0579949 0.0391954 0.0677035
0 0.728467 0.310103 0.0999355 0.0918496 0.063301
0 0.77071 0.379422 0.0448882 0.0268848 0.0622635
0 0.779638 0.864245 0.0125452 0.0120178 0.0604722
0 0.529802 0.48016 0.0975699 0.0419539 0.0598782
0 0.544445 0.32349 0.461156 0.189974 0.057294
0 0.321756 0.670857 0.643511 0.540192 0.0569265
0 0.431187 0.789885 0.23102 0.183064 0.0565245
0 0.629573 0.352813 0.268642 0.169853 0.0540147
0 0.631739 0.315042 0.13029 0.0534263 0.0526215
0 0.52094 0.470394 0.107771 0.0566488 0.0474231
0 0.685723 0.525437 0.0263315 0.0166854 0.0466127
0 0.788078 0.365944 0.056254 0.0384162 0.0437557
0 0.547601 0.622913 0.102099 0.0376692 0.0427968
0 0.742082 0.499594 0.0407009 0.0472617 0.037646
0 0.231547 0.853555 0.463093 0.277999 0.0369576
0 0.431637 0.60302 0.370291 0.483814 0.0346502
0 0.680929 0.523925 0.0428036 0.0180352 0.031271
0 0.469298 0.804773 0.11562 0.0576466 0.0299409
0 0.896447 0.236483 0.0168333 0.01459 0.028616
0 0.74941 0.31119 0.085852 0.0417224 0.0281177
0 0.689883 0.525688 0.0202014 0.0142272 0.0269411
0 0.72752 0.676419 0.0142311 0.014941 0.0268228
0 0.669437 0.375494 0.155643 0.0574594 0.0266183
0 0.537942 0.671231 0.147499 0.0870038 0.0254906
0 0.516025 0.77751 0.0830079 0.0214865 0.0253522
0 0.893715 0.238214 0.0251844 0.0208228 0.0247801
0 0.747042 0.500258 0.0195093 0.0212698 0.0235723
0 0.755802 0.444036 0.0528048 0.0376017 0.0220707
0 0.55709 0.419016 0.0888099 0.0399132 0.0215089
0 0.454015 0.334897 0.3138 0.073301 0.021004
0 0.627233 0.309915 0.165324 0.0727013 0.0204342
0 0.750569 0.298743 0.0916181 0.0386602 0.0202715
0 0.559536 0.726218 0.0371799 0.0133982 0.0195145
0 0.528328 0.457397 0.135984 0.0888127 0.0191791
0 0.814962 0.398481 0.0137085 0.0130925 0.0191783
0 0.275121 0.927794 0.106812 0.0452152 0.0191626
0 0.536125 0.307384 0.165051 0.151411 0.0182329
0 0.438713 0.663718 0.164472 0.122699 0.0181217
0 0.547798 0.647498 0.215125 0.209556 0.0172463
0 0.557742 0.428977 0.0984533 0.0608111 0.0163055
0 0.453851 0.459591 0.25358 0.139349 0.0161779
0 0.7637 0.383937 0.027146 0.0158216 0.0159723
0 0.556639 0.624168 0.0601688 0.0414885 0.0152225
0 0.425825 0.705552 0.349428 0.31399 0.0150093
0 0.670761 0.522294 0.0526084 0.0193129 0.0148827
0 0.741075 0.492133 0.0268649 0.0228621 0.0147053
0 0.543386 0.437876 0.115122 0.0776541 0.014575
0 0.28707 0.932337 0.0733331 0.0432016 0.0145107
0 0.786265 0.379777 0.10337 0.0960956 0.0143578
0 0.765854 0.3848 0.0325627 0.0220525 0.0142803
0 0.450728 0.807778 0.153102 0.0759064 0.0136959
0 0.625978 0.375439 0.290686 0.103352 0.0134029
0 0.493913 0.676732 0.232131 0.0762952 0.0132672
0 0.460267 0.386077 0.308069 0.233182 0.0128925
0 0.75643 0.434652 0.0334514 0.0337399 0.0124553
0 0.738507 0.30224 0.214361 0.226996 0.012447
0 0.441137 0.707606 0.271922 0.140415 0.0124357
0 0.552324 0.490218 0.0405797 0.0273569 0.0124198
0 0.645232 0.312229 0.0904299 0.0441204 0.0122286
0 0.103692 0.958917 0.200679 0.0821658 0.0121762
0 0.63701 0.322002 0.20058 0.139273 0.0115021
0 0.527681 0.45491 0.101511 0.0657491 0.0114801
0 0.446056 0.80184 0.147552 0.132084 0.0112925
0 0.735013 0.496356 0.0355403 0.0258378 0.0109939
0 0.53577 0.676922 0.0913349 0.046975 0.0106618
0 0.543496 0.487964 0.0668494 0.0289891 0.0106522
0 0.507906 0.773137 0.106832 0.0269785 0.0105768
0 0.424813 0.617922 0.305168 0.295462 0.0105728
0 0.57802 0.637334 0.111192 0.046288 0.0103633
0 0.453813 0.331511 0.387558 0.120475 0.0102936
0 0.540157 0.349189 0.309571 0.243021 0.0102833
0 0.766474 0.415856 0.0627582 0.0558606 0.0102382
0 0.33221 0.831374 0.37252 0.168439 0.0099422
0 0.393429 0.338987 0.237217 0.0899131 0.00986134
0 0.52946 0.455384 0.183977 0.150016 0.00982747
0 0.801242 0.37549 0.0877209 0.0452201 0.00980624
0 0.434552 0.743349 0.225872 0.0881424 0.00945329
0 0.244826 0.893331 0.427845 0.138234 0.00915666
0 0.485313 0.796027 0.118357 0.0650374 0.00910183
0 0.53357 0.688968 0.131824 0.0356883 0.00891738
0 0.459781 0.342942 0.45288 0.190108 0.00852643
0 0.823463 0.377794 0.0305237 0.0162588 0.00840089
0 0.786403 0.296679 0.0291813 0.0273535 0.00806031
0 0.194088 0.942954 0.326503 0.0811457 0.00784473
0 0.24586 0.923106 0.165506 0.0421648 0.00784225
0 0.781193 0.29406 0.0264441 0.0226575 0.00771298
0 0.740664 0.485935 0.0535116 0.0450286 0.00755625
0 0.545827 0.444213 0.096697 0.0554147 0.00737828
0 0.510174 0.276423 0.262981 0.112594 0.00737349
0 0.586654 0.637124 0.0869591 0.0315194 0.0071982
0 0.362734 0.788235 0.330632 0.170925 0.00714747
0 0.259033 0.930514 0.296128 0.0463102 0.00687357
0 0.485251 0.580531 0.296671 0.199975 0.00686418
0 0.812158 0.270965 0.0275488 0.0179152 0.00681768
0 0.592521 0.64186 0.0630901 0.0264692 0.00663038
0 0.110894 0.967874 0.0934212 0.0549067 0.00651509
0 0.275018 0.931715 0.167568 0.0382259 0.00649914
0 0.819575 0.398823 0.0223795 0.0127045 0.006472
0 0.785423 0.294722 0.0413006 0.0343195 0.006445
0 0.499267 0.38533 0.39857 0.306736 0.00639845
0 0.442979 0.517775 0.163925 0.226879 0.00634584
0 0.538866 0.686633 0.255838 0.192906 0.0063395
0 0.522842 0.630611 0.171976 0.073433 0.00620554
0 0.564514 0.6792 0.0869982 0.0453203 0.0061993
0 0.649244 0.366568 0.0977648 0.0738369 0.00615323
0 0.485591 0.460584 0.221924 0.107215 0.00597877
0 0.550561 0.639658 0.120625 0.0509345 0.00582139
0 0.7666 0.444481 0.0425609 0.0253692 0.00577556
0 0.210103 0.911471 0.292044 0.073592 0.00572479
0 0.737381 0.316913 0.0966916 0.058827 0.005651
0 0.524818 0.779392 0.0554799 0.021331 0.00563
0 0.641028 0.308353 0.379226 0.227625 0.00562912
0 0.492771 0.768446 0.119389 0.0515359 0.00560822
0 0.700385 0.382925 0.0824072 0.035395 0.00557779
0 0.785579 0.357802 0.063892 0.0448367 0.00557416
0 0.731662 0.504085 0.0640141 0.0383181 0.00540687
0 0.394705 0.340671 0.0954864 0.0473651 0.00535178
0 0.729037 0.49566 0.025176 0.0207602 0.00529513
0 0.740704 0.509723 0.0347317 0.0359256 0.00517671
0 0.783232 0.864666 0.0168865 0.0109823 0.00512477
0 0.437481 0.589778 0.156425 0.239539 0.00511622
0 0.617486 0.387837 0.372328 0.195195 0.00507156
0 0.59048 0.308904 0.250575 0.10783 0.00488919
0 0.1127 0.93099 0.2254 0.138021 0.00488711
0 0.528584 0.478427 0.0598284 0.0375582 0.0047852
0 0.661625 0.243562 0.0328549 0.0214033 0.00477216
0 0.460398 0.353504 0.304151 0.128135 0.00474056
0 0.636909 0.666101 0.0291511 0.0224801 0.00450713
0 0.285087 0.917554 0.358967 0.0800444 0.0043528
0 0.400382 0.312769 0.469803 0.189415 0.00432827
0 0.547169 0.413883 0.291867 0.1182 0.00428066
0 0.605285 0.646556 0.0286933 0.015013 0.00423584
0 0.559724 0.332983 0.286593 0.141171 0.0042099
0 0.513693 0.775306 0.0597123 0.0206367 0.00419187
0 0.566119 0.618116 0.185307 0.127241 0.00417068
0 0.544961 0.622502 0.0589867 0.0329848 0.00408285
0 0.193779 0.936886 0.387558 0.126228 0.00405345
0 0.374364 0.875977 0.107467 0.0449268 0.00401166
0 0.388755 0.862787 0.173376 0.154351 0.00394424
0 0.218509 0.860024 0.324125 0.162877 0.00394292
0 0.470073 0.764591 0.210811 0.0926966 0.00384845
0 0.153753 0.966824 0.252556 0.0663519 0.00383695
0 0.302348 0.350969 0.0728542 0.0352285 0.00379332
0 0.50021 0.457401 0.327864 0.226371 0.00378296
0 0.196323 0.908991 0.305152 0.121405 0.00366984
0 0.359383 0.735905 0.323613 0.356196 0.00365093
0 0.789001 0.349529 0.244936 0.248367 0.00361294
0 0.555766 0.416243 0.0578706 0.0395259 0.00352898
0 0.621749 0.354329 0.151164 0.0843104 0.00346133
0 0.824367 0.385125 0.0236874 0.0231246 0.00342746
0 0.524742 0.545349 0.349112 0.250484 0.00339561
0 0.712784 0.293494 0.03644 0.0273356 0.00338361
0 0.372674 0.894576 0.163284 0.114261 0.00330417
0 0.388538 0.887739 0.107674 0.100849 0.00330182
0 0.717536 0.393276 0.0457073 0.0264216 0.00325228
0 0.285515 0.895608 0.521947 0.208784 0.00319384
0 0.814417 0.391507 0.0264959 0.0268759 0.00310862
0 0.459337 0.417154 0.288966 0.136729 0.00310814
0 0.0814246 0.973233 0.123902 0.0535348 0.00310612
0 0.748811 0.312595 0.0545602 0.0366296 0.00308497
0 0.763645 0.445437 0.084153 0.0954811 0.00299098
0 0.413911 0.745242 0.254454 0.158085 0.00294138
0 0.777952 0.867325 0.0190633 0.0230429 0.00293965
0 0.759736 0.433646 0.0453434 0.0593005 0.00292145
0 0.364578 0.349649 0.342994 0.185372 0.00291307
0 0.814507 0.372462 0.0582731 0.0256534 0.00287523
0 0.442596 0.465603 0.165042 0.126736 0.00284961
0 0.806878 0.274795 0.0371975 0.0681358 0.00278959
0 0.26399 0.815509 0.333355 0.302374 0.00277394
0 0.479 0.816679 0.114927 0.05163 0.00276027
0 0.75543 0.319999 0.0577822 0.0260998 0.00273138
0 0.556708 0.452777 0.105643 0.0864342 0.00272604
0 0.533372 0.529931 0.102637 0.0505355 0.00272241
0 0.532668 0.496998 0.0869235 0.0544847 0.00267087
0 0.60456 0.644629 0.0396334 0.0186617 0.00266293
0 0.778227 0.383746 0.0642712 0.0311242 0.00265352
0 0.399207 0.876862 0.061356 0.0360126 0.00265304
0 0.892322 0.246159 0.019701 0.0301292 0.00263098
0 0.536268 0.495912 0.440771 0.306339 0.00261644
0 0.545806 0.413042 0.0979838 0.0343576 0.00260611
0 0.41757 0.713432 0.237425 0.089054 0.00258632
0 0.811008 0.265487 0.029031 0.0250457 0.00256183
0 0.531755 0.700938 0.123298 0.0300832 0.00255719
0 0.778067 0.862092 0.0154271 0.0178902 0.00246843
0 0.698015 0.307768 0.182569 0.063872 0.00239798
0 0.537885 0.471063 0.0929474 0.0454696 0.00239632
0 0.311356 0.611179 0.530038 0.41689 0.00239437
0 0.554792 0.233915 0.0597956 0.0188751 0.0023943
0 0.756318 0.421329 0.024936 0.0307152 0.00238255
0 0.893374 0.242406 0.0304316 0.0592921 0.00233175
0 0.429792 0.338914 0.172129 0.0509481 0.00232851
0 0.766886 0.402264 0.109055 0.150835 0.00230024
0 0.665052 0.518861 0.0495217 0.0166651 0.00228072
0 0.338642 0.884465 0.176526 0.0550938 0.00227463
0 0.471929 0.763443 0.25147 0.136829 0.00227253
0 0.890265 0.2346 0.0301104 0.0274 0.00226949
0 0.274991 0.927842 0.054726 0.0384947 0.00223489
0 0.710462 0.288145 0.0296539 0.0150239 0.00222849
0 0.590742 0.341567 0.266453 0.0803353 0.00222649
0 0.621211 0.303183 0.114719 0.066522 0.00222234
0 0.703962 0.375169 0.145911 0.0533919 0.00220431
0 0.469705 0.756168 0.158773 0.0663438 0.0021846
0 0.640011 0.639922 0.0187776 0.0154845 0.0021367
0 0.5348 0.620203 0.056305 0.0255937 0.00211397
0 0.578658 0.645866 0.0858239 0.03759 0.00209852
0 0.489148 0.288256 0.164861 0.133015 0.00206988
0 0.496927 0.678761 0.159124 0.0625236 0.00199393
0 0.493012 0.767115 0.146646 0.0770855 0.00199053
0 0.515166 0.50382 0.204951 0.166519 0.00195122
0 0.571002 0.297159 0.179906 0.100645 0.00194955
0 0.577774 0.434944 0.0945427 0.0527407 0.00194893
0 0.521889 0.620122 0.215579 0.103816 0.00194842
0 0.821298 0.384139 0.0339447 0.027363 0.00194736
0 0.734646 0.495292 0.0468387 0.0605124 0.0019395
0 0.73981 0.28984 0.149603 0.109254 0.00192244
0 0.529157 0.783425 0.0515142 0.0196336 0.00190469
0 0.363359 0.346924 0.167615 0.0794399 0.00189566
0 0.129088 0.971718 0.144772 0.0565639 0.00189435
0 0.540359 0.725854 0.0753671 0.0359654 0.00188243
0 0.572556 0.44415 0.206662 0.139963 0.00186326
0 0.765667 0.300576 0.0660221 0.0327911 0.00182405
0 0.683867 0.341169 0.228303 0.111024 0.00181479
0 0.293617 0.348209 0.0500983 0.0281631 0.00180664
0 0.39347 0.844204 0.385253 0.293873 0.00180461
0 0.714515 0.300865 0.061582 0.0365458 0.00178231
0 0.438209 0.710179 0.151577 0.129787 0.00176356
0 0.516549 0.496703 0.177156 0.109727 0.00176256
0 0.763508 0.315596 0.0593248 0.0261915 0.00175868
0 0.292612 0.494901 0.050762 0.0305962 0.00174873
0 0.313653 0.351299 0.104127 0.04198 0.0017347
0 0.79833 0.672928 0.0173515 0.0114213 0.00173245
0 0.540341 0.452695 0.0680962 0.0460463 0.00172592
0 0.578248 0.602243 0.33535 0.269658 0.00172214
0 0.53359 0.700608 0.111165 0.0486341 0.00171722
0 0.735056 0.512726 0.0305426 0.027583 0.0016684
0 0.742149 0.508206 0.053193 0.0401056 0.00163359
0 0.574554 0.629469 0.059693 0.046886 0.00162282
0 0.642521 0.32543 0.154274 0.0637642 0.00161854
0 0.534688 0.7159 0.115968 0.0405505 0.00160663
0 0.726399 0.679174 0.0206148 0.0235823 0.00157448
0 0.393697 0.778666 0.158708 0.132569 0.00156735
0 0.556633 0.662352 0.122346 0.0573849 0.00156722
0 0.533599 0.689642 0.0886179 0.0268439 0.00156179
0 0.25561 0.910923 0.511221 0.178154 0.00154347
0 0.764763 0.374679 0.0651991 0.0349763 0.00153484
0 0.477249 0.757473 0.309206 0.193571 0.00153358
0 0.526666 0.626526 0.125167 0.0579033 0.00152479
0 0.372812 0.664707 0.257501 0.138885 0.0015215
0 0.482834 0.758918 0.118625 0.0458535 0.00150703
0 0.787187 0.356579 0.0839251 0.0591302 0.00150624
0 0.443906 0.292037 0.28605 0.147937 0.00149882
0 0.728815 0.50136 0.0430947 0.0288548 0.00149007
0 0.53073 0.501394 0.102016 0.0937885 0.00148189
0 0.337135 0.872338 0.205681 0.0580502 0.00147493
0 0.742675 0.361897 0.159972 0.0704606 0.00147363
0 0.717899 0.289318 0.0427632 0.0186625 0.00146753
0 0.740416 0.43867 0.0396255 0.0261255 0.00146344
0 0.519681 0.421141 0.204471 0.0737912 0.00145809
0 0.438272 0.744457 0.16003 0.0713758 0.00144083
0 0.801209 0.372656 0.066173 0.0326775 0.00142295
0 0.63769 0.396226 0.170276 0.140904 0.00140593
0 0.419559 0.762307 0.18104 0.103691 0.0013905
0 0.546055 0.485735 0.074175 0.0552316 0.00138859
0 0.550554 0.532767 0.0728512 0.0415604 0.00138669
0 0.489518 0.820431 0.0942541 0.037076 0.0013793
0 0.730353 0.50568 0.0703999 0.061527 0.00137162
0 0.730002 0.291882 0.0703455 0.0386833 0.00136824
0 0.327652 0.354957 0.119581 0.056237 0.00135318
0 0.334548 0.90149 0.167774 0.0899517 0.00134988
0 0.69918 0.295955 0.149364 0.0499315 0.00132391
0 0.727167 0.392468 0.0196657 0.0217039 0.00131313
0 0.740759 0.440993 0.0219369 0.0282734 0.00130122
0 0.280534 0.939172 0.24763 0.102673 0.00129339
