0 0.468207 0.50331 0.205764 0.0290414 0.421045
0 0.49804 0.499631 0.153606 0.0235566 0.0894062
0 0.466926 0.501684 0.209455 0.0482411 0.08506
0 0.14884 0.468057 0.0209842 0.03803 0.0551607
0 0.493909 0.508783 0.162559 0.0381751 0.0361915
0 0.472354 0.502867 0.230678 0.0789383 0.0280963
0 0.496384 0.505961 0.094632 0.0207657 0.0248911
0 0.588641 0.942261 0.0332961 0.0732281 0.0192657
0 0.479717 0.491966 0.20262 0.044949 0.0136409
0 0.46331 0.51705 0.19119 0.0523269 0.0111672
0 0.471069 0.501794 0.265528 0.189709 0.010183
0 0.481613 0.50208 0.0909204 0.0290977 0.00988029
0 0.367228 0.642365 0.0153726 0.0204827 0.00808676
0 0.333823 0.67046 0.0238836 0.0226466 0.00720478
0 0.585805 0.921588 0.029006 0.0318857 0.00570062
0 0.478223 0.52078 0.204654 0.0821383 0.00542489
0 0.468778 0.475843 0.24258 0.110601 0.00505499
0 0.148492 0.467958 0.030246 0.0541286 0.00492144
0 0.425285 0.506965 0.239008 0.0362829 0.00468862
0 0.552478 0.605167 0.0122947 0.013253 0.00409469
0 0.492924 0.497995 0.0580605 0.0252542 0.00331657
0 0.461824 0.54986 0.20042 0.136107 0.00328249
0 0.31769 0.613766 0.0456057 0.0508968 0.00299528
0 0.334315 0.665127 0.0243016 0.0377795 0.00294399
0 0.528231 0.498621 0.0997693 0.0165973 0.00288083
0 0.503179 0.501239 0.0918523 0.0201375 0.00263127
0 0.406482 0.161605 0.00881634 0.00821354 0.0025528
0 0.467682 0.477644 0.209918 0.067732 0.00254903
0 0.407638 0.163842 0.0104916 0.00853357 0.00232011
0 0.397377 0.65785 0.0291017 0.0385217 0.00231611
0 0.0452053 0.389403 0.0306683 0.0228804 0.00205976
0 0.491459 0.994038 0.0135367 0.0119245 0.00180198
0 0.411525 0.527875 0.292927 0.0867756 0.00169061
0 0.80631 0.957682 0.0849965 0.0624018 0.00162012
0 0.955117 0.960936 0.0747084 0.0660198 0.00153272
0 0.506054 0.519926 0.139398 0.0556015 0.00138762
0 0.48112 0.496158 0.0570887 0.0271855 0.0013693
0 0.495424 0.509789 0.092316 0.0344309 0.00136142
0 0.43761 0.57493 0.233667 0.193172 0.00131938
0 0.421175 0.505963 0.139273 0.0280345 0.00129872
0 0.579608 0.943301 0.0439871 0.0691681 0.00128733
0 0.544593 0.495297 0.0591584 0.0149738 0.00125721
0 0.315287 0.61913 0.0302167 0.0567493 0.00119238
0 0.0388391 0.629193 0.0593307 0.124952 0.00118679
0 0.34911 0.451317 0.514239 0.234002 0.00116106
0 0.410486 0.161796 0.0172893 0.0151229 0.00115822
0 0.40956 0.16437 0.00885839 0.010465 0.00113458
0 0.324316 0.62031 0.0412476 0.0574109 0.00104049
0 0.595175 0.947498 0.0877583 0.086141 0.00102369
0 0.420729 0.523598 0.233815 0.064992 0.00101911
0 0.136673 0.28877 0.013094 0.00985475 0.00101059
