0 0.519874 0.652761 0.0992814 0.0412962 0.733252
0 0.451061 0.335246 0.0198411 0.020533 0.567012
0 0.603161 0.346794 0.0144601 0.0160255 0.332905
0 0.499029 0.64775 0.151579 0.0463596 0.121994
0 0.518813 0.651708 0.0606285 0.0482251 0.104778
0 0.51875 0.653587 0.115045 0.077573 0.0973856
0 0.0708263 0.458749 0.0165239 0.0113585 0.0352063
0 0.5108 0.63953 0.151532 0.0900849 0.023852
0 0.603546 0.350406 0.0183713 0.0198397 0.022952
0 0.495583 0.651112 0.17185 0.184093 0.0165583
0 0.451378 0.339764 0.0224805 0.0258536 0.0150176
0 0.451413 0.339596 0.0300898 0.0493157 0.0149328
0 0.514848 0.659997 0.123928 0.0457851 0.013929
0 0.51002 0.64842 0.0580164 0.0353111 0.0126474
0 0.257891 0.723019 0.00824056 0.00953274 0.0124505
0 0.25904 0.725202 0.00909934 0.00965271 0.0105833
0 0.4885 0.654286 0.153411 0.0868752 0.00937285
0 0.535421 0.65706 0.0674837 0.041825 0.00783094
0 0.51974 0.670342 0.0991193 0.0620565 0.00744511
0 0.456977 0.628332 0.0511395 0.0231396 0.00653737
0 0.0679891 0.312003 0.0113593 0.0139853 0.00624565
0 0.448658 0.333099 0.0296916 0.0238187 0.00620996
0 0.601102 0.347217 0.0220782 0.0230526 0.00616562
0 0.259149 0.723131 0.0135293 0.0150642 0.00601932
0 0.447332 0.328762 0.0204875 0.0239175 0.00596914
0 0.47011 0.635605 0.0968855 0.0331469 0.00537924
0 0.500349 0.624136 0.224163 0.138602 0.00488898
0 0.44855 0.624143 0.023209 0.0153584 0.00480249
0 0.498209 0.642788 0.0674111 0.0368755 0.00459776
0 0.526554 0.665537 0.0718535 0.0398793 0.0044776
0 0.518037 0.641226 0.0892862 0.0503024 0.00425678
0 0.451235 0.624434 0.0386081 0.0128454 0.00424876
0 0.453075 0.329531 0.0207604 0.0352101 0.00386056
0 0.460053 0.334395 0.0357658 0.0328645 0.00378538
0 0.608305 0.348734 0.0193602 0.0198911 0.00369634
0 0.0675595 0.457916 0.0139434 0.0125209 0.00366426
0 0.496795 0.625356 0.138798 0.0661772 0.00335163
0 0.603911 0.342342 0.0160522 0.0167673 0.00325751
0 0.456377 0.333203 0.0303246 0.0570423 0.00314009
0 0.418906 0.853565 0.0206414 0.0220211 0.00284792
0 0.496603 0.644436 0.0477656 0.0307783 0.00203732
0 0.539318 0.0413731 0.0454352 0.0157475 0.00200385
0 0.450058 0.346346 0.0381122 0.0651751 0.00200125
0 0.53543 0.677816 0.244023 0.241651 0.00197689
0 0.521058 0.0497093 0.0168214 0.0114747 0.00194691
0 0.693998 0.313422 0.0119 0.00721765 0.00186619
0 0.534795 0.0456886 0.044983 0.0139242 0.00186201
0 0.199556 0.0686796 0.0168076 0.00708367 0.00155964
0 0.695437 0.315319 0.013017 0.00782552 0.00148808
0 0.608248 0.349128 0.0329744 0.0593707 0.00146478
0 0.0658686 0.314671 0.0128232 0.0131223 0.0014529
0 0.512129 0.661543 0.0578817 0.0397078 0.00132322
0 0.958477 0.968198 0.066338 0.0471029 0.00127189
0 0.473641 0.64026 0.125482 0.0641894 0.00126009
0 0.0663745 0.314263 0.00787591 0.0172098 0.0012443
0 0.544161 0.659288 0.0980741 0.0532941 0.00122976
0 0.488529 0.606387 0.0154396 0.0145763 0.00121478
0 0.449026 0.628702 0.135145 0.0330899 0.00113081
0 0.430532 0.973701 0.00846853 0.0193333 0.00110818
0 0.0664142 0.309778 0.00870317 0.0116114 0.00105741
