0 0.506369 0.500734 0.132936 0.0478062 0.807689
0 0.502464 0.504596 0.143716 0.0883283 0.177673
0 0.472014 0.554527 0.217667 0.115836 0.122347
0 0.438624 0.593388 0.17414 0.0338174 0.119229
0 0.460322 0.591666 0.165299 0.0453128 0.057584
0 0.51182 0.500684 0.0915195 0.0408916 0.0401894
0 0.494422 0.503154 0.190242 0.185785 0.032689
0 0.444578 0.595713 0.114615 0.0247317 0.0225935
0 0.492661 0.532631 0.144236 0.127375 0.022039
0 0.502843 0.4959 0.0601792 0.052648 0.0207459
0 0.435263 0.600878 0.170794 0.0759205 0.0145007
0 0.443559 0.573729 0.208517 0.0783361 0.0116554
0 0.480753 0.58007 0.172396 0.0841516 0.0113056
0 0.478046 0.504515 0.117184 0.0405099 0.00679188
0 0.50369 0.508759 0.0935628 0.0445415 0.00624155
0 0.431064 0.591369 0.062433 0.0274135 0.00567274
0 0.444071 0.587571 0.261636 0.147983 0.00516979
0 0.503701 0.482466 0.130546 0.070645 0.00492333
0 0.390436 0.594671 0.108994 0.0304016 0.00419192
0 0.477265 0.505698 0.06884 0.0310055 0.0039934
0 0.485263 0.497016 0.0793111 0.0454719 0.00388133
0 0.456285 0.598165 0.131476 0.0359055 0.00382141
0 0.503641 0.49171 0.0917912 0.0439245 0.00375975
0 0.444024 0.597198 0.0738991 0.0266164 0.00366618
0 0.095149 0.619874 0.0254418 0.0522129 0.00323914
0 0.606618 0.04493 0.0197931 0.0100435 0.00320285
0 0.365408 0.593042 0.0413505 0.0221924 0.00312736
0 0.357742 0.592522 0.0235057 0.0173521 0.00302854
0 0.442927 0.593875 0.0565309 0.0214652 0.00293111
0 0.431144 0.590444 0.0490498 0.0186682 0.00290224
0 0.432612 0.62355 0.170568 0.157655 0.00220715
0 0.472561 0.559947 0.15047 0.0960951 0.00195331
0 0.539924 0.494821 0.116891 0.0501966 0.00192021
0 0.41224 0.97067 0.0318754 0.0575636 0.00188561
0 0.976808 0.431169 0.0269361 0.0623607 0.00180744
0 0.60985 0.0438293 0.0214936 0.0090848 0.00166566
0 0.610484 0.0434851 0.0239188 0.0136978 0.00160743
0 0.518737 0.480525 0.184057 0.109126 0.00159684
0 0.968529 0.454726 0.0111467 0.00976944 0.00149747
0 0.379939 0.593929 0.0703069 0.0280186 0.00149547
0 0.460374 0.505692 0.0315967 0.0232318 0.00147889
0 0.983703 0.430707 0.0279591 0.057437 0.0013209
0 0.527977 0.508976 0.123585 0.0551229 0.00130873
0 0.101493 0.616412 0.026986 0.0524028 0.00121069
0 0.506081 0.573453 0.200191 0.133741 0.00119422
0 0.97851 0.440182 0.0175783 0.0443428 0.00119357
0 0.0897168 0.61914 0.026416 0.0448005 0.0011821
0 0.60343 0.0449484 0.0213283 0.0129278 0.00114326
0 0.460303 0.511908 0.0361321 0.0212652 0.00105092
0 0.0171614 0.976822 0.0241719 0.0438234 0.00103107
0 0.414176 0.978817 0.00885248 0.0362062 0.00102502
0 0.524098 0.532399 0.248069 0.204303 0.00100613
0 0.0937904 0.62379 0.0367191 0.0765183 0.00100516
