0 0.306268 0.637109 0.276921 0.18867 0.856759
0 0.528508 0.484499 0.126184 0.0826605 0.646779
0 0.337001 0.615163 0.373271 0.236564 0.321073
0 0.308701 0.640253 0.165013 0.20059 0.292993
0 0.597824 0.432553 0.0165033 0.0121814 0.101017
0 0.392545 0.624005 0.506638 0.320693 0.0809285
0 0.515616 0.493995 0.187673 0.154151 0.0515605
0 0.844399 0.245015 0.0856346 0.0651433 0.0441365
0 0.533779 0.466844 0.196541 0.162075 0.0425902
0 0.771115 0.292204 0.219964 0.188136 0.0374795
0 0.827874 0.267527 0.121818 0.104539 0.0266065
0 0.808241 0.288496 0.153669 0.154324 0.0217616
0 0.737645 0.329691 0.0692449 0.0797209 0.0175046
0 0.742111 0.329317 0.269165 0.21564 0.0174678
0 0.741202 0.320035 0.12685 0.0922271 0.0169081
0 0.728245 0.3358 0.162621 0.111887 0.015665
0 0.74679 0.320786 0.0301632 0.0319358 0.0137635
0 0.739286 0.336086 0.100402 0.104763 0.0124785
0 0.740491 0.331337 0.0527813 0.05956 0.0111415
0 0.548329 0.47169 0.131493 0.0881804 0.0102907
0 0.502268 0.485589 0.0956499 0.0689764 0.0088702
0 0.712284 0.35114 0.219939 0.149262 0.00776897
0 0.7156 0.38821 0.401862 0.349833 0.00763406
0 0.519812 0.511473 0.128388 0.112076 0.00716751
0 0.333208 0.601848 0.246583 0.195378 0.00664583
0 0.290613 0.599082 0.249899 0.15508 0.00653582
0 0.592046 0.434466 0.0236967 0.0172886 0.00648898
0 0.749327 0.317475 0.0176758 0.0251948 0.00638375
0 0.82467 0.25621 0.106308 0.0625153 0.00622626
0 0.753559 0.335747 0.212617 0.161844 0.00574886
0 0.596498 0.429731 0.0172208 0.0189178 0.00552885
0 0.289928 0.675782 0.226489 0.190808 0.0055262
0 0.514802 0.525321 0.146661 0.175136 0.00538051
0 0.499073 0.646043 0.690987 0.445247 0.00448062
0 0.44557 0.564831 0.593641 0.343131 0.00442701
0 0.660406 0.0184401 0.0157343 0.0169222 0.00440881
0 0.766016 0.306647 0.144841 0.140342 0.004036
0 0.51259 0.498225 0.099615 0.0662724 0.00400283
0 0.673177 0.352538 0.453716 0.21874 0.00371449
0 0.303855 0.700581 0.24867 0.318457 0.0037144
0 0.767188 0.118192 0.014582 0.0143915 0.00368076
0 0.75046 0.316549 0.0278182 0.0266941 0.00365404
0 0.139562 0.845755 0.0137963 0.0105015 0.0033428
0 0.537423 0.527976 0.371473 0.226575 0.00325633
0 0.355312 0.516397 0.663722 0.407181 0.00323423
0 0.80239 0.324506 0.17408 0.199501 0.00297733
0 0.842244 0.241208 0.0997793 0.0942953 0.00295748
0 0.659284 0.436828 0.435205 0.354292 0.00295243
0 0.518693 0.479549 0.0604628 0.0672319 0.00288458
0 0.824813 0.254131 0.0615791 0.0459408 0.00280571
0 0.215606 0.718617 0.0918181 0.0664784 0.00279729
0 0.825814 0.29901 0.249329 0.195524 0.00279026
0 0.744567 0.288482 0.147465 0.1416 0.0027334
0 0.500249 0.49946 0.133029 0.0883884 0.00265107
0 0.932072 0.0220867 0.04485 0.0256122 0.00255647
0 0.698231 0.361233 0.123407 0.10099 0.00247121
0 0.751953 0.202921 0.0124006 0.00738597 0.00241777
0 0.711513 0.37343 0.262097 0.227748 0.0023838
0 0.784196 0.350496 0.207877 0.283325 0.00232512
0 0.606254 0.400809 0.437094 0.247983 0.00228016
0 0.382179 0.951037 0.0744637 0.0722719 0.00222311
0 0.597483 0.435476 0.023613 0.0221319 0.00217898
0 0.920889 0.0224414 0.06392 0.0311361 0.00205211
0 0.271661 0.641061 0.16681 0.177737 0.00203989
0 0.472944 0.038265 0.0355125 0.0387811 0.00198061
0 0.749575 0.202308 0.00921965 0.00975685 0.00197437
0 0.472968 0.503463 0.394317 0.21578 0.00194767
0 0.644446 0.403833 0.236168 0.236841 0.0019466
0 0.595309 0.430448 0.0278104 0.0226627 0.00193251
0 0.708464 0.271516 0.408672 0.231551 0.00187482
0 0.666141 0.378213 0.205415 0.159935 0.00180509
0 0.819703 0.26367 0.0575422 0.0466166 0.00173784
0 0.486125 0.557851 0.213519 0.238177 0.00171967
0 0.659326 0.0154856 0.0186761 0.0145505 0.0017158
0 0.499867 0.501221 0.0612766 0.0507439 0.00171147
0 0.196162 0.723541 0.0643442 0.0550563 0.00167756
0 0.536925 0.454893 0.120087 0.0797894 0.00165204
0 0.842028 0.248822 0.058461 0.0550975 0.0016499
0 0.568041 0.48556 0.216529 0.17029 0.00164625
0 0.75291 0.314923 0.0173612 0.0207919 0.00164499
0 0.406267 0.738243 0.519051 0.421466 0.00150081
0 0.416565 0.0914461 0.0476798 0.0203041 0.00149661
0 0.259402 0.675879 0.216851 0.138341 0.00148112
0 0.459052 0.584477 0.291577 0.305247 0.00147164
0 0.738461 0.340587 0.0379052 0.0683601 0.00146046
0 0.752427 0.20421 0.00985823 0.0122874 0.00143172
0 0.182548 0.730136 0.0368537 0.0360127 0.00142198
0 0.797774 0.259755 0.156958 0.107912 0.00141697
0 0.837918 0.25505 0.263747 0.199464 0.00135327
0 0.597102 0.434577 0.048322 0.0302022 0.00133779
0 0.585283 0.456252 0.27016 0.158869 0.00132466
0 0.559685 0.406482 0.564965 0.356333 0.00129644
0 0.478405 0.0446195 0.0300523 0.0319897 0.00127108
0 0.721473 0.341807 0.0965565 0.0814031 0.00125594
0 0.706305 0.352961 0.0797859 0.113505 0.00124128
0 0.230545 0.708547 0.115265 0.074064 0.00123565
0 0.240287 0.685845 0.132691 0.125664 0.00120479
0 0.351137 0.654424 0.258904 0.266205 0.00117286
0 0.379398 0.588438 0.261258 0.151242 0.00117002
0 0.585198 0.453495 0.369369 0.250268 0.00116219
0 0.622328 0.914718 0.112671 0.107496 0.00116132
0 0.142232 0.84814 0.0159322 0.0149334 0.00115432
0 0.592542 0.429207 0.0498245 0.0266729 0.00112994
0 0.117833 0.378899 0.0154173 0.00947695 0.0010917
0 0.692934 0.366073 0.082664 0.0720589 0.00108444
0 0.0422613 0.960773 0.0665056 0.0671579 0.00100088
