0 0.162107 0.501021 0.0324134 0.0930127 0.611749
0 0.123819 0.449097 0.11474 0.20285 0.433354
0 0.199571 0.54384 0.0119718 0.0138388 0.228102
0 0.165241 0.532559 0.0300571 0.0281554 0.167698
0 0.122484 0.411974 0.110782 0.117436 0.117564
0 0.164233 0.517793 0.0344319 0.0630445 0.102389
0 0.153771 0.485258 0.0433071 0.126525 0.101945
0 0.0622227 0.286166 0.0295187 0.0205128 0.0783574
0 0.131317 0.469671 0.0967899 0.12924 0.047737
0 0.127262 0.44127 0.0943963 0.0743306 0.0453052
0 0.114908 0.423035 0.16489 0.202927 0.0301979
0 0.154958 0.496089 0.0291826 0.0931152 0.0282258
0 0.0833727 0.380558 0.0283231 0.0567598 0.0273656
0 0.171885 0.504561 0.0440424 0.091281 0.0235844
0 0.169622 0.536378 0.0352284 0.0266701 0.0221676
0 0.168009 0.496939 0.075768 0.131266 0.019637
0 0.140503 0.472171 0.168322 0.223679 0.0183865
0 0.197319 0.540876 0.0167388 0.0190479 0.0174494
0 0.20238 0.545257 0.0123872 0.0117825 0.0156409
0 0.154975 0.504086 0.0213209 0.0640389 0.0147462
0 0.171326 0.532265 0.0184675 0.0257183 0.014011
0 0.100464 0.40501 0.0893632 0.109648 0.0137972
0 0.160699 0.510458 0.0473848 0.0811947 0.0122014
0 0.168358 0.52765 0.0337313 0.0553808 0.0118862
0 0.201477 0.542004 0.0123547 0.015484 0.0108426
0 0.152612 0.473641 0.0702898 0.162696 0.00975015
0 0.0855575 0.374568 0.0225468 0.0412694 0.00783706
0 0.0826748 0.390338 0.0356507 0.0725859 0.00778438
0 0.16415 0.47345 0.0267523 0.0636054 0.00754739
0 0.256613 0.976874 0.0111335 0.0157291 0.00636736
0 0.0557766 0.284743 0.0453615 0.0306305 0.00630396
0 0.954972 0.959589 0.0604004 0.0691925 0.00587316
0 0.0600966 0.29152 0.030733 0.0283921 0.00531972
0 0.106311 0.435188 0.115714 0.145697 0.00459098
0 0.171774 0.51982 0.0538034 0.0537811 0.00402576
0 0.183501 0.491278 0.211284 0.251039 0.00397408
0 0.177851 0.539428 0.0209468 0.0211031 0.00370869
0 0.086814 0.396874 0.0634542 0.0975618 0.00336785
0 0.113445 0.440218 0.0575618 0.0519347 0.00324256
0 0.164663 0.538797 0.0250956 0.0234854 0.00314436
0 0.1095 0.432345 0.0851163 0.0785244 0.00292614
0 0.955935 0.938308 0.07309 0.113881 0.00288421
0 0.198728 0.542966 0.0251429 0.0248839 0.00265199
0 0.162927 0.464475 0.131835 0.172981 0.00264473
0 0.258835 0.976472 0.0176923 0.0203171 0.00263915
0 0.0583713 0.276893 0.0416958 0.0406286 0.00215713
0 0.0617462 0.287969 0.0426275 0.0602706 0.00205048
0 0.160787 0.5313 0.0288233 0.0364316 0.00203625
0 0.173888 0.519751 0.0335014 0.0644086 0.00193453
0 0.0965831 0.405894 0.0549051 0.124579 0.0018634
0 0.107503 0.385063 0.127178 0.188919 0.00184027
0 0.126622 0.437843 0.0588669 0.0533697 0.00179886
0 0.0844757 0.403348 0.0405938 0.110902 0.0017121
0 0.0813914 0.411192 0.101181 0.170422 0.00157399
0 0.194651 0.543697 0.0221451 0.0196449 0.00156441
0 0.145894 0.417783 0.146962 0.166424 0.00151915
0 0.121772 0.497735 0.100426 0.194075 0.00151818
0 0.111952 0.465404 0.101442 0.103372 0.00146804
0 0.253289 0.980702 0.0170699 0.0182938 0.00145625
0 0.926681 0.947919 0.090373 0.0981876 0.00140347
0 0.0425963 0.276825 0.0695037 0.0458257 0.00129437
0 0.0721817 0.282508 0.0302459 0.0219313 0.00128809
0 0.100965 0.384372 0.0757099 0.0780742 0.00126814
0 0.0443039 0.300176 0.0869556 0.0960399 0.00122746
0 0.165833 0.462387 0.0235098 0.031651 0.00121287
0 0.0839616 0.446144 0.156318 0.20852 0.00116378
0 0.179763 0.521369 0.0851053 0.122098 0.00113296
0 0.0464591 0.288053 0.071519 0.0516258 0.00108169
0 0.129654 0.382554 0.166621 0.238081 0.00107974
0 0.159135 0.455063 0.0266377 0.049697 0.00106676
0 0.936156 0.735874 0.015625 0.0196279 0.00104815
0 0.0584784 0.296736 0.0463073 0.0400835 0.00104199
0 0.0647448 0.277719 0.0289635 0.0340086 0.00103971
