0 0.273294 0.0871233 0.147915 0.053453 0.710084
0 0.338136 0.197979 0.0299315 0.0554477 0.605839
0 0.954676 0.0662133 0.0898068 0.0843837 0.557885
0 0.869242 0.0775407 0.0384241 0.0396381 0.523538
0 0.926765 0.0651158 0.146471 0.0993579 0.250983
0 0.872302 0.00759628 0.031805 0.0151926 0.24617
0 0.630588 0.882522 0.0568199 0.0585142 0.220193
0 0.272494 0.095891 0.157922 0.0901711 0.219511
0 0.276449 0.193276 0.026432 0.015757 0.199824
0 0.982316 0.100196 0.031218 0.0317757 0.11667
0 0.572275 0.92728 0.0390462 0.0314476 0.0981639
0 0.910584 0.0706905 0.126789 0.0734974 0.0903147
0 0.70047 0.85465 0.218477 0.112497 0.0817325
0 0.756577 0.816662 0.104577 0.028392 0.0791066
0 0.62193 0.891614 0.0751573 0.0754827 0.0781677
0 0.793915 0.0221062 0.061067 0.0435964 0.073706
0 0.269862 0.127005 0.162424 0.154158 0.0618456
0 0.289129 0.0789805 0.135493 0.0477716 0.0558769
0 0.295733 0.958591 0.0731927 0.0716162 0.0532858
0 0.866045 0.0085558 0.0274202 0.0171116 0.0485987
0 0.722848 0.83511 0.168223 0.0668125 0.0443664
0 0.281286 0.0861799 0.0961055 0.0446995 0.0443528
0 0.273172 0.194181 0.0270404 0.0212339 0.0360131
0 0.929175 0.065323 0.14165 0.130646 0.035244
0 0.27194 0.100844 0.204514 0.179199 0.0341324
0 0.747927 0.823442 0.106567 0.036367 0.0328466
0 0.865907 0.0628322 0.0659634 0.0693339 0.0303026
0 0.95579 0.0629719 0.060111 0.0683825 0.0285782
0 0.890955 0.457741 0.0573141 0.0514293 0.0261265
0 0.801618 0.0251815 0.0507418 0.0321514 0.0257298
0 0.876389 0.00967077 0.0296143 0.0193415 0.024332
0 0.341596 0.208661 0.0216505 0.0375112 0.0221032
0 0.575703 0.920637 0.0578296 0.0469736 0.0217958
0 0.784537 0.0187625 0.0441707 0.036309 0.0217558
0 0.614796 0.893509 0.103478 0.0981911 0.0206331
0 0.567802 0.927993 0.0535765 0.0414831 0.0188845
0 0.962961 0.0756287 0.0654991 0.0706985 0.0188038
0 0.758391 0.439259 0.0441912 0.0945255 0.0186852
0 0.943841 0.0727536 0.112318 0.145507 0.0172424
0 0.824508 0.0232942 0.127265 0.0465884 0.0150688
0 0.950667 0.0455267 0.098666 0.0910533 0.0141209
0 0.621921 0.887685 0.0457893 0.0474333 0.0129182
0 0.272084 0.194201 0.0319617 0.0308613 0.0127668
0 0.284684 0.952431 0.108973 0.0744532 0.0126214
0 0.868949 0.0659459 0.0436008 0.0586233 0.0118447
0 0.811363 0.0215926 0.0731342 0.0431853 0.0116641
0 0.400591 0.963478 0.0868496 0.0595375 0.011563
0 0.740778 0.827857 0.116214 0.0593369 0.011085
0 0.258505 0.957959 0.0863614 0.0697281 0.0110509
0 0.85908 0.0563509 0.103874 0.112702 0.010449
0 0.238945 0.0941086 0.163753 0.0537016 0.010441
0 0.869965 0.0328931 0.067071 0.0643702 0.00956061
0 0.905201 0.0822393 0.189597 0.154475 0.00914963
0 0.756776 0.357788 0.212571 0.315402 0.00891865
0 0.992069 0.00692845 0.012542 0.0128881 0.00874391
0 0.325404 0.194265 0.0627686 0.0627055 0.00859781
0 0.976445 0.0817442 0.0444695 0.0746796 0.00815007
0 0.981419 0.0992794 0.0371621 0.0516576 0.00783279
0 0.781281 0.01017 0.0366989 0.0199565 0.00742678
0 0.756911 0.813707 0.0589352 0.0292498 0.00733681
0 0.877241 0.00624638 0.0298767 0.0124928 0.00724638
0 0.886113 0.0697022 0.066132 0.0536403 0.00720793
0 0.336836 0.183673 0.0276706 0.0490119 0.00683336
0 0.861344 0.0109277 0.0485893 0.0218553 0.00679581
0 0.983132 0.10911 0.0299252 0.0311935 0.00622054
0 0.23293 0.0934561 0.0705677 0.0438881 0.00598382
0 0.803882 0.04086 0.100726 0.08172 0.00585776
0 0.879035 0.0639175 0.0502216 0.0760805 0.0057888
0 0.329858 0.195341 0.0241974 0.0526817 0.0055472
0 0.255155 0.0840556 0.0865892 0.0455812 0.00551057
0 0.730768 0.255769 0.183685 0.115567 0.0052255
0 0.881897 0.042295 0.0897926 0.08459 0.00514601
0 0.74893 0.421642 0.0727311 0.127968 0.00512361
0 0.345459 0.194589 0.0379512 0.0563242 0.00505358
0 0.988927 0.00518823 0.0211611 0.0103765 0.00503758
0 0.601782 0.894571 0.233419 0.185317 0.00502083
0 0.35481 0.963971 0.0543524 0.0528143 0.00501642
0 0.706178 0.837922 0.0532122 0.0300541 0.00500512
0 0.617529 0.898607 0.0336571 0.0350315 0.00493435
0 0.790679 0.0132417 0.0444895 0.0264834 0.00444993
0 0.700231 0.828533 0.257575 0.156382 0.00434737
0 0.867589 0.0798014 0.0894741 0.104959 0.00434625
0 0.69433 0.828538 0.220751 0.101591 0.00423951
0 0.776555 0.0164108 0.0410476 0.0270972 0.00422981
0 0.810876 0.0214264 0.0431015 0.0385196 0.00417889
0 0.859704 0.0774086 0.0402054 0.0373603 0.00416211
0 0.396383 0.955762 0.110576 0.0884763 0.00397209
0 0.689637 0.24404 0.0871383 0.0886604 0.00395827
0 0.892481 0.0330509 0.121771 0.0661017 0.00390873
0 0.34533 0.203008 0.0279913 0.050244 0.00379304
0 0.844561 0.00730481 0.0555439 0.0146096 0.00375845
0 0.827592 0.0334159 0.152968 0.0668317 0.00373186
0 0.874101 0.0842694 0.0456327 0.0518911 0.00372809
0 0.585842 0.923099 0.0945873 0.0875254 0.00362565
0 0.613512 0.89581 0.0492307 0.0395855 0.00362523
0 0.859764 0.076699 0.0558905 0.0450975 0.00360681
0 0.862419 0.0118558 0.031638 0.0237116 0.0035988
0 0.966552 0.518822 0.0434467 0.0729325 0.00356224
0 0.747107 0.302227 0.222613 0.196025 0.00350779
0 0.275656 0.195661 0.0422792 0.0592946 0.00350488
0 0.704903 0.836265 0.0305325 0.0209097 0.0034495
0 0.340271 0.206883 0.0471469 0.0551899 0.00340641
0 0.70403 0.248767 0.132961 0.0932257 0.00337883
0 0.646547 0.884603 0.0725359 0.0625275 0.00325313
0 0.87343 0.0216383 0.0469658 0.0432766 0.00323474
0 0.894037 0.466084 0.0742079 0.0854938 0.00322733
0 0.74805 0.815017 0.0806443 0.0211023 0.00316929
0 0.760056 0.809829 0.0913337 0.0305464 0.00313999
0 0.26085 0.938889 0.116418 0.122222 0.00313083
0 0.763373 0.436381 0.0746148 0.124372 0.00304063
0 0.284108 0.952278 0.0641006 0.0954436 0.00304036
0 0.277296 0.0758683 0.0588236 0.0568285 0.00296096
0 0.314513 0.192362 0.110652 0.135278 0.00292493
0 0.584417 0.922342 0.0505358 0.0366631 0.00281068
0 0.846698 0.0736088 0.229255 0.147218 0.00276314
0 0.647005 0.64216 0.0361069 0.0495686 0.00275332
0 0.293276 0.928407 0.308324 0.143185 0.00272579
0 0.749661 0.410329 0.124601 0.208857 0.00268772
0 0.862942 0.0841823 0.0269184 0.0336377 0.00263186
0 0.671804 0.86329 0.140835 0.0897148 0.00255079
0 0.27274 0.126767 0.0929721 0.128843 0.00254186
0 0.414981 0.94767 0.106826 0.0700346 0.00253105
0 0.593148 0.847621 0.0314641 0.0430254 0.00252912
0 0.297362 0.00505711 0.024768 0.0101142 0.0025051
0 0.234705 0.105829 0.208489 0.0912942 0.00248892
0 0.89014 0.0609845 0.0837341 0.0877557 0.00241302
0 0.269135 0.0770577 0.0870904 0.0421108 0.00236652
0 0.266009 0.192485 0.0274435 0.0268814 0.00233191
0 0.567346 0.914689 0.100734 0.104896 0.00230845
0 0.773868 0.0087613 0.0313337 0.016895 0.00229278
0 0.72059 0.832762 0.125799 0.0419853 0.00222657
0 0.220816 0.0944158 0.0402152 0.0428132 0.00219248
0 0.948447 0.0735798 0.0587318 0.063553 0.00217741
0 0.844159 0.0056564 0.0327507 0.0113128 0.00213036
0 0.329339 0.200684 0.0373001 0.052766 0.00212763
0 0.244582 0.902318 0.383366 0.195364 0.00209218
0 0.886102 0.00737545 0.0329681 0.0147509 0.00209099
0 0.289717 0.0771563 0.09128 0.0277786 0.0020906
0 0.0964902 0.929525 0.0145622 0.0124924 0.00208906
0 0.794637 0.0344399 0.06628 0.0537575 0.00202228
0 0.908758 0.104874 0.107155 0.0644785 0.00197238
0 0.679373 0.241932 0.0621367 0.0673567 0.00192174
0 0.362763 0.963649 0.0483792 0.0727013 0.00187384
0 0.800625 0.0830901 0.24338 0.16618 0.00187373
0 0.917152 0.0972385 0.138357 0.123131 0.00186853
0 0.703356 0.838796 0.106797 0.0326071 0.00186095
0 0.320323 0.957301 0.0926753 0.066428 0.00184151
0 0.303837 0.0731961 0.123481 0.0286439 0.00180257
0 0.921479 0.0569544 0.157041 0.113909 0.00179281
0 0.970571 0.0612248 0.0588581 0.0806845 0.00178638
0 0.754514 0.843142 0.100988 0.0599119 0.0017472
0 0.3669 0.956328 0.0294976 0.0576796 0.00171537
0 0.336157 0.18305 0.035553 0.0665835 0.00168139
0 0.338086 0.199537 0.0883576 0.132979 0.00165324
0 0.834126 0.0546417 0.239016 0.109283 0.0016451
0 0.422926 0.939416 0.124137 0.121168 0.00163545
0 0.565163 0.937295 0.0915799 0.0813587 0.00163545
0 0.803932 0.0166297 0.0634431 0.0332594 0.00163379
0 0.397783 0.909816 0.438171 0.180369 0.00163192
0 0.271226 0.17594 0.149374 0.148127 0.0016302
0 0.777844 0.0228314 0.062604 0.0344284 0.001629
0 0.153586 0.993814 0.015513 0.009729 0.00158397
0 0.269295 0.0973473 0.0945944 0.0651176 0.00158021
0 0.992526 0.00974855 0.0149472 0.0139421 0.00157787
0 0.898291 0.0449239 0.144336 0.0898479 0.00155401
0 0.874013 0.0487569 0.0526474 0.0820502 0.00154963
0 0.366922 0.956705 0.0138414 0.0380169 0.00152248
0 0.267301 0.17636 0.191432 0.20993 0.00151325
0 0.73869 0.258925 0.232515 0.165445 0.00150253
0 0.59156 0.854848 0.0420089 0.0479773 0.00150118
0 0.947518 0.0876568 0.0904091 0.0837828 0.00149064
0 0.833015 0.00496441 0.0298315 0.00992882 0.00148145
0 0.301498 0.00530072 0.0219689 0.0086942 0.00147726
0 0.558212 0.930402 0.0521589 0.0307415 0.00144327
0 0.846895 0.0148517 0.0848106 0.0297033 0.00142331
0 0.365998 0.956787 0.043971 0.0465446 0.00141662
0 0.890363 0.0877625 0.0880001 0.0736655 0.00140597
0 0.613025 0.895407 0.0241699 0.0251181 0.00139574
0 0.354011 0.966021 0.0355361 0.0603121 0.00138768
0 0.991143 0.0110843 0.0165222 0.0198851 0.00138427
0 0.583547 0.868765 0.0900672 0.10703 0.0013767
0 0.278249 0.950781 0.0723487 0.0612114 0.00136693
0 0.363292 0.952657 0.0393005 0.0946857 0.00135278
0 0.779654 0.0336695 0.111712 0.067339 0.00135006
0 0.264719 0.0847015 0.0588773 0.0561784 0.00132574
0 0.737324 0.809184 0.276212 0.217113 0.00127973
0 0.60087 0.861474 0.294712 0.1787 0.00127902
0 0.632257 0.908203 0.106725 0.0883774 0.00126394
0 0.936577 0.0641494 0.0629402 0.0671314 0.00126114
0 0.832399 0.00321398 0.0251328 0.00642796 0.0012485
0 0.786117 0.3171 0.312596 0.258063 0.00124533
0 0.263325 0.949334 0.0680816 0.101332 0.00121966
0 0.718101 0.33685 0.178829 0.283068 0.00121673
0 0.352456 0.960174 0.0779577 0.0796513 0.00121097
0 0.112146 0.483258 0.0298929 0.041675 0.00120871
0 0.984134 0.0869369 0.0317313 0.0683124 0.00119211
0 0.67838 0.896228 0.198213 0.147473 0.00119191
0 0.879387 0.455977 0.0525848 0.0650937 0.00118115
0 0.336586 0.216797 0.0247484 0.0382241 0.00117577
0 0.358821 0.957756 0.0250592 0.0525438 0.00116042
0 0.47669 0.0791052 0.014321 0.0198699 0.00116005
0 0.940341 0.117754 0.119317 0.17459 0.00113458
0 0.652599 0.871257 0.0979815 0.0699036 0.00112055
0 0.991031 0.0365545 0.0166121 0.0212181 0.0011089
0 0.20004 0.296585 0.271856 0.465323 0.00109171
0 0.530222 0.539298 0.0915344 0.170006 0.001086
0 0.283651 0.193006 0.0331616 0.0249002 0.00108513
0 0.840712 0.0102155 0.145911 0.020431 0.00106959
0 0.596147 0.910151 0.274196 0.179697 0.00105279
0 0.85881 0.0065374 0.059795 0.0130748 0.00104555
0 0.25377 0.645389 0.0421733 0.0662179 0.00102593
0 0.0958871 0.932282 0.0184957 0.0161636 0.00102406
0 0.859719 0.0789967 0.0613062 0.0766821 0.00100753
0 0.739273 0.847692 0.128642 0.0801548 0.0010048
0 0.833456 0.00571409 0.0615297 0.0114282 0.00100009
