0 0.475443 0.443677 0.0804524 0.0985579 0.767461
0 0.520999 0.560362 0.089509 0.0885479 0.707774
0 0.50639 0.551485 0.144954 0.170567 0.0514192
0 0.472682 0.438564 0.059639 0.0688375 0.051001
0 0.488771 0.445581 0.178943 0.173946 0.0457701
0 0.484495 0.466768 0.0826362 0.147612 0.0321576
0 0.522354 0.389109 0.0151087 0.0127748 0.0244326
0 0.519475 0.560917 0.0598306 0.0698829 0.0209225
0 0.53641 0.56771 0.0782302 0.0773933 0.0185028
0 0.510149 0.545282 0.0800245 0.0701059 0.018101
0 0.454749 0.423523 0.1669 0.191238 0.0157685
0 0.539822 0.578217 0.0513387 0.0504844 0.0150788
0 0.48952 0.531927 0.030463 0.0294597 0.0113934
0 0.496688 0.537635 0.0415152 0.037418 0.0093099
0 0.52311 0.386605 0.0178578 0.0182166 0.00776905
0 0.328193 0.0741749 0.0112763 0.017935 0.00773243
0 0.538299 0.576836 0.188971 0.179066 0.00671343
0 0.530287 0.573112 0.0572039 0.0634963 0.00549204
0 0.503539 0.536772 0.0586563 0.0471616 0.00526094
0 0.491763 0.52701 0.0395648 0.0462588 0.00499869
0 0.491619 0.462606 0.0432502 0.0514799 0.00313548
0 0.54548 0.585541 0.043557 0.0424871 0.00298168
0 0.489411 0.549805 0.0717312 0.091205 0.00292945
0 0.494244 0.44408 0.0934461 0.0870041 0.00292012
0 0.510281 0.52968 0.0896055 0.106851 0.0028452
0 0.357157 0.149205 0.0133064 0.0161127 0.00235719
0 0.523156 0.391302 0.0195247 0.0234092 0.002268
0 0.486101 0.440573 0.054742 0.0695433 0.00215647
0 0.471327 0.471919 0.10218 0.208038 0.002113
0 0.453552 0.443179 0.0883102 0.0862994 0.00192615
0 0.456565 0.408763 0.0385032 0.030303 0.00183245
0 0.503225 0.554773 0.0564528 0.0774728 0.0017451
0 0.246265 0.209149 0.0102288 0.00937352 0.00157714
0 0.490563 0.526306 0.0500332 0.0907555 0.00155461
0 0.516976 0.522124 0.114383 0.153418 0.00153706
0 0.448676 0.826549 0.0113099 0.0109873 0.0014049
0 0.486961 0.555455 0.0965604 0.128968 0.00138727
0 0.511579 0.44327 0.133384 0.13754 0.00137356
0 0.327714 0.0713534 0.0141911 0.0191708 0.00131346
0 0.460146 0.474769 0.173598 0.188754 0.00122009
0 0.550937 0.586652 0.0276921 0.0357325 0.00108435
0 0.497076 0.472976 0.0270176 0.0353359 0.00103269
