0 0.174828 0.311909 0.311749 0.125847 0.125937
0 0.646879 0.168099 0.15802 0.0444233 0.0222846
0 0.129889 0.332747 0.227851 0.109258 0.0179279
0 0.458556 0.560703 0.917112 0.782854 0.0145294
0 0.209629 0.293595 0.30522 0.099223 0.0132231
0 0.393962 0.357267 0.787924 0.67678 0.011166
0 0.434968 0.145683 0.869936 0.286247 0.0104789
0 0.158477 0.353048 0.27935 0.161984 0.00993551
0 0.973117 0.397697 0.0260672 0.0418357 0.00988495
0 0.183479 0.279241 0.337051 0.156246 0.00974869
0 0.263081 0.161884 0.526162 0.323768 0.00933776
0 0.232651 0.302015 0.465301 0.136994 0.00917626
0 0.160688 0.313578 0.151088 0.0858485 0.0089438
0 0.65016 0.174824 0.147227 0.0709485 0.00891306
0 0.185118 0.397543 0.326479 0.318717 0.00748732
0 0.0416942 0.36093 0.0766347 0.0469257 0.00732442
0 0.615439 0.180346 0.0805653 0.0165743 0.00665116
0 0.186122 0.297919 0.167153 0.0867679 0.00608629
0 0.314233 0.349604 0.628465 0.506765 0.00552092
0 0.687804 0.16354 0.088641 0.0455672 0.0054804
0 0.284006 0.270875 0.0920013 0.0380426 0.00475184
0 0.168019 0.194183 0.336039 0.388366 0.00473928
0 0.700614 0.160621 0.0600682 0.0401357 0.00461917
0 0.650684 0.181674 0.186052 0.0940794 0.0045207
0 0.240581 0.34338 0.454341 0.247368 0.00431503
0 0.311568 0.295676 0.623137 0.283231 0.00416979
0 0.640495 0.177722 0.145398 0.0321189 0.00368844
0 0.281567 0.291979 0.563135 0.201521 0.00367384
0 0.650258 0.158805 0.195259 0.0969684 0.00363313
0 0.241729 0.41024 0.469749 0.484268 0.00361547
0 0.117299 0.324894 0.181167 0.0746597 0.00355262
0 0.961411 0.19604 0.0722134 0.139807 0.00342918
0 0.626798 0.178881 0.116452 0.0197628 0.00335061
0 0.138904 0.303223 0.253823 0.0901776 0.00310067
0 0.694712 0.168095 0.0579709 0.0304463 0.00305319
0 0.0557011 0.355177 0.0908697 0.0663113 0.00303295
0 0.19863 0.501387 0.372744 0.467236 0.00256578
0 0.654966 0.154035 0.146396 0.0615657 0.00255425
0 0.927944 0.459489 0.106574 0.128926 0.002519
0 0.64805 0.194253 0.253134 0.238597 0.00243158
0 0.234321 0.287647 0.22773 0.0741335 0.00238917
0 0.131485 0.376797 0.22283 0.229937 0.00234862
0 0.655207 0.102741 0.15426 0.162815 0.00214972
0 0.133234 0.318115 0.266468 0.164797 0.00211153
0 0.381593 0.550404 0.626663 0.458342 0.002109
0 0.757008 0.299135 0.45192 0.557978 0.00204844
0 0.975389 0.396146 0.0411798 0.0407703 0.00203243
0 0.638071 0.198594 0.143602 0.0920993 0.00196822
0 0.923705 0.462813 0.13835 0.250274 0.00194969
0 0.708235 0.0994343 0.283998 0.19486 0.00186488
0 0.615268 0.184574 0.0993146 0.0220055 0.00184947
0 0.155797 0.314266 0.0810363 0.0414466 0.00178222
0 0.850397 0.248857 0.299205 0.497714 0.00168352
0 0.508221 0.415177 0.983557 0.830354 0.00165171
0 0.692203 0.174237 0.0550877 0.0243193 0.00158986
0 0.747991 0.1064 0.466875 0.212799 0.00158337
0 0.302833 0.49736 0.605666 0.616597 0.00151736
0 0.616019 0.1806 0.0560602 0.012934 0.00150566
0 0.705413 0.154862 0.0945401 0.0469847 0.00138461
0 0.777764 0.160076 0.0684435 0.0556788 0.00137792
0 0.154257 0.313903 0.038263 0.0261675 0.00132419
0 0.936077 0.577786 0.102005 0.147226 0.00130759
0 0.0632212 0.352485 0.0667579 0.0317849 0.00128516
0 0.184181 0.329825 0.163738 0.103458 0.00127434
0 0.156794 0.354452 0.14917 0.132157 0.00124314
0 0.614735 0.175038 0.0746068 0.0238037 0.00120323
0 0.859298 0.10146 0.279482 0.192751 0.00118505
0 0.733196 0.198988 0.533607 0.388828 0.00114682
0 0.627157 0.18444 0.127199 0.0292339 0.00114451
0 0.650773 0.222172 0.197125 0.146842 0.00109043
0 0.976025 0.399922 0.033621 0.0676822 0.0010677
0 0.084715 0.351537 0.14578 0.0867111 0.00105219
0 0.04053 0.371236 0.0729477 0.0788946 0.00102216
0 0.656533 0.166783 0.0920926 0.0416706 0.00101462
