0 0.499122 0.498183 0.629501 0.692373 0.53198
0 0.728365 0.431066 0.0975293 0.0655482 0.177581
0 0.822832 0.345558 0.0413706 0.0291184 0.107622
0 0.537537 0.45432 0.487952 0.506062 0.076495
0 0.64059 0.318298 0.203829 0.292982 0.0606278
0 0.129066 0.942329 0.0282976 0.0186964 0.0478515
0 0.737525 0.426318 0.133256 0.0842859 0.0401052
0 0.41858 0.497831 0.571333 0.504733 0.0270063
0 0.809893 0.349428 0.090053 0.0358367 0.0237468
0 0.741688 0.416245 0.167509 0.129435 0.0215064
0 0.490711 0.590367 0.0196245 0.0135961 0.0206946
0 0.794291 0.361051 0.118142 0.0371682 0.0154893
0 0.772766 0.377825 0.16192 0.0912612 0.0152288
0 0.591487 0.595502 0.813508 0.651156 0.0145781
0 0.720962 0.438619 0.129591 0.11525 0.0138495
0 0.124716 0.894237 0.0188053 0.055477 0.0126445
0 0.559292 0.350797 0.37243 0.469321 0.012577
0 0.490094 0.591074 0.0175335 0.0214498 0.0122984
0 0.365162 0.566611 0.0144653 0.018835 0.010694
0 0.124502 0.908919 0.024187 0.0725122 0.0105489
0 0.635525 0.455136 0.387092 0.605345 0.0104531
0 0.59275 0.356651 0.289593 0.323504 0.0104124
0 0.65976 0.385629 0.151965 0.168548 0.0098119
0 0.497785 0.619447 0.0260758 0.0115781 0.00958705
0 0.406504 0.777011 0.0757594 0.0651298 0.00938112
0 0.539922 0.57961 0.614581 0.458411 0.00900078
0 0.642489 0.397665 0.273493 0.534863 0.00864411
0 0.496779 0.620671 0.0370278 0.0199471 0.00812942
0 0.761468 0.392484 0.175829 0.139092 0.00778756
0 0.337819 0.704868 0.246814 0.224632 0.00778729
0 0.74915 0.405045 0.258359 0.179356 0.00776833
0 0.255274 0.803008 0.0594913 0.0463806 0.00710931
0 0.315894 0.736949 0.183762 0.178123 0.00670873
0 0.753377 0.306106 0.0276492 0.0200887 0.00659757
0 0.499255 0.61771 0.0269917 0.020155 0.00628459
0 0.2624 0.79797 0.071873 0.0670891 0.00623065
0 0.75789 0.493215 0.0179289 0.0180809 0.0061656
0 0.639194 0.389192 0.197318 0.228089 0.00594635
0 0.664066 0.269256 0.163114 0.204035 0.00591756
0 0.809622 0.351542 0.0989443 0.0553401 0.00552322
0 0.126912 0.88504 0.0183701 0.0438267 0.00550039
0 0.955627 0.958689 0.0677471 0.0694338 0.00544192
0 0.727611 0.426999 0.0595017 0.0627715 0.00531651
0 0.355895 0.651185 0.347816 0.333487 0.00524847
0 0.428204 0.948813 0.0622368 0.0867405 0.00484694
0 0.36375 0.567496 0.0186818 0.0250033 0.00482563
0 0.490646 0.58722 0.020523 0.00863266 0.00480868
0 0.569917 0.0144124 0.0186226 0.0103857 0.00479378
0 0.651234 0.487563 0.260971 0.26354 0.0046567
0 0.723485 0.214084 0.0532154 0.0633809 0.00463447
0 0.764608 0.367067 0.212872 0.156784 0.00454212
0 0.701217 0.446757 0.283939 0.299343 0.00444884
0 0.398858 0.597698 0.48457 0.455209 0.00433184
0 0.687245 0.358808 0.145205 0.155823 0.00415542
0 0.714747 0.442771 0.096937 0.0837171 0.00410164
0 0.829086 0.347325 0.0574331 0.0482083 0.00404668
0 0.790011 0.368896 0.115748 0.0756594 0.00389674
0 0.727455 0.198485 0.0373801 0.0465589 0.00385481
0 0.647868 0.406514 0.0875111 0.0718804 0.00383182
0 0.28826 0.761681 0.125138 0.128993 0.00377766
0 0.712689 0.227413 0.0709915 0.102002 0.00355016
0 0.773066 0.363891 0.092142 0.0249759 0.00349549
0 0.690144 0.238438 0.121608 0.127976 0.0034044
0 0.641392 0.406908 0.0465432 0.0545091 0.00320592
0 0.124964 0.944827 0.0351562 0.0282337 0.00309078
0 0.834527 0.345131 0.0495573 0.026154 0.00306514
0 0.124614 0.894557 0.027686 0.0699444 0.00305449
0 0.653539 0.0344409 0.0656665 0.0560427 0.00304775
0 0.628382 0.0327492 0.123388 0.0577825 0.00281614
0 0.674817 0.0187868 0.0143947 0.0272443 0.00277855
0 0.276508 0.786032 0.096982 0.0793846 0.00272025
0 0.398113 0.78107 0.0510838 0.0516474 0.00270205
0 0.498082 0.615089 0.0427776 0.0347697 0.00268731
0 0.772952 0.362413 0.146437 0.0468597 0.00264758
0 0.70032 0.428886 0.128629 0.0822378 0.00252596
0 0.507226 0.698695 0.57526 0.526192 0.00230425
0 0.384168 0.409055 0.768336 0.722133 0.00219322
0 0.7426 0.359668 0.213777 0.0948823 0.00218613
0 0.495377 0.502629 0.33503 0.641986 0.00209498
0 0.596778 0.29403 0.231356 0.294715 0.00207585
0 0.129103 0.945224 0.039258 0.0548113 0.00204197
0 0.773536 0.361516 0.0575464 0.0237312 0.00198667
0 0.597506 0.34143 0.154787 0.263356 0.00181287
0 0.652061 0.484795 0.243927 0.156687 0.00178416
0 0.71943 0.391329 0.185101 0.148146 0.00178262
0 0.798258 0.361853 0.147582 0.107145 0.00173473
0 0.758866 0.407468 0.0228561 0.0228531 0.00170009
0 0.133462 0.944286 0.0266976 0.0144444 0.00167051
0 0.502386 0.61523 0.0367723 0.016776 0.00165488
0 0.795351 0.352074 0.132939 0.0418023 0.00164514
0 0.644415 0.396367 0.0554288 0.0624629 0.00163677
0 0.613774 0.507735 0.216454 0.130853 0.00162078
0 0.433092 0.943346 0.0900808 0.110252 0.00160719
0 0.0249664 0.0364871 0.0451159 0.0512079 0.00156598
0 0.710311 0.342215 0.134956 0.113386 0.00156265
0 0.507085 0.589961 0.0562142 0.0233263 0.00156136
0 0.752673 0.419081 0.126746 0.059495 0.00153586
0 0.666335 0.402935 0.131361 0.112929 0.0015355
0 0.506463 0.310412 0.541634 0.504982 0.00152221
0 0.908369 0.0314887 0.0264847 0.0316181 0.00151168
0 0.243074 0.811201 0.0336586 0.0303185 0.00146363
0 0.698086 0.440363 0.0552114 0.0523211 0.00144621
0 0.399691 0.773174 0.134368 0.12452 0.00139698
0 0.616066 0.519194 0.260071 0.359243 0.00133997
0 0.759191 0.408196 0.0583354 0.0315848 0.0013239
0 0.710998 0.424385 0.0818304 0.0819138 0.0013109
0 0.504643 0.591792 0.0411962 0.0111269 0.00129467
0 0.75464 0.495238 0.0233792 0.0148223 0.00128693
0 0.437544 0.954943 0.0698191 0.0901147 0.0012399
0 0.691081 0.414627 0.198776 0.15484 0.00123575
0 0.758683 0.495353 0.024292 0.0185631 0.00122169
0 0.636091 0.402503 0.135603 0.137095 0.00120132
0 0.673664 0.0219528 0.0208304 0.0279773 0.00115821
0 0.457993 0.645872 0.05418 0.027788 0.00115312
0 0.694079 0.451818 0.0440574 0.0266503 0.00113287
0 0.707035 0.256028 0.108924 0.167008 0.00111769
0 0.752024 0.310026 0.0318906 0.0201047 0.00108438
0 0.579545 0.456381 0.245241 0.24265 0.00106376
0 0.126437 0.937682 0.0549514 0.0518599 0.00105206
0 0.745315 0.313011 0.046267 0.030583 0.00104124
