0 0.236452 0.338475 0.0903613 0.659703 0.14539
0 0.226301 0.336923 0.0713313 0.473734 0.110478
0 0.195801 0.21083 0.0722729 0.42166 0.098892
0 0.299767 0.339499 0.220562 0.678998 0.0723922
0 0.191073 0.132892 0.066182 0.265784 0.0638954
0 0.249352 0.668494 0.0226444 0.128576 0.060946
0 0.246461 0.36652 0.170802 0.73304 0.0467427
0 0.350141 0.391941 0.362921 0.668922 0.0419355
0 0.214694 0.283931 0.0637366 0.48251 0.0390515
0 0.247465 0.638839 0.026938 0.192583 0.0363338
0 0.207911 0.350154 0.165904 0.691137 0.035224
0 0.237227 0.558118 0.0513223 0.351266 0.0314025
0 0.159089 0.346971 0.210735 0.661829 0.0274424
0 0.221874 0.262418 0.0996705 0.524836 0.0248006
0 0.44578 0.361417 0.589279 0.667751 0.0231854
0 0.253056 0.695949 0.0154613 0.0649022 0.0219077
0 0.243895 0.618358 0.0430841 0.238896 0.0185211
0 0.199304 0.180888 0.0562599 0.326501 0.0174705
0 0.198245 0.236987 0.155935 0.473974 0.017277
0 0.239948 0.462474 0.0745871 0.464371 0.0162181
0 0.17047 0.0331249 0.018803 0.050956 0.0153847
0 0.250246 0.684059 0.0216819 0.0696462 0.0143923
0 0.840339 0.12191 0.222658 0.160943 0.0135849
0 0.588116 0.48013 0.04911 0.0480257 0.0132258
0 0.244837 0.600213 0.0703342 0.305029 0.0107195
0 0.175041 0.22414 0.0893947 0.448281 0.0103758
0 0.213818 0.231552 0.0475869 0.318799 0.00812239
0 0.714803 0.634801 0.225069 0.159125 0.00696997
0 0.402779 0.349582 0.44694 0.469141 0.00677549
0 0.194833 0.200037 0.037705 0.247302 0.00671438
0 0.759024 0.137976 0.481952 0.189439 0.00662208
0 0.121902 0.346134 0.230991 0.456983 0.00637011
0 0.75627 0.256769 0.48746 0.180409 0.0059429
0 0.740708 0.527335 0.260306 0.151502 0.00509147
0 0.223973 0.262943 0.041965 0.289486 0.00507058
0 0.198179 0.396326 0.113215 0.597627 0.00491507
0 0.212366 0.161044 0.116373 0.322089 0.00481612
0 0.178732 0.295672 0.155684 0.487783 0.00477383
0 0.280886 0.223404 0.266469 0.446808 0.00461063
0 0.222429 0.383868 0.0247503 0.231283 0.00456589
0 0.169411 0.160428 0.148949 0.320856 0.00455514
0 0.230945 0.362208 0.0228693 0.241226 0.00452069
0 0.202933 0.290972 0.0708653 0.57488 0.00451949
0 0.242304 0.56701 0.0235628 0.157378 0.00446776
0 0.222584 0.212044 0.0738801 0.304594 0.00438339
0 0.74023 0.657877 0.329629 0.201753 0.00437534
0 0.711151 0.295097 0.484662 0.195059 0.0042162
0 0.663841 0.103461 0.188862 0.136449 0.0041957
0 0.507021 0.110872 0.763341 0.186157 0.00411674
0 0.248584 0.65669 0.029647 0.0715878 0.0041121
0 0.24774 0.554845 0.168672 0.489327 0.0039494
0 0.556452 0.207215 0.0775753 0.0496288 0.00393396
0 0.244047 0.638234 0.0236199 0.125575 0.00387138
0 0.168334 0.0252648 0.0175565 0.0485535 0.00384923
0 0.761103 0.192326 0.477794 0.205396 0.00382718
0 0.223307 0.357528 0.0177936 0.233635 0.00382021
0 0.343228 0.263799 0.415773 0.527599 0.00377986
0 0.708391 0.103436 0.490284 0.171135 0.00374049
0 0.25048 0.228975 0.154881 0.457951 0.00373384
0 0.205349 0.254347 0.0364289 0.283849 0.00363275
0 0.201441 0.141697 0.0316776 0.151969 0.00358566
0 0.784223 0.524146 0.141696 0.141972 0.00356899
0 0.243417 0.60656 0.0212049 0.154593 0.00354814
0 0.247604 0.640803 0.0261302 0.0721604 0.00346537
0 0.287539 0.453026 0.282117 0.61312 0.00344098
0 0.228923 0.387419 0.0331332 0.249148 0.00340068
0 0.174961 0.0400585 0.0215378 0.0447655 0.00331364
0 0.643592 0.582234 0.0593118 0.0550048 0.00328292
0 0.207092 0.226644 0.0246561 0.257974 0.00326873
0 0.838083 0.121243 0.158328 0.133926 0.00324722
0 0.227042 0.418139 0.0472795 0.545687 0.00318238
0 0.255772 0.394927 0.0890364 0.599265 0.00316447
0 0.239486 0.559248 0.0474173 0.228871 0.00303813
0 0.218838 0.325903 0.0228623 0.24666 0.00298258
0 0.641313 0.570179 0.0685738 0.07367 0.00293272
0 0.237301 0.569393 0.0384089 0.127616 0.0028985
0 0.146122 0.226869 0.151017 0.453737 0.0027079
0 0.223879 0.288823 0.0257027 0.278287 0.00267938
0 0.818526 0.266556 0.299639 0.165988 0.00266953
0 0.229008 0.163402 0.197473 0.326803 0.00261764
0 0.23858 0.611075 0.0281461 0.128822 0.00254895
0 0.756087 0.516604 0.39226 0.163045 0.00254634
0 0.88167 0.137797 0.236659 0.178471 0.00252595
0 0.226643 0.352935 0.0189306 0.122722 0.00252524
0 0.890405 0.53465 0.183084 0.155618 0.00249969
0 0.220939 0.315504 0.016374 0.137187 0.00243825
0 0.841602 0.160357 0.246977 0.13214 0.0023919
0 0.117295 0.200213 0.234261 0.361354 0.00235553
0 0.365157 0.144648 0.475535 0.265037 0.00231621
0 0.248264 0.519389 0.0479665 0.291167 0.00226664
0 0.178035 0.20445 0.0778479 0.298613 0.00226161
0 0.215544 0.553239 0.156351 0.408359 0.00219945
0 0.236731 0.583068 0.0279646 0.114005 0.00215736
0 0.260309 0.55642 0.115426 0.372637 0.0021368
0 0.886 0.42995 0.181958 0.189228 0.00211538
0 0.287403 0.148847 0.297611 0.297694 0.00209995
0 0.199576 0.093095 0.0750185 0.183925 0.00208218
0 0.215968 0.28356 0.0299304 0.300764 0.00206816
0 0.674055 0.0965235 0.351546 0.140919 0.00204986
0 0.582836 0.477261 0.0331291 0.0427415 0.00204127
0 0.69005 0.180863 0.194149 0.117617 0.00201513
0 0.909087 0.560143 0.181826 0.131759 0.00195734
0 0.70522 0.345962 0.489859 0.208056 0.00194129
0 0.686124 0.291521 0.205648 0.118323 0.00193332
0 0.539583 0.408422 0.920833 0.671857 0.00190856
0 0.78788 0.133172 0.215579 0.179446 0.00190798
0 0.179218 0.0893909 0.0702699 0.17563 0.00187777
0 0.9074 0.336768 0.143837 0.163553 0.00187737
0 0.713497 0.263331 0.20847 0.102955 0.00186814
0 0.229968 0.540822 0.0417278 0.242252 0.00186349
0 0.864824 0.636724 0.248431 0.239692 0.00186105
0 0.0871985 0.944331 0.152402 0.111338 0.00185723
0 0.706764 0.0851945 0.157781 0.108648 0.00183083
0 0.637206 0.546078 0.105821 0.125703 0.00181006
0 0.249534 0.668602 0.0431814 0.129777 0.00180921
0 0.277414 0.450104 0.162376 0.467456 0.00180044
0 0.231832 0.61421 0.0450913 0.241897 0.00179963
0 0.600059 0.476602 0.0713105 0.0627003 0.00179679
0 0.67653 0.296854 0.335339 0.154936 0.00178953
0 0.710927 0.310909 0.211051 0.0913607 0.00176992
0 0.797826 0.400667 0.404348 0.200254 0.00171575
0 0.737961 0.161157 0.274227 0.128964 0.00169768
0 0.796662 0.349737 0.406676 0.189028 0.00168684
0 0.507677 0.072553 0.75949 0.145106 0.00168614
0 0.257036 0.714634 0.0116253 0.0436348 0.00167077
0 0.617722 0.561769 0.117421 0.107351 0.00166354
0 0.227815 0.379586 0.0143807 0.15887 0.0016434
0 0.711413 0.677729 0.232251 0.195367 0.0016382
0 0.961705 0.252586 0.0765895 0.089266 0.0016113
0 0.611402 0.321716 0.111391 0.102035 0.00160973
0 0.642301 0.468541 0.167507 0.103597 0.00159923
0 0.203857 0.178488 0.0325099 0.136274 0.00159055
0 0.225125 0.351999 0.0267375 0.0626263 0.0015755
0 0.112046 0.351067 0.189165 0.238078 0.00156522
0 0.171198 0.0267307 0.031412 0.0534614 0.00155487
0 0.256404 0.649645 0.0570757 0.158556 0.0015457
0 0.238699 0.580787 0.0328142 0.0711262 0.00153333
0 0.590361 0.471324 0.0370718 0.0498796 0.00152597
0 0.91217 0.63637 0.149085 0.214068 0.00152475
0 0.713048 0.245232 0.181732 0.0847879 0.0015183
0 0.796605 0.516424 0.231985 0.125625 0.00146955
0 0.165641 0.0207889 0.0158266 0.0415779 0.00145182
0 0.254114 0.702539 0.0239958 0.0818031 0.00138172
0 0.71113 0.136211 0.25885 0.146402 0.00136996
0 0.702538 0.402833 0.549107 0.241616 0.00136695
0 0.174559 0.201363 0.0535121 0.243719 0.00135833
0 0.248641 0.361791 0.0524063 0.232577 0.00133331
0 0.735157 0.106758 0.278113 0.139589 0.0013304
0 0.251783 0.26081 0.091015 0.271856 0.00132671
0 0.259772 0.671302 0.0368137 0.12734 0.00131925
0 0.907081 0.021332 0.185839 0.0426641 0.0013178
0 0.222375 0.408523 0.0234775 0.123322 0.00128253
0 0.49748 0.391738 0.588176 0.428758 0.00127978
0 0.7931 0.685653 0.413799 0.217739 0.00126566
0 0.71197 0.0702166 0.115904 0.0799794 0.00124609
0 0.61205 0.107099 0.161188 0.121381 0.00122952
0 0.497941 0.143122 0.603607 0.18309 0.00120452
0 0.261247 0.647625 0.0819305 0.222533 0.00120095
0 0.626361 0.333832 0.150153 0.118296 0.00118686
0 0.925136 0.431788 0.106188 0.174907 0.00118037
0 0.808548 0.112284 0.359705 0.165454 0.00117938
0 0.235264 0.466032 0.0761572 0.293334 0.00117704
0 0.14925 0.132752 0.142381 0.232845 0.00116564
0 0.225169 0.380796 0.0217564 0.128917 0.00115592
0 0.712216 0.59496 0.21778 0.110815 0.00115534
0 0.61789 0.540795 0.161655 0.14031 0.00115225
0 0.415124 0.205357 0.24786 0.0927974 0.00114794
0 0.688027 0.3368 0.213892 0.130916 0.0011378
0 0.528253 0.305437 0.943494 0.362015 0.00113416
0 0.245809 0.519451 0.0603623 0.202941 0.00113087
0 0.115726 0.136644 0.197072 0.273288 0.00112185
0 0.711349 0.0211532 0.166179 0.0400294 0.00111571
0 0.099055 0.359215 0.19811 0.660729 0.00111277
0 0.642311 0.437266 0.165366 0.12706 0.00110839
0 0.223919 0.330396 0.0158149 0.127434 0.00109952
0 0.86619 0.580112 0.239626 0.184676 0.0010928
0 0.785986 0.0162001 0.286919 0.0324001 0.00108944
0 0.235667 0.56439 0.0367254 0.074496 0.00108631
0 0.860949 0.445823 0.278101 0.185211 0.00108389
0 0.185957 0.0621816 0.0537389 0.113649 0.00107421
0 0.687647 0.508988 0.257579 0.122955 0.00107242
0 0.861133 0.353657 0.223234 0.167024 0.0010718
0 0.415048 0.204798 0.500107 0.279224 0.00106369
0 0.783149 0.0892795 0.212915 0.1097 0.00106347
0 0.659448 0.360105 0.218942 0.149799 0.00105572
0 0.197378 0.101857 0.0344126 0.138183 0.00105086
0 0.702008 0.450781 0.480427 0.19803 0.00104948
0 0.636511 0.0906835 0.165554 0.104932 0.00103771
0 0.230767 0.638669 0.0337429 0.156336 0.00103394
0 0.80207 0.495666 0.145743 0.0982465 0.00103122
0 0.78716 0.159994 0.158082 0.132404 0.00100956
0 0.495864 0.190279 0.83717 0.18489 0.0010008
