0 0.645196 0.500229 0.355969 0.246961 0.640866
0 0.909629 0.321547 0.143442 0.643094 0.0182623
0 0.637751 0.427359 0.39943 0.295681 0.0160967
0 0.00964666 0.766334 0.0121135 0.0200912 0.0155486
0 0.638343 0.495583 0.172593 0.217327 0.0143968
0 0.653694 0.572925 0.409921 0.354138 0.0128317
0 0.664201 0.552926 0.327491 0.23796 0.011352
0 0.0128172 0.765357 0.0116951 0.0151803 0.00697526
0 0.903236 0.20943 0.1656 0.418861 0.00411659
0 0.831006 0.133124 0.0109221 0.0296071 0.0040117
0 0.872518 0.335377 0.153633 0.670753 0.00388343
0 0.0136243 0.765482 0.015059 0.0234491 0.00382137
0 0.595374 0.579524 0.473409 0.522324 0.00361165
0 0.0192453 0.972892 0.025515 0.0473474 0.00352879
0 0.614296 0.442156 0.326296 0.21026 0.00339937
0 0.00572696 0.76189 0.0101935 0.0281192 0.00299588
0 0.929207 0.294595 0.127581 0.487224 0.00299029
0 0.827964 0.209345 0.00867119 0.0392898 0.00295837
0 0.827717 0.21856 0.00827065 0.040901 0.00270805
0 0.830638 0.124438 0.0120592 0.0329772 0.00265445
0 0.832163 0.21937 0.0179192 0.0512588 0.00257725
0 0.83151 0.141119 0.0103432 0.0311757 0.00247023
0 0.6632 0.526317 0.160107 0.262673 0.00241582
0 0.833157 0.0211215 0.0111105 0.0269296 0.00234662
0 0.832751 0.0296663 0.0111729 0.0343739 0.00233092
0 0.812393 0.316248 0.375214 0.632497 0.00230685
0 0.827954 0.197029 0.00878258 0.0366767 0.00213794
0 0.0124876 0.767497 0.0150321 0.0353706 0.00210624
0 0.830456 0.207084 0.00811844 0.0408906 0.0019217
0 0.704084 0.516024 0.265164 0.201253 0.00174423
0 0.909142 0.664556 0.146215 0.611066 0.00168755
0 0.83411 0.242455 0.0194935 0.0554883 0.00164699
0 0.832086 0.199458 0.0150452 0.0529185 0.00164155
0 0.908973 0.299702 0.0839417 0.260041 0.00162116
0 0.825905 0.269506 0.00870514 0.0386299 0.00152338
0 0.914298 0.308847 0.139507 0.293622 0.00151185
0 0.0132073 0.787118 0.01737 0.0637602 0.00148386
0 0.910536 0.101899 0.178928 0.203798 0.00148346
0 0.833142 0.0425941 0.0117086 0.0400507 0.00146206
0 0.00873179 0.760584 0.0113931 0.0332009 0.00145305
0 0.877844 0.288983 0.124592 0.378901 0.00142264
0 0.830803 0.218622 0.00895805 0.0555023 0.00140607
0 0.826984 0.258372 0.00857277 0.0362477 0.00140486
0 0.831095 0.139115 0.0120501 0.0485658 0.00140013
0 0.82604 0.281764 0.0089817 0.0403162 0.00139872
0 0.828934 0.184755 0.00931301 0.0323173 0.00136546
0 0.915343 0.0688209 0.168795 0.137642 0.00135079
0 0.553338 0.351838 0.526042 0.302294 0.0013364
0 0.827592 0.229674 0.00868835 0.0397754 0.00132983
0 0.833177 0.272734 0.0208061 0.0492258 0.0012807
0 0.834695 0.0111207 0.011529 0.0185149 0.00128026
0 0.95589 0.316715 0.0882201 0.603617 0.00125916
0 0.830779 0.720678 0.0102215 0.0384287 0.00124974
0 0.831472 0.154565 0.00946102 0.035079 0.00123974
0 0.830462 0.194642 0.00868607 0.0360955 0.00121466
0 0.828482 0.0380627 0.017507 0.0543915 0.00119539
0 0.832917 0.295536 0.0207979 0.0505931 0.00113721
0 0.831145 0.708501 0.0100275 0.0337188 0.00111944
0 0.830353 0.171904 0.00976067 0.0370898 0.001107
0 0.828677 0.794831 0.00927086 0.0305286 0.00110563
0 0.831924 0.123831 0.0142988 0.0543686 0.00110138
0 0.564077 0.536249 0.407298 0.292062 0.00109066
0 0.0205318 0.817564 0.0321901 0.0797882 0.00107239
0 0.929396 0.758039 0.141209 0.483922 0.0010502
0 0.828023 0.244991 0.00898685 0.0409908 0.00104898
0 0.00481644 0.774729 0.00963288 0.0321678 0.00104708
0 0.837426 0.018667 0.0111862 0.0282517 0.00103601
0 0.829852 0.732839 0.00956078 0.0383664 0.00103197
0 0.829159 0.267348 0.00782394 0.03672 0.00102995
0 0.83022 0.883388 0.00968456 0.0295258 0.00100772
