0 0.610259 0.397348 0.0750991 0.0598907 0.85397
0 0.80749 0.820346 0.0431627 0.0289135 0.751554
0 0.215498 0.189849 0.122629 0.0376131 0.639401
0 0.319802 0.648283 0.0309545 0.032029 0.539956
0 0.259022 0.178814 0.0301777 0.0151037 0.355335
0 0.227677 0.192149 0.0831532 0.0334082 0.195136
0 0.808738 0.822167 0.0495016 0.0446983 0.166536
0 0.533018 0.674346 0.0204007 0.0194232 0.139789
0 0.24654 0.182043 0.077291 0.0266863 0.117162
0 0.232618 0.182937 0.0914033 0.0365272 0.111043
0 0.816252 0.915292 0.0142239 0.0145582 0.102606
0 0.208698 0.193931 0.137023 0.0591117 0.0966437
0 0.798988 0.823451 0.025478 0.0233101 0.0940473
0 0.206831 0.192621 0.0580438 0.0256657 0.089717
0 0.218739 0.190921 0.0525833 0.0266189 0.0725671
0 0.319758 0.649385 0.0375562 0.0444898 0.0655425
0 0.206771 0.190954 0.0447601 0.0198478 0.0653328
0 0.200017 0.19516 0.123593 0.02872 0.0635451
0 0.254469 0.182732 0.0469222 0.0206947 0.0515224
0 0.535738 0.672483 0.027043 0.025252 0.0503111
0 0.257113 0.183313 0.0302405 0.0238641 0.0459034
0 0.216287 0.195847 0.064334 0.0238277 0.0407161
0 0.211372 0.181954 0.16233 0.0853534 0.0338429
0 0.23028 0.183994 0.0587862 0.0410233 0.0313765
0 0.528723 0.678046 0.014048 0.0139863 0.0267974
0 0.16396 0.625347 0.0140557 0.0205964 0.0216857
0 0.217465 0.195522 0.0414492 0.0214625 0.021446
0 0.595186 0.398091 0.160915 0.198646 0.0196275
0 0.59497 0.397715 0.0596789 0.0545974 0.0177579
0 0.162796 0.62432 0.0116277 0.0144533 0.0139272
0 0.615805 0.408999 0.0683937 0.0550475 0.0127669
0 0.199652 0.19846 0.208113 0.197501 0.0114058
0 0.600508 0.409163 0.0516013 0.037037 0.0113331
0 0.220315 0.210209 0.139304 0.0866568 0.0101637
0 0.185491 0.195884 0.0933695 0.0224678 0.00980832
0 0.625368 0.384082 0.0502748 0.0391589 0.00940524
0 0.807558 0.834076 0.0443712 0.0463957 0.00894448
0 0.584928 0.419496 0.013171 0.0156412 0.00880432
0 0.528376 0.673507 0.0191579 0.0241857 0.00875408
0 0.807977 0.835345 0.0668743 0.0892632 0.00792194
0 0.265345 0.180347 0.0355981 0.0187589 0.00751403
0 0.821187 0.816561 0.0333309 0.0245775 0.00729982
0 0.578318 0.797983 0.0102599 0.0144276 0.0071564
0 0.802671 0.814512 0.0408373 0.0299541 0.0065325
0 0.791648 0.823259 0.0239748 0.0175537 0.0063399
0 0.607932 0.383912 0.0647218 0.0622254 0.00606441
0 0.80782 0.808595 0.0398375 0.0413527 0.00582711
0 0.25426 0.18835 0.0570154 0.0570816 0.00572293
0 0.442006 0.979124 0.0148772 0.0198112 0.00522378
0 0.586969 0.414961 0.0188893 0.0223843 0.00491041
0 0.319496 0.657993 0.0267615 0.0333507 0.00471238
0 0.264221 0.182952 0.0261018 0.0286915 0.00452518
0 0.816778 0.914664 0.017313 0.0227152 0.00432563
0 0.789711 0.825707 0.0317481 0.0181911 0.00414364
0 0.53661 0.674092 0.0369548 0.049548 0.00406577
0 0.577495 0.799321 0.0140704 0.017728 0.00400525
0 0.789773 0.827328 0.0199959 0.0195166 0.00399679
0 0.192094 0.195814 0.0553432 0.0258169 0.00386771
0 0.583344 0.417445 0.0183995 0.0232085 0.00369827
0 0.813894 0.814071 0.072279 0.0944143 0.00341653
0 0.579172 0.79625 0.0146079 0.0173004 0.00293596
0 0.590698 0.406148 0.0849755 0.0875526 0.00291923
0 0.162744 0.628382 0.0194598 0.0268587 0.00284706
0 0.440476 0.976885 0.0329323 0.0388489 0.00279661
0 0.621868 0.401536 0.0497341 0.0635689 0.00273702
0 0.169907 0.200651 0.0775084 0.0209033 0.00245182
0 0.446394 0.978329 0.0177213 0.0317322 0.00244376
0 0.819073 0.82547 0.05523 0.031501 0.00237017
0 0.324854 0.640957 0.0334914 0.04038 0.00231682
0 0.616733 0.409629 0.0506687 0.0393097 0.00230072
0 0.198756 0.181541 0.150493 0.0415997 0.00224721
0 0.216773 0.613066 0.0145447 0.0121798 0.00208965
0 0.822098 0.915305 0.0203617 0.0117392 0.00208679
0 0.195724 0.189025 0.0551363 0.0260842 0.00194818
0 0.230188 0.154615 0.253188 0.20638 0.00193883
0 0.259428 0.190667 0.098055 0.0367537 0.00185545
0 0.638986 0.377906 0.0271591 0.0290756 0.00183823
0 0.582735 0.422748 0.0113743 0.0138246 0.00183753
0 0.240523 0.195448 0.115041 0.0511312 0.00183099
0 0.262214 0.180883 0.0456933 0.0538626 0.00182433
0 0.81541 0.914684 0.0237764 0.0281364 0.00181539
0 0.793436 0.841635 0.201021 0.287346 0.00176158
0 0.219603 0.209158 0.0862144 0.0774344 0.00174319
0 0.588406 0.405523 0.0254066 0.0389133 0.00167352
0 0.825198 0.813525 0.0287706 0.0195936 0.00165291
0 0.448238 0.979068 0.011492 0.021245 0.00163924
0 0.17397 0.198683 0.134797 0.0315929 0.00161742
0 0.595083 0.826846 0.012925 0.0168667 0.00160558
0 0.16195 0.63799 0.0187052 0.0273919 0.00159952
0 0.248993 0.17837 0.0519915 0.0152608 0.00158407
0 0.531799 0.665543 0.0254992 0.0335856 0.00157161
0 0.636335 0.375249 0.0226883 0.0137991 0.00156109
0 0.591718 0.827382 0.021998 0.0202513 0.00153452
0 0.597692 0.824743 0.0258165 0.0203377 0.00148748
0 0.636938 0.39496 0.0944765 0.0637408 0.00148039
0 0.594897 0.42079 0.0355341 0.0267032 0.00144234
0 0.531359 0.683398 0.0178551 0.0255939 0.00143157
0 0.429234 0.979401 0.0181343 0.0387764 0.00140717
0 0.636917 0.972532 0.0498809 0.047872 0.00140233
0 0.158055 0.20283 0.0537338 0.0202436 0.00137982
0 0.00652607 0.00967916 0.0130521 0.0148741 0.00137606
0 0.608845 0.41801 0.0729021 0.0851737 0.00133537
0 0.326132 0.651179 0.0837282 0.0896024 0.00133172
0 0.185603 0.200782 0.182172 0.079767 0.00132247
0 0.438435 0.97165 0.00950155 0.0299856 0.00124881
0 0.544066 0.676087 0.0412645 0.0318104 0.0012425
0 0.810583 0.808421 0.0477909 0.0604015 0.00123766
0 0.307576 0.64723 0.0437059 0.0351477 0.00121152
0 0.539465 0.666692 0.0287884 0.0374887 0.00115819
0 0.438235 0.979376 0.0151132 0.0196833 0.00115065
0 0.623896 0.413987 0.0336338 0.0361167 0.00112323
0 0.327723 0.659834 0.03993 0.0462363 0.00109045
0 0.625578 0.381703 0.122795 0.125078 0.00104224
0 0.306237 0.652113 0.0676448 0.0470807 0.00101559
0 0.831422 0.797338 0.23862 0.297871 0.00100206
