0 0.500257 0.498468 0.0686615 0.0266418 0.760422
0 0.532349 0.438679 0.0129783 0.0176428 0.41182
0 0.504959 0.498837 0.0790361 0.0441381 0.153717
0 0.511863 0.497436 0.0506817 0.0221581 0.0706789
0 0.52981 0.440454 0.0156686 0.0216203 0.0546671
0 0.525273 0.498369 0.0198059 0.0233648 0.0343044
0 0.156901 0.0254515 0.0104632 0.0129595 0.0271083
0 0.532104 0.439945 0.0226152 0.0276665 0.0234215
0 0.503305 0.507562 0.0718275 0.0388738 0.0225845
0 0.984289 0.975606 0.0121714 0.0215107 0.0188506
0 0.501718 0.502202 0.0925576 0.0854446 0.0172831
0 0.15714 0.0246074 0.0145338 0.0180376 0.01374
0 0.49043 0.495298 0.0562223 0.024602 0.0131316
0 0.499443 0.491178 0.0698021 0.0284139 0.0119725
0 0.531932 0.445073 0.0155664 0.0243773 0.011649
0 0.48835 0.500686 0.0488389 0.022471 0.0101479
0 0.986181 0.975434 0.0141787 0.0367258 0.00957666
0 0.705244 0.939684 0.0131771 0.013409 0.00912887
0 0.503577 0.481758 0.108659 0.0966038 0.00883132
0 0.518894 0.500488 0.0697144 0.0258512 0.00628464
0 0.527204 0.437309 0.0204641 0.0224113 0.00612359
0 0.493514 0.498124 0.203809 0.263718 0.00495458
0 0.507093 0.46699 0.063711 0.0658298 0.00494772
0 0.986839 0.978304 0.0126097 0.0226631 0.00431034
0 0.988392 0.979635 0.00837498 0.0310673 0.00420066
0 0.83955 0.0921459 0.142741 0.106066 0.0034664
0 0.703354 0.941682 0.0170782 0.0168318 0.00322908
0 0.521974 0.499818 0.0657541 0.0489116 0.00300102
0 0.534634 0.442967 0.030144 0.0559592 0.00296043
0 0.642878 0.225955 0.136043 0.0964485 0.00292231
0 0.982817 0.979756 0.0237391 0.0382633 0.00286961
0 0.159445 0.0243688 0.00924408 0.0169442 0.00276778
0 0.160665 0.0296464 0.0146877 0.0203301 0.00261619
0 0.98462 0.975056 0.00691071 0.0202812 0.00258588
0 0.674878 0.139887 0.154065 0.130704 0.00240358
0 0.986835 0.974346 0.00628529 0.0238007 0.00212949
0 0.845268 0.121476 0.145063 0.18691 0.00203801
0 0.159878 0.0228975 0.0138954 0.0229478 0.0020262
0 0.814731 0.256671 0.0873005 0.105181 0.00188353
0 0.848694 0.116042 0.302611 0.232084 0.00182947
0 0.500773 0.521963 0.073977 0.0720022 0.00179323
0 0.515391 0.489257 0.0695117 0.0317758 0.00176258
0 0.360592 0.103246 0.147592 0.116756 0.00166595
0 0.962301 0.053258 0.0694559 0.0867229 0.0015477
0 0.18044 0.0912041 0.160156 0.133994 0.00152209
0 0.984883 0.352735 0.0142385 0.0177507 0.00149978
0 0.94774 0.0412059 0.104521 0.0747156 0.00149285
0 0.476883 0.498299 0.0524755 0.0226394 0.00147395
0 0.157873 0.0252299 0.0222111 0.0239909 0.00144844
0 0.709049 0.942281 0.0187031 0.0128954 0.00134844
0 0.480129 0.499483 0.0757704 0.0271077 0.00129011
0 0.70886 0.942052 0.0202499 0.0202126 0.00127893
0 0.498738 0.477743 0.0893802 0.0565002 0.00119582
0 0.157422 0.0248777 0.04626 0.0323478 0.00117587
0 0.498703 0.191794 0.141577 0.130949 0.00114567
0 0.839637 0.120301 0.135457 0.116191 0.00113534
0 0.475956 0.501858 0.0159679 0.0222033 0.0011315
0 0.846673 0.0946336 0.0826509 0.118036 0.0010446
0 0.541158 0.44034 0.0231071 0.0301856 0.00102884
0 0.520817 0.507594 0.0912741 0.0572148 0.00102708
0 0.692272 0.148947 0.329286 0.23993 0.00100968
0 0.476026 0.49678 0.0148558 0.0200335 0.00100434
