0 0.496921 0.501693 0.0381646 0.0337496 0.679573
0 0.524477 0.846784 0.00930653 0.0172352 0.0141641
0 0.522269 0.846121 0.00656729 0.0238447 0.00786791
0 0.526582 0.845407 0.0125995 0.0243599 0.00588269
0 0.351207 0.397994 0.00795908 0.0055357 0.00455848
0 0.495043 0.491142 0.030528 0.0339516 0.0036323
0 0.353719 0.398531 0.00907841 0.00852366 0.00304066
0 0.497137 0.507344 0.0814728 0.0991817 0.00303732
0 0.488462 0.508335 0.0503902 0.0372962 0.00295811
0 0.355325 0.398096 0.0179327 0.0144304 0.00263382
0 0.482628 0.504777 0.0737715 0.046475 0.00253455
0 0.493593 0.494071 0.0564342 0.0445239 0.00218597
0 0.509801 0.501428 0.0418162 0.0362598 0.00214921
0 0.522474 0.843532 0.0126164 0.0303686 0.00205729
0 0.502508 0.491343 0.0296248 0.0340056 0.00203484
0 0.493174 0.518412 0.0461416 0.0511392 0.0018205
0 0.523411 0.838511 0.00848522 0.0274492 0.00168971
0 0.525899 0.848961 0.00998154 0.0222445 0.00153694
0 0.509818 0.496704 0.0285443 0.0317915 0.00148024
0 0.426511 0.632337 0.0146092 0.0322462 0.00138849
0 0.439439 0.967329 0.0160163 0.0138391 0.00136465
0 0.355246 0.399826 0.00826168 0.00898953 0.0012765
0 0.352973 0.401048 0.0129576 0.00609589 0.0012714
0 0.488875 0.508632 0.0322871 0.034807 0.00116508
0 0.439011 0.966794 0.010978 0.0170378 0.00114407
0 0.440834 0.96384 0.0154756 0.0184851 0.0011308
0 0.492099 0.4976 0.229015 0.319925 0.00111159
0 0.354273 0.401792 0.00732269 0.00896769 0.00104896
0 0.344724 0.973608 0.0116785 0.0146805 0.00103711
