0 0.503143 0.504777 0.0574476 0.125945 0.762026
0 0.498478 0.493905 0.164491 0.196125 0.0552099
0 0.501374 0.502068 0.0544313 0.0721416 0.0369578
0 0.503871 0.480039 0.0689257 0.149555 0.0269263
0 0.506089 0.521229 0.0507999 0.0847479 0.024503
0 0.516647 0.532963 0.0304585 0.0498653 0.0194261
0 0.520478 0.540731 0.0282227 0.0381209 0.0170666
0 0.52128 0.493812 0.100651 0.149059 0.00602608
0 0.36483 0.0343824 0.00850992 0.0143211 0.0036486
0 0.497641 0.48262 0.0566424 0.0613915 0.00307354
0 0.364711 0.0358136 0.0107857 0.0189523 0.00282155
0 0.548144 0.0140961 0.015615 0.00904781 0.00280382
0 0.524382 0.543721 0.0165826 0.0326197 0.00241631
0 0.514601 0.543883 0.0287388 0.0344357 0.00239441
0 0.491053 0.514305 0.0834448 0.102387 0.00228156
0 0.433191 0.382023 0.131905 0.302325 0.0022574
0 0.67926 0.93943 0.0965958 0.110174 0.00225369
0 0.520949 0.546866 0.0181133 0.0326214 0.00221502
0 0.487546 0.475806 0.0947744 0.167944 0.00206435
0 0.513494 0.0195971 0.0144786 0.0232838 0.00201266
0 0.512244 0.517589 0.0814551 0.11661 0.00194179
0 0.367473 0.0334734 0.0150459 0.0191814 0.00188621
0 0.310324 0.871375 0.139038 0.201909 0.0018692
0 0.105039 0.826089 0.0770757 0.0970955 0.00155637
0 0.960587 0.077454 0.0138254 0.0131012 0.0015198
0 0.0358198 0.963089 0.0568841 0.0553783 0.00147741
0 0.303103 0.87965 0.294409 0.228645 0.00132759
0 0.52981 0.465984 0.196718 0.212991 0.00127056
0 0.550754 0.0126802 0.0143314 0.0117438 0.00125959
0 0.632824 0.471312 0.00890436 0.0127885 0.00118351
0 0.509325 0.493439 0.0536494 0.0667932 0.00118346
0 0.490273 0.487163 0.0616163 0.114476 0.00117171
0 0.500725 0.525217 0.0495754 0.0592956 0.00116931
0 0.0300541 0.304333 0.0540363 0.161488 0.00109521
0 0.502507 0.450719 0.0868414 0.219055 0.00108103
0 0.96046 0.961052 0.0721653 0.0663572 0.00100067
