0 0.483953 0.458799 0.190962 0.285829 0.716167
0 0.510303 0.448555 0.285983 0.3453 0.0330843
0 0.550655 0.578868 0.0555313 0.0656651 0.0152539
0 0.489547 0.535559 0.192524 0.331281 0.0136357
0 0.55525 0.587751 0.0437507 0.0469868 0.0110095
0 0.125293 0.942937 0.0811391 0.079175 0.00862573
0 0.434427 0.453507 0.234891 0.325604 0.00635314
0 0.544308 0.563959 0.079534 0.085566 0.00581173
0 0.502534 0.5064 0.189456 0.217755 0.0047713
0 0.566941 0.592372 0.0251483 0.0303988 0.00395883
0 0.495199 0.367396 0.351614 0.50523 0.00352181
0 0.359372 0.505238 0.490442 0.395926 0.00327656
0 0.538726 0.56195 0.101427 0.153743 0.00301481
0 0.464414 0.397087 0.200588 0.312768 0.00292323
0 0.441941 0.128337 0.0090023 0.0136645 0.00272301
0 0.442143 0.128933 0.00688219 0.0186193 0.00265657
0 0.960517 0.961303 0.0643133 0.0595856 0.00241965
0 0.504255 0.530088 0.140163 0.178256 0.00237397
0 0.566787 0.59913 0.0167665 0.0184845 0.00173909
0 0.942239 0.589195 0.104073 0.117749 0.00172825
0 0.598 0.349026 0.492894 0.499765 0.00169938
0 0.327551 0.515506 0.012886 0.013616 0.00159495
0 0.557306 0.592043 0.0359735 0.0341464 0.00159178
0 0.859176 0.635049 0.190224 0.186506 0.00159177
0 0.924265 0.810067 0.144327 0.304773 0.00158795
0 0.0449464 0.960236 0.0681814 0.067454 0.00146764
0 0.515227 0.572521 0.135027 0.274738 0.00116559
0 0.297354 0.653296 0.578279 0.567865 0.00114794
0 0.442126 0.127286 0.0138144 0.0200163 0.00114448
0 0.397653 0.590271 0.406012 0.46846 0.00112915
0 0.519855 0.559755 0.1071 0.123081 0.00110922
0 0.911012 0.922205 0.0256495 0.0543138 0.00102106
