0 0.469025 0.477316 0.348945 0.320079 0.622163
0 0.451535 0.600624 0.0233305 0.0139712 0.346048
0 0.573585 0.570861 0.159779 0.116967 0.320474
0 0.570894 0.561506 0.186658 0.186449 0.0616544
0 0.491517 0.553321 0.32523 0.356871 0.0438727
0 0.451217 0.598226 0.0273121 0.0217614 0.0250006
0 0.455995 0.574342 0.409292 0.499516 0.0247415
0 0.437499 0.42419 0.298468 0.296609 0.0210167
0 0.453413 0.602677 0.0307816 0.0214199 0.0185033
0 0.456843 0.471078 0.158154 0.26732 0.0181123
0 0.451597 0.599121 0.0553866 0.0417627 0.0161435
0 0.50677 0.518387 0.335932 0.226493 0.0143652
0 0.573016 0.573584 0.0973984 0.107914 0.0132713
0 0.739192 0.0197619 0.00976057 0.0248667 0.0109106
0 0.45038 0.599487 0.0432636 0.0303941 0.01013
0 0.71918 0.337758 0.0128237 0.00996623 0.0101033
0 0.612972 0.603255 0.0784869 0.0488642 0.00867505
0 0.965541 0.438367 0.0114681 0.0136569 0.00842687
0 0.198946 0.016775 0.0146501 0.0115665 0.00769228
0 0.488496 0.366245 0.404569 0.515999 0.00735668
0 0.354638 0.38356 0.0637336 0.134818 0.0070092
0 0.60437 0.601338 0.0981943 0.0670221 0.0069999
0 0.718608 0.335286 0.0118772 0.0108497 0.00674911
0 0.626732 0.608375 0.0494801 0.0445256 0.00609357
0 0.359272 0.382157 0.0977678 0.146966 0.00509801
0 0.459194 0.551151 0.296944 0.233912 0.00483464
0 0.73996 0.0181122 0.013753 0.0328175 0.00462045
0 0.413734 0.930846 0.019675 0.013232 0.00421516
0 0.719758 0.337502 0.0154755 0.0142987 0.00405924
0 0.35606 0.594376 0.63592 0.534847 0.00386759
0 0.198599 0.0176925 0.0178676 0.017514 0.0038452
0 0.953121 0.95849 0.0588615 0.0654261 0.0037994
0 0.466358 0.599947 0.0869324 0.128897 0.0037187
0 0.966684 0.438465 0.0154423 0.0185499 0.00365123
0 0.482775 0.51232 0.14952 0.246836 0.00362488
0 0.391844 0.404403 0.183587 0.218702 0.00282085
0 0.452411 0.598044 0.0592271 0.0947715 0.00266397
0 0.969181 0.945683 0.0545336 0.0917891 0.00245705
0 0.928085 0.454595 0.0132156 0.0152187 0.00237734
0 0.940952 0.94517 0.072986 0.0960493 0.00228897
0 0.58555 0.511943 0.512696 0.263904 0.00223702
0 0.740384 0.0148816 0.00987034 0.0228384 0.00222696
0 0.556205 0.525192 0.209191 0.196005 0.00219468
0 0.926505 0.946023 0.0455214 0.0791944 0.00212567
0 0.364606 0.496183 0.448598 0.404995 0.00188549
0 0.598292 0.617406 0.151782 0.202638 0.00182051
0 0.978847 0.802621 0.0189465 0.0328268 0.00181722
0 0.415394 0.435616 0.155608 0.242503 0.00173398
0 0.74198 0.0165449 0.0237195 0.0305189 0.00171224
0 0.928885 0.452845 0.0196741 0.0197174 0.0015301
0 0.744167 0.0179909 0.0439571 0.0359818 0.00149106
0 0.449909 0.609695 0.0420551 0.0747592 0.00142601
0 0.936158 0.9525 0.0481785 0.0937262 0.00140689
0 0.615671 0.594125 0.156787 0.121052 0.00139964
0 0.201574 0.0155581 0.0147078 0.0167723 0.00128696
0 0.181588 0.942444 0.0213471 0.0858784 0.00124845
0 0.553045 0.632389 0.439411 0.444793 0.00119633
0 0.914494 0.943976 0.052943 0.0760801 0.00114412
0 0.459339 0.596481 0.033872 0.0267479 0.00112501
0 0.038482 0.96505 0.0614308 0.054283 0.0011125
0 0.33749 0.394005 0.109794 0.167355 0.0010853
0 0.93241 0.287067 0.0957352 0.0922753 0.0010558
0 0.408726 0.965063 0.0163192 0.0104391 0.00103377
0 0.954208 0.956646 0.0789381 0.0867086 0.00102836
0 0.589283 0.459696 0.709487 0.394519 0.00102591
0 0.98193 0.800709 0.0144594 0.0394888 0.00101808
0 0.973879 0.806015 0.0214342 0.0420404 0.00101346
0 0.408519 0.964173 0.0101398 0.010906 0.00101014
0 0.795793 0.961506 0.151793 0.0544233 0.0010036
