0 0.515643 0.50326 0.15264 0.0263464 0.706312
0 0.516891 0.501215 0.157458 0.0461136 0.241168
0 0.519044 0.5045 0.0957718 0.0286284 0.0553689
0 0.519503 0.501449 0.185695 0.0783037 0.0495918
0 0.768637 0.132493 0.0175829 0.0110696 0.0146657
0 0.174603 0.0132087 0.019765 0.0136729 0.0139382
0 0.521546 0.501352 0.225287 0.185895 0.0136805
0 0.520944 0.486834 0.170967 0.0577677 0.012802
0 0.521413 0.47755 0.205346 0.105004 0.0117754
0 0.513095 0.516399 0.142359 0.0480333 0.00867462
0 0.540611 0.510007 0.145454 0.0408854 0.00851636
0 0.768898 0.132583 0.0219765 0.0158938 0.00768915
0 0.517718 0.473024 0.144434 0.0781727 0.00606106
0 0.515882 0.497621 0.0591595 0.032375 0.00407072
0 0.524827 0.520717 0.170155 0.0816671 0.00375605
0 0.484653 0.500513 0.0819164 0.0263154 0.00359016
0 0.223969 0.544335 0.0164131 0.00880423 0.00340521
0 0.537772 0.507053 0.0916369 0.0213985 0.00335236
0 0.885722 0.214126 0.0139484 0.0120986 0.00326049
0 0.528707 0.583871 0.188304 0.221102 0.00235651
0 0.524847 0.169388 0.0165441 0.023542 0.00231994
0 0.545214 0.50792 0.12818 0.027596 0.00231311
0 0.528852 0.457273 0.237754 0.168697 0.00222692
0 0.174061 0.016265 0.0407299 0.0294545 0.00190468
0 0.484568 0.500126 0.190532 0.0355815 0.0018971
0 0.535141 0.410903 0.201009 0.191289 0.00183725
0 0.512994 0.548105 0.163924 0.119413 0.00183199
0 0.225939 0.546028 0.0212453 0.012821 0.00182445
0 0.528035 0.496838 0.0588526 0.0367077 0.00181395
0 0.524653 0.164693 0.0122828 0.0155272 0.00178508
0 0.883141 0.210318 0.00406113 0.00808759 0.00177184
0 0.472879 0.502114 0.0685262 0.0192774 0.00170872
0 0.512495 0.447007 0.158187 0.126584 0.00150999
0 0.393345 0.655749 0.544774 0.298182 0.00132882
0 0.461314 0.581031 0.265636 0.208079 0.00129024
0 0.180197 0.922831 0.100296 0.134262 0.00126984
0 0.316883 0.937274 0.114407 0.100112 0.00126881
0 0.459796 0.369658 0.0173368 0.0145557 0.00124847
0 0.517285 0.491465 0.0923974 0.0354825 0.00124338
0 0.474802 0.501567 0.137953 0.027305 0.00122713
0 0.882168 0.209759 0.0124144 0.0312091 0.00121899
0 0.299567 0.896012 0.129765 0.175452 0.00121169
0 0.459831 0.503007 0.0291039 0.0164021 0.00117924
0 0.507714 0.0139677 0.0141854 0.0109215 0.00108759
0 0.950403 0.916319 0.0816227 0.111576 0.00107151
0 0.523501 0.16359 0.0181618 0.0251544 0.00103343
