0 0.143197 0.518718 0.0412039 0.0307749 0.821147
0 0.864115 0.485744 0.0406 0.0370399 0.771038
0 0.142586 0.521818 0.0447846 0.0556255 0.184389
0 0.864815 0.496243 0.040082 0.0317883 0.0581709
0 0.859912 0.496635 0.0270407 0.0227455 0.0458854
0 0.148397 0.51517 0.0427248 0.020062 0.0419158
0 0.134683 0.521319 0.0349548 0.0253169 0.0270854
0 0.854616 0.493119 0.0243 0.0414678 0.0201858
0 0.854001 0.483517 0.0411343 0.0386765 0.0145958
0 0.871451 0.48888 0.0395872 0.0368535 0.0136675
0 0.862692 0.495991 0.0679201 0.0891155 0.0136169
0 0.142622 0.50972 0.04041 0.0358458 0.00910103
0 0.129985 0.521511 0.0234716 0.0319629 0.00807638
0 0.14585 0.534512 0.0691129 0.0906573 0.00503424
0 0.853785 0.498948 0.0183315 0.0208826 0.00389782
0 0.862833 0.505334 0.0510954 0.0552525 0.00342819
0 0.557146 0.130647 0.00942116 0.0141829 0.00311064
0 0.84402 0.495212 0.194715 0.282308 0.00302322
0 0.852281 0.494987 0.040225 0.0337653 0.00269382
0 0.951206 0.68756 0.0928068 0.129464 0.00239638
0 0.556747 0.132614 0.0126575 0.0162794 0.00232265
0 0.554872 0.129444 0.0105479 0.0176721 0.00229121
0 0.220327 0.855317 0.00828676 0.0110378 0.00214963
0 0.137108 0.533728 0.0557795 0.0495764 0.00204317
0 0.146517 0.508599 0.0509742 0.0546267 0.00191222
0 0.130116 0.522254 0.0632218 0.0337083 0.00190119
0 0.159827 0.515448 0.0408926 0.0262877 0.00183358
0 0.221189 0.855577 0.0148702 0.0175879 0.0017274
0 0.129985 0.515353 0.0862089 0.124956 0.00167693
0 0.22111 0.853731 0.0127686 0.00980034 0.00155513
0 0.140736 0.496462 0.220617 0.350564 0.00153664
0 0.952163 0.922145 0.0744125 0.119546 0.00153627
0 0.872694 0.480208 0.0492348 0.0556202 0.00139365
0 0.851755 0.478232 0.0550529 0.0396303 0.00133444
0 0.159494 0.515908 0.0286072 0.0224794 0.00126664
0 0.155702 0.518289 0.0624854 0.0435966 0.00125724
0 0.372251 0.841732 0.13826 0.0961172 0.00124085
0 0.348554 0.720553 0.0150258 0.0097044 0.0011634
0 0.957126 0.322225 0.0857485 0.0659723 0.00115972
0 0.965797 0.965913 0.0111984 0.00943356 0.001157
0 0.501634 0.720238 0.0187777 0.0627647 0.00112206
0 0.964458 0.966127 0.0113182 0.018297 0.00104819
