0 0.554222 0.918823 0.0419506 0.0339222 0.82747
0 0.459111 0.0859585 0.0680087 0.0505238 0.642446
0 0.464602 0.0786248 0.0729527 0.0729288 0.533688
0 0.465149 0.0692976 0.0801444 0.11676 0.366203
0 0.450333 0.0907432 0.0494505 0.0393203 0.212256
0 0.503139 0.0298915 0.014789 0.0251434 0.107147
0 0.555526 0.909083 0.0399046 0.0392115 0.0452568
0 0.462833 0.0972228 0.0509785 0.0426698 0.0347023
0 0.492413 0.0440667 0.0377095 0.0665811 0.0274075
0 0.452425 0.0709068 0.167249 0.141814 0.0268476
0 0.246211 0.565971 0.0199819 0.0180143 0.0189618
0 0.683885 0.298953 0.0159834 0.0229581 0.0131747
0 0.556152 0.930903 0.0653515 0.0841587 0.0128647
0 0.225175 0.494542 0.0107395 0.0123297 0.0126176
0 0.554763 0.934097 0.0463696 0.0675629 0.01203
0 0.491668 0.0486115 0.0508862 0.097223 0.0112386
0 0.463188 0.0672679 0.0575133 0.0702911 0.0110544
0 0.499466 0.0317912 0.0200874 0.0362462 0.010679
0 0.439289 0.093506 0.023517 0.0292928 0.0102607
0 0.319382 0.0105899 0.0122818 0.0126738 0.00858299
0 0.479529 0.092709 0.176826 0.185418 0.0080091
0 0.566314 0.918299 0.0455163 0.0285229 0.0071611
0 0.471907 0.091359 0.0479838 0.0528209 0.00687969
0 0.560606 0.910626 0.0704991 0.0945503 0.00664235
0 0.50113 0.0247687 0.0147566 0.0240097 0.00616514
0 0.226114 0.494177 0.0174153 0.0129187 0.0056763
0 0.684743 0.299944 0.0213382 0.0293551 0.00560703
0 0.541345 0.919075 0.0380746 0.0304815 0.0055207
0 0.498061 0.0395223 0.0260274 0.0489495 0.00547807
0 0.223725 0.495862 0.0160705 0.0167976 0.00538972
0 0.54157 0.920891 0.0224196 0.0326433 0.00476472
0 0.439482 0.0870352 0.02766 0.0245888 0.00463051
0 0.502835 0.0276528 0.022841 0.0329094 0.0042878
0 0.465373 0.0466988 0.100295 0.0933976 0.00410994
0 0.488703 0.0658929 0.0785385 0.105207 0.00406578
0 0.533498 0.00635338 0.0189432 0.00987245 0.0040445
0 0.450752 0.0780747 0.0501326 0.062998 0.00344963
0 0.320218 0.0109068 0.0145369 0.0180674 0.00329447
0 0.679958 0.815948 0.0108444 0.00957241 0.00314848
0 0.246533 0.569678 0.0239511 0.0259196 0.00298981
0 0.486745 0.0654399 0.0464623 0.103742 0.00267283
0 0.457249 0.108665 0.0527477 0.0575268 0.00261673
0 0.981652 0.974222 0.0366957 0.0515561 0.00241891
0 0.542689 0.902255 0.203718 0.19549 0.00238123
0 0.788645 0.00393429 0.0160492 0.00729702 0.00236129
0 0.528604 0.0616717 0.181625 0.110997 0.00234535
0 0.495015 0.0268963 0.0311203 0.0350213 0.00219943
0 0.474225 0.102723 0.0183999 0.0271927 0.00217785
0 0.686382 0.30185 0.0138191 0.0288464 0.00209723
0 0.542896 0.915667 0.0599949 0.043545 0.00201428
0 0.475774 0.0562468 0.0530549 0.0612828 0.00199463
0 0.324328 0.00810655 0.0191383 0.0127648 0.00198341
0 0.634557 0.767661 0.0279347 0.0372419 0.00193961
0 0.46715 0.467599 0.016418 0.0329408 0.00188495
0 0.465414 0.108071 0.0388813 0.0397685 0.00178591
0 0.439837 0.097066 0.0961342 0.0977045 0.00176229
0 0.539061 0.0060074 0.0223591 0.0120148 0.00175202
0 0.56421 0.901661 0.0248735 0.0394739 0.00170259
0 0.458058 0.109725 0.069933 0.0951288 0.00166962
0 0.682848 0.814724 0.0156571 0.0125248 0.00162156
0 0.314175 0.00702996 0.017659 0.0121769 0.00160671
0 0.437302 0.100534 0.0175407 0.0269817 0.00159888
0 0.578206 0.875315 0.218272 0.249369 0.00158594
0 0.567149 0.922737 0.0527133 0.046632 0.00157906
0 0.125548 0.905882 0.0103995 0.0127069 0.00150556
0 0.46536 0.470458 0.00948305 0.0286905 0.00149656
0 0.226842 0.488733 0.00866752 0.0107374 0.0014554
0 0.539941 0.923107 0.0517709 0.0341177 0.00144658
0 0.46797 0.467149 0.00537424 0.0300648 0.00144543
0 0.79226 0.00385701 0.0216312 0.00771402 0.00143147
0 0.684401 0.290261 0.0245605 0.0368342 0.00142654
0 0.431533 0.00325347 0.0216495 0.00650694 0.00139242
0 0.464124 0.469489 0.013024 0.0378155 0.00138457
0 0.864676 0.818071 0.0116072 0.0112459 0.00138154
0 0.681466 0.817803 0.0120363 0.012326 0.00137883
0 0.447794 0.0763734 0.0462354 0.0345137 0.00131262
0 0.279515 0.508733 0.0176609 0.0391562 0.00130585
0 0.678927 0.297446 0.0215741 0.0250962 0.00129769
0 0.548595 0.905377 0.0432018 0.0477383 0.00128519
0 0.394881 0.00320368 0.0241375 0.00640736 0.00127966
0 0.438447 0.670852 0.0181125 0.0216642 0.00123118
0 0.535549 0.0723887 0.248201 0.144777 0.00121701
0 0.227168 0.496529 0.0121263 0.0167032 0.00119075
0 0.683399 0.817222 0.0123125 0.00789318 0.00116344
0 0.679849 0.295974 0.0330072 0.0351655 0.00113275
0 0.323659 0.0143399 0.0195328 0.0196509 0.00111756
0 0.243995 0.574405 0.0274914 0.032371 0.00108353
0 0.240832 0.568829 0.01828 0.0235389 0.00107252
0 0.531565 0.0104895 0.0183765 0.0156142 0.00103328
0 0.494399 0.00517083 0.0207356 0.0103417 0.0010178
0 0.861343 0.819595 0.0104895 0.0173159 0.00100824
0 0.867305 0.811916 0.00597477 0.014031 0.00100483
0 0.48615 0.0313706 0.0410064 0.0446739 0.00100148
