0 0.528238 0.0823744 0.0946813 0.164749 0.734863
0 0.278435 0.908925 0.0267076 0.0134838 0.260661
0 0.139327 0.697187 0.219641 0.387511 0.192731
0 0.2372 0.511035 0.464909 0.758134 0.130357
0 0.540497 0.0947864 0.173821 0.189573 0.0913024
0 0.165801 0.613356 0.331603 0.581357 0.0715081
0 0.541196 0.0527901 0.064826 0.10558 0.0521339
0 0.117539 0.745329 0.181567 0.265495 0.0517012
0 0.54865 0.0679614 0.0950227 0.135923 0.0454604
0 0.0439704 0.872174 0.0252419 0.0170753 0.0445367
0 0.240872 0.506151 0.419491 0.494243 0.0360722
0 0.506406 0.155839 0.157137 0.311678 0.0343126
0 0.140929 0.667426 0.198736 0.239707 0.0281389
0 0.404232 0.505952 0.801115 0.685489 0.0224785
0 0.582117 0.0775538 0.216917 0.155108 0.0203025
0 0.34286 0.402128 0.493477 0.735899 0.0164364
0 0.0950166 0.775303 0.131316 0.20416 0.0139607
0 0.296723 0.400113 0.366828 0.467546 0.0117947
0 0.279016 0.910484 0.0332169 0.0203001 0.0113775
0 0.314035 0.396923 0.219118 0.571215 0.0075166
0 0.65078 0.971004 0.0177064 0.0134493 0.00749269
0 0.178701 0.642696 0.265461 0.425766 0.00733905
0 0.18317 0.603976 0.210269 0.249133 0.00732681
0 0.401485 0.779833 0.0110095 0.00920925 0.00705998
0 0.482114 0.0981682 0.187082 0.196336 0.00679656
0 0.563648 0.0166206 0.0226611 0.0259882 0.00653726
0 0.047266 0.874743 0.0226654 0.0170547 0.00648848
0 0.229281 0.65305 0.410528 0.50456 0.00480621
0 0.711286 0.92865 0.0987061 0.059173 0.00478371
0 0.400209 0.5017 0.614205 0.47703 0.00465728
0 0.516325 0.13201 0.106623 0.219492 0.00458859
0 0.887451 0.2769 0.0122944 0.00999565 0.00438838
0 0.606756 0.103355 0.265494 0.198175 0.00434195
0 0.089996 0.806355 0.0995046 0.155961 0.00362077
0 0.553662 0.0358773 0.0460555 0.0714158 0.00359601
0 0.50124 0.0856894 0.127375 0.171379 0.00352121
0 0.687274 0.0127657 0.0136374 0.0110261 0.00341156
0 0.280377 0.90498 0.0306741 0.0227167 0.00340191
0 0.666027 0.0941476 0.0139056 0.0081785 0.00336826
0 0.469597 0.190592 0.2275 0.351334 0.00336345
0 0.697274 0.927718 0.0243564 0.0132179 0.00333761
0 0.58647 0.143577 0.280473 0.287153 0.0032976
0 0.720115 0.921992 0.060139 0.0266497 0.00327804
0 0.0858524 0.488836 0.0132989 0.0122674 0.00314562
0 0.532738 0.179419 0.283521 0.323108 0.00313045
0 0.694142 0.927117 0.0331262 0.0211979 0.00306785
0 0.402627 0.780268 0.0150445 0.0128453 0.00305089
0 0.467214 0.0797446 0.268808 0.159489 0.0030479
0 0.0451211 0.874123 0.029454 0.0255306 0.00294936
0 0.848538 0.0222406 0.0199245 0.016178 0.00288721
0 0.3989 0.779646 0.00759335 0.0105335 0.0027962
0 0.505668 0.308824 0.693938 0.617648 0.00254994
0 0.235644 0.572213 0.276482 0.607828 0.00252539
0 0.693981 0.925751 0.0199406 0.0115013 0.00250821
0 0.529795 0.159532 0.164431 0.248586 0.00248725
0 0.688678 0.946218 0.136431 0.0775297 0.00244052
0 0.68617 0.0118267 0.019416 0.0130834 0.00240531
0 0.344095 0.592324 0.578427 0.4789 0.00237528
0 0.697085 0.927718 0.0182979 0.00960617 0.00236471
0 0.549363 0.100762 0.118335 0.18765 0.00228183
0 0.560492 0.0243691 0.0265138 0.0379377 0.00216401
0 0.52959 0.116923 0.092453 0.109554 0.00214791
0 0.72952 0.918176 0.041494 0.0349583 0.00213667
0 0.702998 0.927653 0.0610585 0.0316195 0.00212582
0 0.545123 0.0454768 0.0533305 0.0709079 0.00210388
0 0.577174 0.0839638 0.146439 0.155595 0.00201563
0 0.420294 0.648353 0.840587 0.587944 0.00200316
0 0.956497 0.962231 0.065451 0.0555758 0.00195026
0 0.889294 0.277569 0.0167606 0.0145421 0.00187432
0 0.66512 0.0929355 0.0118582 0.0137732 0.00185857
0 0.150344 0.719039 0.157434 0.305796 0.0018062
0 0.528545 0.0727461 0.0578177 0.0603915 0.00171666
0 0.28739 0.911338 0.0545834 0.0174486 0.00170166
0 0.703285 0.0721659 0.50668 0.144332 0.00169624
0 0.716838 0.924464 0.0756883 0.0360867 0.00164005
0 0.458789 0.015341 0.248543 0.030682 0.0015881
0 0.62436 0.226571 0.0197834 0.0116975 0.00149934
0 0.568121 0.0159594 0.0369936 0.030426 0.00148435
0 0.453775 0.403066 0.555007 0.440673 0.00145675
0 0.517091 0.128955 0.0655553 0.0859687 0.00145103
0 0.0481015 0.868952 0.0368921 0.0386019 0.00137559
0 0.506417 0.129597 0.0371386 0.0617644 0.00136474
0 0.43358 0.244738 0.0353408 0.0503631 0.00133157
0 0.32515 0.334214 0.0115337 0.0150372 0.00132994
0 0.0725071 0.833896 0.0763818 0.101428 0.00130685
0 0.690922 0.0126308 0.0164409 0.0143348 0.00128075
0 0.349742 0.281452 0.607781 0.562904 0.00125724
0 0.0879534 0.489599 0.0157752 0.0161955 0.00125629
0 0.405302 0.216855 0.461702 0.43371 0.00123548
0 0.552621 0.407948 0.878223 0.730506 0.00119597
0 0.565172 0.0242838 0.0272992 0.0470486 0.0011937
0 0.676333 0.707848 0.0126102 0.0218777 0.00119051
0 0.192409 0.510348 0.384817 0.782771 0.00116286
0 0.280259 0.915751 0.0424076 0.0613735 0.0011387
0 0.576463 0.050795 0.152473 0.10159 0.00113833
0 0.0353583 0.946649 0.0185977 0.0215111 0.00113717
0 0.327634 0.333114 0.0119799 0.0162604 0.00113362
0 0.562196 0.0543602 0.0906834 0.10872 0.00112403
0 0.320298 0.382472 0.180048 0.24457 0.00110541
0 0.0986233 0.691749 0.196074 0.338505 0.00109878
0 0.292154 0.495739 0.280838 0.610819 0.00108598
0 0.937708 0.504109 0.124583 0.122202 0.0010735
0 0.496785 0.258245 0.497949 0.516491 0.00107312
0 0.461561 0.0490815 0.240029 0.0981631 0.00100384
