0 0.436106 0.18197 0.0447082 0.0416986 0.756757
0 0.49758 0.48911 0.0394861 0.0580099 0.730606
0 0.575298 0.820368 0.0271621 0.0418001 0.69962
0 0.373934 0.0708303 0.0404976 0.0545994 0.484506
0 0.576057 0.805868 0.0250473 0.0574028 0.16621
0 0.436038 0.189956 0.0376377 0.0421491 0.0754918
0 0.500981 0.476838 0.0318642 0.0393585 0.0307565
0 0.438269 0.190458 0.065274 0.0924826 0.0222244
0 0.497874 0.48429 0.0600139 0.0909779 0.0196818
0 0.367368 0.0669154 0.0618047 0.0901019 0.0194388
0 0.382176 0.0834018 0.0221534 0.0295197 0.0163126
0 0.423939 0.169347 0.0217335 0.0183343 0.0142868
0 0.199615 0.791677 0.0149331 0.0315325 0.0136094
0 0.368792 0.0581141 0.0406632 0.0688662 0.0134641
0 0.495817 0.508724 0.0309982 0.0311309 0.0118432
0 0.574969 0.813254 0.0448756 0.0618439 0.0117569
0 0.120134 0.523416 0.00982733 0.00928392 0.01033
0 0.572951 0.834134 0.0188091 0.0299614 0.0102576
0 0.122277 0.525698 0.0100064 0.00953789 0.00955648
0 0.491335 0.498848 0.0381334 0.0383556 0.0092885
0 0.44555 0.183699 0.040967 0.0478701 0.00928344
0 0.423248 0.0506784 0.0158152 0.0138865 0.00895507
0 0.583755 0.817476 0.0313716 0.041748 0.00848951
0 0.509579 0.489999 0.0370759 0.0565304 0.00848639
0 0.496843 0.504129 0.0467297 0.0553221 0.00763753
0 0.566911 0.818339 0.0314262 0.0420244 0.00742057
0 0.483636 0.490093 0.0350306 0.0492116 0.00710477
0 0.232332 0.530126 0.031569 0.0737179 0.00688762
0 0.381331 0.0785346 0.0683172 0.0955091 0.00679003
0 0.576549 0.833278 0.0158622 0.0246183 0.00651123
0 0.196841 0.786994 0.0158855 0.0318349 0.00597123
0 0.199201 0.788069 0.020512 0.0464119 0.00569522
0 0.429146 0.174355 0.0425221 0.0335333 0.00552618
0 0.12232 0.523636 0.0149918 0.0129522 0.00549096
0 0.584824 0.809204 0.0375437 0.0594803 0.00548236
0 0.384078 0.0712613 0.0362208 0.0502607 0.00464648
0 0.435105 0.205605 0.0473119 0.0630491 0.00457953
0 0.150714 0.687131 0.0112639 0.0115339 0.00444148
0 0.737688 0.203019 0.0106524 0.00691319 0.00418611
0 0.422151 0.16641 0.0171311 0.0146823 0.0041049
0 0.44198 0.19288 0.200363 0.295895 0.00408071
0 0.4927 0.494214 0.19962 0.27713 0.00367689
0 0.344262 0.082148 0.187836 0.164296 0.00364564
0 0.576465 0.788586 0.0196458 0.0349089 0.00364547
0 0.397771 0.195533 0.180823 0.279444 0.00354473
0 0.430394 0.172481 0.0489816 0.0500505 0.00337592
0 0.356526 0.0685571 0.0650068 0.0630202 0.00333334
0 0.388022 0.0889229 0.204994 0.177846 0.00315373
0 0.580633 0.809369 0.069331 0.117863 0.00283605
0 0.386411 0.0869978 0.0157611 0.02682 0.00282501
0 0.153676 0.689858 0.00925219 0.0104307 0.00274968
0 0.431006 0.166527 0.0360454 0.032031 0.0025464
0 0.73856 0.204651 0.0112827 0.0111646 0.00253313
0 0.152417 0.688782 0.019236 0.0150162 0.00242944
0 0.43026 0.727702 0.0139197 0.0140353 0.0023354
0 0.375956 0.083996 0.0315313 0.0448011 0.00229517
0 0.271195 0.119982 0.00921245 0.00887208 0.00219543
0 0.565789 0.810194 0.0419044 0.0563784 0.00213982
0 0.567277 0.827541 0.0254855 0.034108 0.00209461
0 0.226944 0.522778 0.0228805 0.0825512 0.00205848
0 0.533178 0.791563 0.0121563 0.0152731 0.00197758
0 0.48377 0.49035 0.0490302 0.0657914 0.00192971
0 0.443958 0.176824 0.056705 0.046133 0.00192173
0 0.740451 0.842665 0.0123691 0.014267 0.00191555
0 0.413708 0.588714 0.0133149 0.00742464 0.00177907
0 0.300301 0.958916 0.0831852 0.0608156 0.00176259
0 0.3207 0.949685 0.10913 0.0707546 0.00161892
0 0.197254 0.785235 0.0323925 0.0638694 0.00159123
0 0.740953 0.843315 0.00788374 0.0203306 0.00148161
0 0.433093 0.727229 0.0138276 0.0158004 0.00147438
0 0.611753 0.957413 0.0140315 0.0133965 0.0014174
0 0.429559 0.16557 0.0388618 0.0192284 0.00141603
0 0.461346 0.49973 0.207323 0.176659 0.00139346
0 0.720752 0.455941 0.0174429 0.00991058 0.00135773
0 0.592673 0.814777 0.0482059 0.0587505 0.00132461
0 0.536008 0.792311 0.0117627 0.0181837 0.00130399
0 0.497908 0.466062 0.024939 0.0243137 0.00126314
0 0.739189 0.204705 0.0156345 0.0136337 0.00124528
0 0.499932 0.510571 0.0628648 0.0951645 0.00117481
0 0.529372 0.793271 0.0165805 0.0201908 0.00117186
0 0.738912 0.842795 0.00847769 0.020117 0.00115721
0 0.878764 0.879729 0.0122175 0.00970306 0.00114099
0 0.119865 0.733406 0.18848 0.152712 0.00113664
0 0.51806 0.488756 0.0613275 0.0572629 0.00109306
0 0.455164 0.186378 0.0682215 0.0516957 0.00106221
0 0.256232 0.447158 0.0079195 0.0096364 0.00104861
0 0.416034 0.590645 0.0180029 0.00770302 0.00104736
0 0.567076 0.832105 0.0744799 0.110923 0.00103524
