0 0.844922 0.705747 0.181264 0.328332 0.670467
0 0.69812 0.392721 0.039927 0.0255093 0.561259
0 0.712621 0.443369 0.0158465 0.0138988 0.42751
0 0.84292 0.659755 0.163171 0.208858 0.30994
0 0.905571 0.834954 0.0560644 0.118464 0.223763
0 0.846488 0.735005 0.135012 0.261828 0.14702
0 0.714953 0.445409 0.0170561 0.0152202 0.0894586
0 0.7129 0.443646 0.0194294 0.0221343 0.044393
0 0.697471 0.394831 0.0471839 0.0464587 0.0396331
0 0.710552 0.441412 0.0141002 0.0188555 0.0156387
0 0.904594 0.829764 0.0511215 0.0730515 0.0144045
0 0.689108 0.388632 0.0243879 0.0237334 0.00710826
0 0.893618 0.838654 0.184646 0.259871 0.00620958
0 0.700368 0.410757 0.0500021 0.0529214 0.00620195
0 0.893759 0.832675 0.0675936 0.147504 0.00613023
0 0.77045 0.566342 0.0214089 0.0221869 0.00492632
0 0.708401 0.439653 0.0251735 0.0318003 0.00426814
0 0.863245 0.784662 0.174724 0.32525 0.004236
0 0.69497 0.385173 0.0375606 0.0308496 0.0038801
0 0.715511 0.442507 0.0325284 0.0532641 0.00357578
0 0.907893 0.82015 0.0757933 0.144301 0.00319963
0 0.900134 0.813305 0.0538811 0.117511 0.00239668
0 0.776897 0.571002 0.0361372 0.0317142 0.00237118
0 0.899207 0.818065 0.0524622 0.0684782 0.00231314
0 0.708999 0.393205 0.0380177 0.024742 0.00220009
0 0.889332 0.79549 0.110307 0.211785 0.00215292
0 0.9164 0.851054 0.0378687 0.0769718 0.00200428
0 0.871511 0.810633 0.121512 0.275597 0.0019774
0 0.722757 0.442735 0.029745 0.0221581 0.00175802
0 0.906307 0.855862 0.0491873 0.0858219 0.00174823
0 0.763095 0.746301 0.383556 0.376208 0.00165109
0 0.699036 0.405191 0.0834838 0.0988444 0.00163874
0 0.778823 0.583014 0.0488565 0.0507655 0.00152654
0 0.832211 0.776854 0.169871 0.395312 0.00142552
0 0.820675 0.617949 0.127668 0.145203 0.00142237
0 0.921952 0.862653 0.0285234 0.0527538 0.00141629
0 0.846944 0.684786 0.092477 0.136681 0.0013008
0 0.889337 0.795883 0.0714647 0.183237 0.00125758
0 0.766469 0.568034 0.0184053 0.0206308 0.0012368
0 0.802658 0.7292 0.208168 0.436423 0.00120912
0 0.688003 0.397047 0.0447833 0.0340429 0.00120043
0 0.777861 0.578743 0.0363113 0.034754 0.0011984
0 0.835032 0.646999 0.158647 0.135125 0.0011458
0 0.844287 0.706293 0.151716 0.127449 0.00114342
0 0.891285 0.742794 0.060589 0.080054 0.0010689
0 0.683512 0.392667 0.0323043 0.0253674 0.00104488
