0 0.359706 0.48881 0.133428 0.095592 0.847479
0 0.561435 0.623683 0.225496 0.153174 0.820607
0 0.112269 0.349869 0.218023 0.133748 0.730639
0 0.697495 0.721906 0.0394403 0.0356565 0.237047
0 0.548769 0.125083 0.371906 0.247819 0.119788
0 0.355409 0.494234 0.168636 0.1471 0.110062
0 0.209184 0.050337 0.39374 0.100674 0.084188
0 0.40945 0.0928807 0.734407 0.170062 0.0663728
0 0.356715 0.065653 0.713429 0.131306 0.0629339
0 0.468525 0.129845 0.601685 0.218935 0.0602414
0 0.69378 0.715801 0.0346732 0.03281 0.0405279
0 0.782638 0.794459 0.0568747 0.0561222 0.0283388
0 0.11619 0.40387 0.23238 0.256817 0.0234145
0 0.607016 0.143563 0.267223 0.287126 0.0193913
0 0.0852007 0.340509 0.170401 0.100972 0.0169668
0 0.701218 0.727088 0.0519433 0.0533781 0.0124238
0 0.533825 0.606041 0.172816 0.116269 0.0117089
0 0.509677 0.175867 0.505099 0.332361 0.0102264
0 0.246179 0.0651128 0.492359 0.114457 0.00974409
0 0.555144 0.589504 0.246897 0.15448 0.0078113
0 0.17173 0.789571 0.0135157 0.0132664 0.00778017
0 0.110662 0.0376822 0.221324 0.0753644 0.00761983
0 0.350233 0.486737 0.0926421 0.0765226 0.00738187
0 0.688987 0.714002 0.022027 0.023632 0.00663518
0 0.17146 0.788486 0.00934327 0.011953 0.00614761
0 0.16311 0.97083 0.0219959 0.0228251 0.00573419
0 0.559071 0.675538 0.22942 0.310336 0.00528704
0 0.265769 0.0547027 0.261077 0.105523 0.00525353
0 0.695779 0.119561 0.474005 0.239121 0.00508997
0 0.741475 0.75597 0.153584 0.117913 0.00459586
0 0.108029 0.37521 0.165394 0.16565 0.00388571
0 0.101241 0.460076 0.202483 0.372742 0.00378428
0 0.813014 0.0751167 0.150097 0.150233 0.00371717
0 0.173309 0.789425 0.015988 0.0191479 0.00359691
0 0.65124 0.683251 0.0415296 0.0309853 0.0035827
0 0.172979 0.790698 0.00930657 0.0117199 0.00341528
0 0.647444 0.682216 0.0527797 0.0451271 0.00313473
0 0.735441 0.740044 0.134867 0.0730182 0.00304786
0 0.690885 0.723905 0.0274271 0.0318401 0.00300397
0 0.16076 0.970472 0.0280975 0.032831 0.00300076
0 0.214852 0.135881 0.429703 0.255884 0.00297559
0 0.774248 0.786723 0.102011 0.116161 0.00297265
0 0.158151 0.97042 0.0191923 0.0286573 0.00286673
0 0.172635 0.792356 0.0121882 0.0148457 0.00275718
0 0.505546 0.099488 0.541795 0.198976 0.00253141
0 0.317834 0.125593 0.635668 0.209385 0.00242816
0 0.792125 0.795177 0.0659386 0.0422344 0.00235163
0 0.653559 0.690204 0.0388201 0.0301698 0.00219622
0 0.610735 0.0964969 0.233744 0.192994 0.0021927
0 0.704469 0.197938 0.0900308 0.0996544 0.00212524
0 0.742194 0.755405 0.217417 0.193574 0.0021187
0 0.46857 0.56054 0.0362648 0.0324917 0.00207304
0 0.0609418 0.992122 0.0201149 0.00885658 0.00202583
0 0.978334 0.492893 0.0384789 0.1001 0.00199414
0 0.356536 0.521124 0.12602 0.183537 0.001975
0 0.344736 0.0497665 0.58222 0.0995331 0.00194819
0 0.414434 0.180188 0.781722 0.360376 0.00189178
0 0.114366 0.301871 0.228732 0.0970574 0.00188234
0 0.262794 0.0534991 0.525588 0.106998 0.0018542
0 0.0568195 0.990446 0.0155493 0.012443 0.00178981
0 0.0622287 0.320192 0.124457 0.064103 0.00176311
0 0.975846 0.510727 0.0277237 0.0567874 0.00173175
0 0.126209 0.326719 0.215697 0.0975057 0.00166922
0 0.594486 0.120025 0.157702 0.240051 0.00165151
0 0.192666 0.0740397 0.332207 0.148079 0.00160542
0 0.377848 0.466622 0.224053 0.169785 0.00158715
0 0.560808 0.649441 0.160341 0.173716 0.0015853
0 0.975933 0.507069 0.012545 0.0478312 0.00158029
0 0.65377 0.119991 0.260697 0.239981 0.00151752
0 0.202821 0.395005 0.0557013 0.0411799 0.00147466
0 0.35257 0.480117 0.0582501 0.0673648 0.00142363
0 0.0385362 0.0347557 0.0741775 0.0695114 0.00141837
0 0.158568 0.966386 0.0148736 0.0236069 0.00139552
0 0.109657 0.425214 0.151728 0.257915 0.00139082
0 0.973583 0.506637 0.0130342 0.0400229 0.00138975
0 0.869873 0.00782717 0.0314638 0.0156543 0.00138617
0 0.0357892 0.310314 0.0699624 0.0452589 0.00137989
0 0.0642769 0.0347549 0.128554 0.0695097 0.0013434
0 0.628786 0.61701 0.41092 0.227853 0.00134265
0 0.163669 0.0351731 0.320442 0.0703463 0.00133788
0 0.969901 0.506682 0.0163986 0.0491753 0.00132497
0 0.584761 0.568078 0.346573 0.294109 0.00127627
0 0.367217 0.516024 0.133694 0.10192 0.00125348
0 0.0633445 0.992318 0.0289326 0.0122795 0.00122534
0 0.692983 0.708906 0.0448715 0.0356471 0.00122069
0 0.709531 0.746445 0.124416 0.154926 0.00120496
0 0.519985 0.590329 0.13851 0.0785307 0.00120144
0 0.541383 0.0844141 0.30559 0.168828 0.00119947
0 0.476357 0.566639 0.0503467 0.046312 0.00118155
0 0.625269 0.659418 0.22254 0.111521 0.00117072
0 0.118516 0.273222 0.237031 0.202791 0.00114041
0 0.710126 0.72055 0.0470963 0.0346022 0.00111741
0 0.583753 0.205444 0.298404 0.38181 0.00109428
0 0.174752 0.786864 0.00835645 0.0107914 0.00108664
0 0.316674 0.460888 0.0423266 0.0372335 0.00107675
0 0.153809 0.970381 0.0145816 0.0220251 0.00106234
0 0.281053 0.0669276 0.212483 0.0771076 0.00104824
0 0.738791 0.0893473 0.301326 0.178695 0.00103707
0 0.77398 0.786358 0.0411795 0.0448919 0.0010066
