0 0.0817923 0.444942 0.0298779 0.0240088 0.781557
0 0.0533113 0.394301 0.0617676 0.0436865 0.741161
0 0.624153 0.880198 0.247449 0.221245 0.703438
0 0.0199697 0.351154 0.0200241 0.0206748 0.472298
0 0.00866559 0.311355 0.0170325 0.0293194 0.355299
0 0.690913 0.882668 0.421346 0.234664 0.181713
0 0.0169861 0.340437 0.0210453 0.0369081 0.15596
0 0.046149 0.38836 0.0501376 0.0328085 0.101546
0 0.0577825 0.406611 0.0593754 0.0525431 0.0757795
0 0.0836769 0.447731 0.0396398 0.0461378 0.0595868
0 0.0537728 0.399709 0.0766257 0.0894311 0.0582617
0 0.972266 0.78464 0.047464 0.037933 0.0526558
0 0.747933 0.864272 0.0408229 0.044347 0.0506636
0 0.0635139 0.388228 0.0523449 0.0366944 0.0450581
0 0.019972 0.345429 0.0253217 0.0305254 0.038205
0 0.0553848 0.383533 0.0617581 0.049395 0.0342937
0 0.015096 0.335593 0.0277941 0.0529544 0.0323161
0 0.0390369 0.393028 0.0333749 0.0374517 0.029069
0 0.59987 0.929025 0.158561 0.141949 0.0285484
0 0.581808 0.894894 0.181327 0.198462 0.0260235
0 0.0372967 0.385008 0.0277469 0.0218374 0.0255309
0 0.0275003 0.367663 0.0270946 0.0411716 0.0180402
0 0.0116307 0.316015 0.0232613 0.0508317 0.0168742
0 0.0161308 0.353063 0.0150633 0.0251009 0.01623
0 0.079937 0.449815 0.0341991 0.0257821 0.0150048
0 0.0301169 0.369426 0.0386724 0.0308249 0.0145973
0 0.0150942 0.315631 0.0198104 0.0329234 0.0144054
0 0.0151383 0.347372 0.0169869 0.0262945 0.0132543
0 0.0446832 0.378026 0.055682 0.0408408 0.0127477
0 0.0216501 0.344036 0.0294514 0.0594549 0.0122576
0 0.4792 0.378292 0.0123005 0.0124272 0.0113636
0 0.0902234 0.446659 0.0278747 0.0227161 0.0110996
0 0.0107493 0.32594 0.0182864 0.050602 0.0103575
0 0.60514 0.820402 0.388745 0.359196 0.0103145
0 0.740897 0.81692 0.518206 0.336274 0.0102696
0 0.0658763 0.397686 0.131753 0.248896 0.010141
0 0.0463276 0.407755 0.0362818 0.0298536 0.00955584
0 0.0395795 0.401613 0.0261361 0.0340083 0.00931126
0 0.0722626 0.441745 0.0551372 0.0379429 0.00901942
0 0.0868148 0.441506 0.0304588 0.0238535 0.00854373
0 0.744715 0.873349 0.0594576 0.0629532 0.00839882
0 0.974325 0.776109 0.0513509 0.0590697 0.00740204
0 0.940523 0.816532 0.0111807 0.0152504 0.00707465
0 0.0213061 0.35957 0.022913 0.0285078 0.00684904
0 0.00933223 0.303621 0.0186645 0.0215804 0.00634663
0 0.574667 0.933068 0.120812 0.119223 0.0058786
0 0.747774 0.858715 0.0549248 0.0316633 0.00571763
0 0.577092 0.856862 0.32256 0.256723 0.00549144
0 0.744631 0.871106 0.0273468 0.0377832 0.00543546
0 0.0324978 0.390816 0.0528683 0.0341678 0.00541436
0 0.974469 0.928511 0.0097538 0.0108305 0.00520047
0 0.0821613 0.459747 0.0378087 0.0532615 0.00493821
0 0.63253 0.893793 0.166144 0.212413 0.00478401
0 0.00480833 0.308489 0.00961666 0.0287208 0.00452016
0 0.937284 0.0159326 0.0109198 0.0131743 0.0044884
0 0.515505 0.99171 0.016723 0.0165794 0.00412117
0 0.409092 0.233107 0.17036 0.105143 0.00391887
0 0.0437054 0.378216 0.0486401 0.0258013 0.00380323
0 0.00715702 0.30947 0.014314 0.0241107 0.00372495
0 0.675251 0.904052 0.293349 0.183545 0.00367727
0 0.590798 0.850688 0.216516 0.211032 0.00350022
0 0.516847 0.852855 0.561921 0.273388 0.0034903
0 0.0742562 0.38258 0.0275179 0.0297155 0.00334027
0 0.658939 0.851245 0.229533 0.19885 0.00331677
0 0.0299602 0.352513 0.0599204 0.0990601 0.00314228
0 0.0328867 0.372773 0.0507483 0.0769099 0.00306676
0 0.0724929 0.38985 0.0291247 0.0338326 0.00294716
0 0.0175369 0.321745 0.0342852 0.0704829 0.00294101
0 0.508509 0.777342 0.665127 0.445316 0.00289535
0 0.681591 0.762226 0.636818 0.475548 0.00285397
0 0.747149 0.858418 0.0929853 0.0654867 0.00280001
0 0.941501 0.818643 0.0150362 0.0156961 0.00276064
0 0.522697 0.238745 0.013552 0.00832281 0.00266379
0 0.753868 0.856288 0.0435165 0.0468554 0.00265236
0 0.00879099 0.335496 0.017582 0.0511431 0.00264538
0 0.582646 0.951303 0.156118 0.0973946 0.0024913
0 0.680431 0.893488 0.15256 0.213024 0.00245443
0 0.935023 0.0134418 0.0145714 0.0134962 0.00210949
0 0.974643 0.928056 0.0143042 0.0143738 0.00207404
0 0.51968 0.890899 0.415147 0.218201 0.00204906
0 0.00624439 0.315257 0.0124888 0.0287345 0.00203451
0 0.567177 0.957256 0.106829 0.0854876 0.00202207
0 0.52353 0.239522 0.015441 0.0127467 0.00196576
0 0.0740956 0.438456 0.0373936 0.0360147 0.00185457
0 0.968475 0.794395 0.0604782 0.0687477 0.00183442
0 0.552718 0.91185 0.147266 0.149762 0.00176725
0 0.0328656 0.353751 0.0657311 0.178095 0.00176129
0 0.525845 0.23742 0.0131673 0.00890436 0.00174507
0 0.618614 0.923576 0.24573 0.151826 0.00170554
0 0.410904 0.23315 0.123972 0.0839464 0.00167361
0 0.570078 0.848894 0.201301 0.299114 0.00165152
0 0.752791 0.874326 0.494417 0.251349 0.00163433
0 0.092613 0.449411 0.0426789 0.0548688 0.00163012
0 0.769342 0.0132128 0.0130702 0.0128137 0.00159621
0 0.962582 0.765829 0.0748353 0.12273 0.00145458
0 0.976503 0.931338 0.01511 0.0136919 0.0014468
0 0.981138 0.783036 0.0377233 0.0373043 0.00144603
0 0.0549204 0.407599 0.038858 0.0326756 0.00143984
0 0.937388 0.0160171 0.0161301 0.0186139 0.00143223
0 0.0751387 0.44347 0.0957846 0.108305 0.00142631
0 0.961983 0.309809 0.0749392 0.108682 0.00138658
0 0.0681019 0.378483 0.0526074 0.04145 0.0013687
0 0.0612874 0.372368 0.0887441 0.0839854 0.00136547
0 0.977561 0.927495 0.0103182 0.0101204 0.00135524
0 0.975369 0.791963 0.0438578 0.0367385 0.00134919
0 0.527594 0.192501 0.0241131 0.0786411 0.00133884
0 0.0142682 0.302445 0.0216464 0.0255618 0.00131699
0 0.0766103 0.419204 0.0410134 0.0489902 0.00130764
0 0.52155 0.191721 0.0288053 0.0618553 0.00129481
0 0.548254 0.912288 0.088639 0.119566 0.00128375
0 0.967953 0.788385 0.0640937 0.0946732 0.00127714
0 0.532588 0.313333 0.104844 0.140655 0.00127088
0 0.540006 0.298856 0.134927 0.247817 0.0012677
0 0.702227 0.330439 0.023129 0.0640148 0.00126739
0 0.949455 0.315397 0.0626032 0.0869255 0.00123844
0 0.939364 0.0139582 0.0160856 0.0131136 0.00123777
0 0.407492 0.206589 0.318312 0.190304 0.00123685
0 0.522983 0.242149 0.0190622 0.0142104 0.00120404
0 0.539263 0.300775 0.0806025 0.19793 0.00119908
0 0.95081 0.300324 0.0474606 0.0631984 0.00116021
0 0.519064 0.988622 0.0174812 0.0211746 0.00115743
0 0.0278947 0.383088 0.0350249 0.0250545 0.00114322
0 0.946602 0.816579 0.0176321 0.0136215 0.00107874
0 0.709567 0.341366 0.0281319 0.0933463 0.00107307
0 0.0150867 0.334722 0.0301735 0.0616858 0.00104796
0 0.299783 0.684478 0.00448604 0.0123575 0.00104696
0 0.0366029 0.408588 0.030879 0.0300145 0.00104134
0 0.0323874 0.389209 0.0622762 0.0673693 0.00103855
0 0.769724 0.012359 0.0177389 0.0165308 0.00103368
0 0.542289 0.290911 0.446042 0.3678 0.00103225
0 0.0755963 0.419548 0.062981 0.0397667 0.00103005
0 0.0288318 0.382373 0.0200655 0.0250878 0.00102204
0 0.703804 0.669509 0.592392 0.660981 0.00101853
0 0.94363 0.815924 0.0126295 0.00981445 0.00101324
0 0.76725 0.016316 0.0164863 0.0182662 0.00101252
0 0.707463 0.331195 0.00850601 0.045227 0.00100973
0 0.58946 0.741284 0.0142727 0.019613 0.00100122
