0 0.214193 0.642815 0.121476 0.141733 0.7016
0 0.496723 0.657201 0.739467 0.293476 0.214929
0 0.647613 0.499882 0.704775 0.270744 0.148274
0 0.497566 0.599647 0.688316 0.158 0.14558
0 0.732768 0.457857 0.534465 0.393847 0.124738
0 0.211502 0.63981 0.172061 0.171987 0.11848
0 0.352847 0.617004 0.506762 0.205415 0.110858
0 0.295712 0.639284 0.338974 0.18831 0.0903647
0 0.611329 0.541078 0.602267 0.24084 0.0690924
0 0.515608 0.688665 0.968784 0.338065 0.0651087
0 0.53727 0.558658 0.92546 0.255933 0.0409703
0 0.3539 0.683584 0.504649 0.321303 0.0339176
0 0.866743 0.407552 0.252898 0.260769 0.0239933
0 0.175093 0.686091 0.0342438 0.0388288 0.0171815
0 0.262142 0.650344 0.259765 0.142374 0.0164586
0 0.420512 0.580579 0.236968 0.12192 0.0162365
0 0.981453 0.322172 0.0290668 0.0463045 0.0156601
0 0.363296 0.571372 0.59045 0.235413 0.0136801
0 0.643593 0.638558 0.62122 0.384404 0.0134113
0 0.563075 0.463515 0.87385 0.37595 0.0131633
0 0.844377 0.449758 0.311246 0.363131 0.0128985
0 0.236974 0.622178 0.100513 0.110114 0.0101483
0 0.255919 0.588474 0.0227359 0.0342934 0.00821044
0 0.287901 0.638105 0.163203 0.153954 0.00814804
0 0.381907 0.0514408 0.0107199 0.0120512 0.00805026
0 0.259972 0.622537 0.189249 0.112268 0.00654441
0 0.242497 0.609445 0.069704 0.0757429 0.00639829
0 0.0770983 0.549792 0.0128886 0.00938911 0.00613825
0 0.290054 0.69907 0.298364 0.267971 0.00544105
0 0.401723 0.57453 0.425997 0.146185 0.00529522
0 0.497936 0.511225 0.629069 0.322103 0.00517756
0 0.404751 0.959093 0.140796 0.0615242 0.00486133
0 0.181044 0.682823 0.0484011 0.0611886 0.00480454
0 0.078559 0.550915 0.0155746 0.00631962 0.00475918
0 0.171758 0.677268 0.0533038 0.0494324 0.00398481
0 0.0787519 0.551024 0.00983236 0.00922957 0.00391907
0 0.511134 0.587458 0.312799 0.111337 0.00381362
0 0.644786 0.592812 0.710429 0.494696 0.00380764
0 0.871707 0.412606 0.16086 0.236024 0.0036533
0 0.211286 0.674341 0.114522 0.132663 0.00359884
0 0.905485 0.383002 0.179215 0.191833 0.00352027
0 0.29398 0.595924 0.304759 0.129865 0.00339976
0 0.0778306 0.550583 0.0174457 0.0127236 0.00325802
0 0.383726 0.0507961 0.0152891 0.0156919 0.00319581
0 0.207383 0.613591 0.129475 0.102157 0.00310115
0 0.569493 0.0159782 0.0136757 0.0143741 0.00287201
0 0.986237 0.326991 0.026399 0.0437753 0.00285638
0 0.256778 0.651291 0.155277 0.145383 0.00285007
0 0.170677 0.625999 0.215717 0.175513 0.00283037
0 0.542021 0.742791 0.83633 0.506116 0.00276819
0 0.242168 0.600587 0.0561777 0.0557288 0.00241194
0 0.224111 0.611265 0.0864366 0.0825902 0.0022911
0 0.17741 0.671486 0.0796633 0.0842237 0.002142
0 0.763377 0.366347 0.473247 0.523499 0.00213817
0 0.228322 0.673147 0.139905 0.192876 0.0020377
0 0.976325 0.326631 0.0268162 0.0454563 0.00191891
0 0.186059 0.640874 0.0670078 0.134705 0.00176636
0 0.460473 0.581884 0.145818 0.112072 0.00165404
0 0.378896 0.0523435 0.0154805 0.0124004 0.00159011
0 0.237957 0.643704 0.0777128 0.127774 0.00157391
0 0.726366 0.495831 0.282096 0.28503 0.00144584
0 0.784977 0.469816 0.301348 0.312613 0.00142809
0 0.254601 0.729469 0.395827 0.336686 0.0014014
0 0.929534 0.357572 0.140933 0.132893 0.00139404
0 0.383873 0.0517105 0.0115501 0.00887789 0.00137138
0 0.543017 0.410918 0.874719 0.56041 0.00136251
0 0.961132 0.965892 0.0600927 0.0530472 0.00134637
0 0.253158 0.59397 0.0521968 0.0463761 0.00125512
0 0.311238 0.676359 0.15748 0.247017 0.0011965
0 0.311458 0.617685 0.166542 0.144897 0.00118824
0 0.174373 0.6373 0.108289 0.132206 0.00116927
0 0.408024 0.658316 0.314119 0.391348 0.00114209
0 0.171087 0.691944 0.0679753 0.0674839 0.00111885
0 0.98236 0.335031 0.0242283 0.0346673 0.00110585
0 0.570859 0.0165596 0.0193878 0.018825 0.00109317
0 0.0808993 0.552081 0.017436 0.0142439 0.00108263
0 0.361025 0.508685 0.460181 0.321581 0.00107574
0 0.0804321 0.552377 0.011134 0.00867195 0.00107511
0 0.16815 0.692709 0.0521748 0.0509709 0.00105776
0 0.181993 0.697033 0.105538 0.14118 0.00102044
