0 0.505236 0.503395 0.258871 0.122677 0.81522
0 0.703617 0.110259 0.0330216 0.0334929 0.208833
0 0.497646 0.509806 0.164719 0.143999 0.133653
0 0.506395 0.549759 0.25248 0.234189 0.049446
0 0.0302342 0.770045 0.0206812 0.0348115 0.0450008
0 0.101623 0.876792 0.0750939 0.0758474 0.0446981
0 0.0303858 0.765145 0.0164464 0.0301878 0.0410485
0 0.98152 0.852246 0.0310062 0.0188244 0.0323312
0 0.511096 0.933016 0.020076 0.0116331 0.0153796
0 0.926834 0.80177 0.0803345 0.0509632 0.0133807
0 0.486385 0.478429 0.227849 0.116847 0.0127792
0 0.0854014 0.887379 0.117528 0.101739 0.00990614
0 0.0304696 0.771221 0.0291956 0.050455 0.00684993
0 0.701993 0.110714 0.0495055 0.037833 0.00622703
0 0.470211 0.493689 0.163776 0.123852 0.00563387
0 0.0834259 0.865417 0.105894 0.104077 0.00548513
0 0.072125 0.909218 0.128338 0.155566 0.00518821
0 0.938125 0.811685 0.0930761 0.0696817 0.00504027
0 0.924225 0.797133 0.0700968 0.0322981 0.00492199
0 0.699628 0.103211 0.0382178 0.0465666 0.0046744
0 0.513524 0.551391 0.14704 0.221779 0.00449428
0 0.528649 0.495288 0.158831 0.117587 0.00430907
0 0.741383 0.446362 0.0357241 0.031675 0.00380989
0 0.0806762 0.856985 0.128319 0.156675 0.00376001
0 0.982581 0.858526 0.0281998 0.0251532 0.00375031
0 0.887612 0.849472 0.0173597 0.0145353 0.00357483
0 0.325358 0.719185 0.0709994 0.0804427 0.00348864
0 0.698884 0.115325 0.0332782 0.0309233 0.00347141
0 0.368696 0.897843 0.0722036 0.0606668 0.00330976
0 0.658921 0.0902287 0.144384 0.0909201 0.00325126
0 0.555091 0.512026 0.273045 0.159273 0.00314078
0 0.0277803 0.761512 0.0134877 0.0315653 0.00289842
0 0.700356 0.0990074 0.044935 0.066853 0.00287657
0 0.0982597 0.898452 0.196519 0.203096 0.00283156
0 0.509815 0.9347 0.0251515 0.0155531 0.00282541
0 0.701445 0.117025 0.0386306 0.0533242 0.0027802
0 0.739759 0.445721 0.0279108 0.0235554 0.00260177
0 0.986152 0.848958 0.0274618 0.0300608 0.00251477
0 0.578502 0.499058 0.409329 0.13153 0.00237975
0 0.0883851 0.87734 0.054148 0.0629614 0.00231561
0 0.64419 0.0772124 0.188202 0.116267 0.00231491
0 0.37443 0.902963 0.10714 0.0791527 0.00218005
0 0.473353 0.475328 0.273916 0.199968 0.00201889
0 0.23233 0.842737 0.0556161 0.103456 0.00199276
0 0.982715 0.834831 0.0299643 0.0542313 0.00192747
0 0.684284 0.900761 0.0310164 0.0250399 0.00190295
0 0.498154 0.634259 0.363554 0.435681 0.00185806
0 0.704547 0.12036 0.0291651 0.0349699 0.00182519
0 0.116096 0.893605 0.14175 0.120313 0.00173788
0 0.115779 0.862856 0.121926 0.124801 0.00173027
0 0.226124 0.982949 0.0124628 0.0208118 0.0016263
0 0.908726 0.210707 0.182548 0.124289 0.00157927
0 0.586244 0.536289 0.495301 0.209527 0.00157593
0 0.857001 0.206583 0.0304932 0.0148735 0.00154139
0 0.925602 0.788726 0.0795532 0.0397223 0.0015298
0 0.984895 0.849026 0.0302093 0.0614584 0.00151396
0 0.603037 0.649791 0.528466 0.431202 0.00149754
0 0.0885244 0.820976 0.14282 0.187049 0.00146729
0 0.0861123 0.887234 0.0715859 0.0821978 0.00142429
0 0.982 0.84376 0.0360001 0.0422506 0.00137589
0 0.85615 0.208322 0.0453518 0.0211864 0.00134997
0 0.921782 0.80552 0.109233 0.107943 0.00134693
0 0.779956 0.832698 0.0214592 0.0145891 0.00132711
0 0.708708 0.103363 0.0626013 0.0495966 0.00131654
0 0.936427 0.820758 0.112411 0.1024 0.00131623
0 0.081352 0.852802 0.162704 0.215282 0.00130311
0 0.781513 0.829154 0.0139288 0.0143932 0.00129527
0 0.360768 0.891585 0.051556 0.0512064 0.00125042
0 0.68481 0.0844157 0.0795986 0.0824335 0.00124559
0 0.226691 0.979841 0.00908089 0.0195395 0.00123497
0 0.324242 0.720498 0.0991673 0.128712 0.00122682
0 0.854191 0.210325 0.0318369 0.0211058 0.00121428
0 0.0309965 0.757151 0.0249707 0.046276 0.00119562
0 0.638892 0.0714819 0.248001 0.142964 0.00116884
0 0.361903 0.922331 0.122755 0.10345 0.00115904
0 0.68877 0.898511 0.0246361 0.0204193 0.00115103
0 0.0569975 0.799157 0.110993 0.135936 0.00114688
0 0.688414 0.603693 0.623173 0.374085 0.00113207
0 0.507857 0.452068 0.255633 0.095038 0.00109803
0 0.526289 0.601709 0.243887 0.267103 0.00107047
0 0.574375 0.8995 0.149853 0.113078 0.00106176
0 0.31635 0.733783 0.0670044 0.0688868 0.00104917
0 0.981387 0.858236 0.0372251 0.0587385 0.00104018
0 0.514495 0.934678 0.0247207 0.0182209 0.00103195
