0 0.495895 0.498271 0.159835 0.0331231 0.804587
0 0.595156 0.555954 0.0243401 0.0464971 0.483465
0 0.496657 0.50345 0.176089 0.0810705 0.147445
0 0.596639 0.548527 0.0189181 0.0334726 0.0836076
0 0.507223 0.501774 0.0959617 0.0313747 0.0611028
0 0.4915 0.501671 0.205298 0.173441 0.0314959
0 0.594512 0.566462 0.0221857 0.0499401 0.0278083
0 0.487073 0.484033 0.172371 0.0439322 0.0186771
0 0.494571 0.521271 0.15079 0.0893688 0.0177389
0 0.483856 0.496443 0.0924603 0.032227 0.0141479
0 0.522691 0.504194 0.153055 0.0496438 0.00840907
0 0.493269 0.552457 0.157482 0.159848 0.00833184
0 0.594013 0.58054 0.0172015 0.0179894 0.00712443
0 0.594237 0.568164 0.0296653 0.0655559 0.00706805
0 0.540306 0.499993 0.0910433 0.0265901 0.0065904
0 0.429276 0.691776 0.0144077 0.0129108 0.00650981
0 0.473536 0.283446 0.154713 0.104012 0.00611927
0 0.551428 0.504923 0.0656825 0.0278487 0.00567757
0 0.501668 0.491576 0.0588724 0.0459122 0.00551486
0 0.592006 0.539139 0.0152791 0.0386628 0.00534058
0 0.501315 0.480627 0.169139 0.0658011 0.00524329
0 0.592071 0.548542 0.0184967 0.0427515 0.00468892
0 0.583122 0.559252 0.0369462 0.0521456 0.00456224
0 0.48145 0.504824 0.175567 0.0499674 0.00377582
0 0.429432 0.693473 0.0197603 0.0131308 0.00319075
0 0.596931 0.579642 0.0169436 0.0219079 0.00307497
0 0.954014 0.963546 0.0742468 0.0553474 0.00268842
0 0.5054 0.540914 0.157437 0.106422 0.00263716
0 0.455704 0.492714 0.0688512 0.0277979 0.00243633
0 0.472159 0.582776 0.153794 0.219097 0.00238031
0 0.582268 0.558745 0.0546995 0.0809958 0.00213733
0 0.0357827 0.710242 0.0171221 0.0170388 0.00210404
0 0.593914 0.561824 0.0493505 0.0583699 0.00209
0 0.590991 0.578989 0.0180777 0.0262362 0.00203477
0 0.515161 0.491306 0.157797 0.0467469 0.00196378
0 0.436349 0.493027 0.0317269 0.0199047 0.00184141
0 0.0351155 0.707906 0.0137849 0.0127532 0.00178808
0 0.445894 0.493067 0.0580826 0.0215876 0.00169973
0 0.552028 0.502341 0.051853 0.021058 0.00158372
0 0.482402 0.490876 0.143043 0.0365686 0.00146174
0 0.478852 0.492387 0.0575614 0.0349751 0.00145689
0 0.487882 0.299197 0.357483 0.203931 0.00129889
0 0.588348 0.53201 0.0185164 0.0418846 0.00129796
0 0.525053 0.538739 0.237727 0.189279 0.00123236
0 0.564249 0.504917 0.0335021 0.0221158 0.00122569
0 0.513606 0.492559 0.0587738 0.0372732 0.00122459
0 0.612511 0.279228 0.107719 0.11994 0.00121492
0 0.459531 0.281657 0.0976762 0.127512 0.00117817
0 0.442886 0.48934 0.0428197 0.0175894 0.00116597
0 0.566714 0.510588 0.0222774 0.0177171 0.00112777
0 0.583713 0.515395 0.0184443 0.0129569 0.00106778
0 0.507279 0.44666 0.166292 0.138248 0.00104862
