0 0.497109 0.49892 0.0302879 0.0991068 0.778595
0 0.501398 0.488106 0.0214576 0.0866578 0.0873513
0 0.690221 0.453741 0.0217743 0.0437296 0.0377382
0 0.492779 0.502023 0.0462616 0.114835 0.0363318
0 0.41613 0.741706 0.0180208 0.0178046 0.0327511
0 0.495393 0.52082 0.0299123 0.0595678 0.0153351
0 0.841268 0.226444 0.0177965 0.0221994 0.0140921
0 0.490243 0.495001 0.0356417 0.0696888 0.0126581
0 0.496454 0.480567 0.0228853 0.0876979 0.0122411
0 0.504817 0.499492 0.049578 0.0960737 0.0105883
0 0.483229 0.506343 0.04078 0.0962635 0.0085634
0 0.636628 0.47793 0.0200587 0.022927 0.00767176
0 0.50083 0.475899 0.0193482 0.0513087 0.00766895
0 0.29202 0.082294 0.148159 0.14425 0.00688962
0 0.415558 0.742067 0.0249764 0.0235798 0.00688692
0 0.687504 0.451652 0.0272701 0.0590333 0.00545413
0 0.23521 0.271156 0.0974598 0.0940277 0.00535586
0 0.51112 0.499771 0.0702803 0.117222 0.00482975
0 0.493445 0.494632 0.188737 0.240046 0.00445424
0 0.49063 0.514282 0.0340489 0.0835509 0.00438752
0 0.743794 0.025681 0.0153416 0.0276108 0.00335721
0 0.087163 0.968078 0.00662568 0.00704842 0.00331641
0 0.292904 0.960947 0.0572638 0.0543156 0.00328995
0 0.930439 0.90708 0.043745 0.0593052 0.0030136
0 0.384017 0.00994225 0.0130557 0.0132579 0.00284272
0 0.292067 0.07956 0.277905 0.15912 0.00268043
0 0.954143 0.876067 0.0883968 0.156741 0.00259241
0 0.239635 0.879631 0.0124758 0.0173813 0.00254395
0 0.812315 0.290081 0.0121925 0.014471 0.00253516
0 0.93787 0.897967 0.0614168 0.0775011 0.00250623
0 0.660086 0.953739 0.0403681 0.0536552 0.00234527
0 0.929832 0.898668 0.0378424 0.0363348 0.00227683
0 0.460474 0.499674 0.170331 0.194216 0.00220609
0 0.667141 0.955981 0.0503847 0.0720383 0.00218338
0 0.679964 0.456237 0.0459011 0.063385 0.00211315
0 0.0878204 0.968889 0.0100549 0.00796299 0.00210964
0 0.0861081 0.971037 0.0105302 0.0142225 0.00210071
0 0.284191 0.958173 0.0421278 0.0677019 0.00207791
0 0.554756 0.96837 0.09782 0.0477959 0.00197526
0 0.301794 0.98028 0.0130342 0.0276709 0.0018894
0 0.478411 0.497677 0.0607638 0.107947 0.0018604
0 0.812838 0.293049 0.0168734 0.0143303 0.00181161
0 0.239939 0.881903 0.017225 0.0199488 0.00176532
0 0.304547 0.0947475 0.106718 0.119328 0.00174553
0 0.509109 0.495615 0.0374856 0.071462 0.00171386
0 0.938609 0.896035 0.0785471 0.117756 0.0017132
0 0.667171 0.537387 0.0223119 0.0172536 0.00166158
0 0.492513 0.538879 0.0244565 0.0374504 0.00164979
0 0.940604 0.919105 0.0712393 0.09461 0.00163756
0 0.384475 0.00921004 0.0174319 0.0170572 0.00155657
0 0.214152 0.0803095 0.11558 0.120217 0.0015541
0 0.0880121 0.967131 0.0130858 0.0178541 0.00153144
0 0.489563 0.53086 0.0183276 0.0390277 0.00153015
0 0.2905 0.953082 0.0428287 0.0884169 0.00151953
0 0.741125 0.0265712 0.0271515 0.0344967 0.00150449
0 0.0970558 0.815427 0.0801316 0.152777 0.00150001
0 0.371086 0.95353 0.0424757 0.0836975 0.00149236
0 0.668953 0.947798 0.0916932 0.0690182 0.00139674
0 0.30132 0.974909 0.0219253 0.0403011 0.00139034
0 0.744603 0.0389426 0.0332634 0.0553262 0.00134043
0 0.841598 0.226272 0.0267078 0.0275239 0.00133547
0 0.685999 0.430287 0.0180861 0.0208613 0.00130297
0 0.299087 0.982883 0.0157331 0.0176723 0.0012866
0 0.485832 0.541413 0.016237 0.0190002 0.00127822
0 0.385347 0.0133161 0.0128391 0.0171578 0.00126937
0 0.432412 0.91407 0.0784061 0.0996147 0.00126527
0 0.972368 0.854398 0.0434492 0.113658 0.00126371
0 0.655436 0.960707 0.129751 0.0547106 0.00124623
0 0.740653 0.0225656 0.0189644 0.0280439 0.00124281
0 0.272571 0.0915116 0.100414 0.117504 0.0012413
0 0.421177 0.741752 0.0198276 0.0160051 0.00121912
0 0.435584 0.916413 0.0465042 0.167174 0.0011947
0 0.227415 0.2663 0.108223 0.138246 0.00113743
0 0.486797 0.540358 0.0183559 0.0295979 0.0011293
0 0.451716 0.222173 0.0997404 0.130675 0.00112622
0 0.268443 0.112387 0.0727985 0.0803018 0.00112573
0 0.165826 0.952012 0.0330173 0.0869663 0.00111284
0 0.350181 0.960595 0.0940854 0.0549664 0.0010984
0 0.740465 0.0299067 0.0179141 0.03121 0.0010863
0 0.388268 0.904288 0.179445 0.191425 0.00108507
0 0.756175 0.0464712 0.0605461 0.0788697 0.00107311
0 0.966918 0.486377 0.0458475 0.059074 0.00105781
0 0.759115 0.0525321 0.0874575 0.0990505 0.00103266
0 0.38767 0.0100088 0.0112798 0.0116993 0.0010021
