0 0.498959 0.493048 0.13486 0.30954 0.635307
0 0.491764 0.578866 0.147042 0.45854 0.0600783
0 0.478731 0.469103 0.200377 0.3555 0.0155084
0 0.489871 0.554713 0.115264 0.335882 0.0123764
0 0.567442 0.503967 0.284309 0.320556 0.0110766
0 0.526479 0.532475 0.193571 0.403094 0.0104976
0 0.531236 0.592372 0.250142 0.522037 0.00878603
0 0.416841 0.497178 0.311054 0.34457 0.00810248
0 0.513772 0.444253 0.1405 0.261223 0.00689617
0 0.414254 0.596505 0.360651 0.52708 0.00487327
0 0.853555 0.119599 0.198354 0.223301 0.00448729
0 0.464646 0.628121 0.214954 0.57603 0.00442864
0 0.545407 0.63958 0.36093 0.668039 0.0033513
0 0.474441 0.487868 0.143108 0.246103 0.00317228
0 0.328316 0.967075 0.0183207 0.00856628 0.00277112
0 0.476059 0.533262 0.106691 0.253949 0.00258658
0 0.393574 0.413789 0.34185 0.434358 0.00255547
0 0.458651 0.717593 0.0169795 0.0324159 0.00250605
0 0.581947 0.589341 0.321203 0.39318 0.00247111
0 0.554525 0.691307 0.540163 0.617387 0.00235819
0 0.328513 0.96892 0.0101907 0.0126062 0.00234049
0 0.355133 0.646883 0.507564 0.626932 0.00219617
0 0.483409 0.577312 0.0822999 0.232573 0.00190942
0 0.358753 0.502387 0.471459 0.568628 0.00190454
0 0.447213 0.507128 0.235004 0.251013 0.00189564
0 0.494353 0.425222 0.278182 0.346821 0.00172241
0 0.328837 0.96758 0.0175838 0.0152433 0.00154918
0 0.818984 0.118173 0.116486 0.231706 0.00150931
0 0.649121 0.556543 0.470501 0.381082 0.0014372
0 0.881381 0.108005 0.189969 0.16682 0.00142977
0 0.695158 0.697751 0.591397 0.520623 0.00137345
0 0.445848 0.462761 0.195724 0.245533 0.00136357
0 0.447202 0.510904 0.107504 0.273281 0.00129757
0 0.524447 0.532629 0.145363 0.257762 0.0012653
0 0.326914 0.967406 0.0113001 0.0121181 0.00122909
0 0.884158 0.150309 0.231683 0.245584 0.00115758
