0 0.545628 0.445779 0.0318488 0.0932325 0.685498
0 0.402552 0.771399 0.0235644 0.021341 0.677151
0 0.772257 0.977157 0.034171 0.0433134 0.675387
0 0.390091 0.0344031 0.0183302 0.0195319 0.339616
0 0.407487 0.871972 0.0142476 0.0223154 0.265685
0 0.440849 0.686127 0.0125993 0.0229925 0.178274
0 0.38855 0.0379674 0.0202756 0.0283962 0.154611
0 0.371255 0.612941 0.0110705 0.0170883 0.13555
0 0.548971 0.451166 0.020867 0.0693231 0.126855
0 0.99208 0.786823 0.0154541 0.0371973 0.075121
0 0.542658 0.446259 0.0461226 0.116575 0.0706859
0 0.385223 0.0427493 0.0233815 0.0344844 0.0627464
0 0.543643 0.472138 0.0327691 0.117747 0.0423744
0 0.540272 0.441529 0.035988 0.0699478 0.0382184
0 0.756519 0.975729 0.0652537 0.0435965 0.0274976
0 0.404212 0.773986 0.0339709 0.0478031 0.0266009
0 0.406739 0.873331 0.0207163 0.0276445 0.0234722
0 0.545938 0.450408 0.064016 0.148543 0.0234159
0 0.784605 0.977437 0.0482548 0.0395895 0.0186043
0 0.533569 0.442939 0.0413276 0.0920633 0.0166925
0 0.409076 0.876338 0.0137947 0.0216177 0.0160303
0 0.539005 0.466323 0.0339854 0.0895489 0.015596
0 0.387043 0.0413528 0.0285261 0.0559847 0.0128803
0 0.390149 0.0292313 0.0165229 0.0210681 0.0128118
0 0.407672 0.770524 0.0231797 0.0198168 0.0125521
0 0.549153 0.427174 0.021967 0.0819472 0.00928798
0 0.990735 0.795596 0.0143742 0.0413864 0.00897978
0 0.989603 0.788649 0.0207949 0.0422909 0.00895546
0 0.407825 0.867213 0.0137898 0.018479 0.00779863
0 0.556374 0.445986 0.0566017 0.107296 0.00768111
0 0.371221 0.614622 0.016173 0.0236513 0.00747898
0 0.164618 0.337 0.0126025 0.0157683 0.00734091
0 0.762989 0.971296 0.076289 0.0574079 0.00720998
0 0.43911 0.687713 0.0222034 0.0322337 0.00664241
0 0.559546 0.447039 0.0328378 0.0940495 0.0064488
0 0.395863 0.787289 0.0410134 0.050589 0.00611804
0 0.989975 0.776262 0.0149271 0.0306705 0.00528856
0 0.538738 0.464993 0.0265421 0.0529134 0.00508541
0 0.396019 0.0332778 0.0197145 0.0227832 0.00498813
0 0.381668 0.0513255 0.0291112 0.0380555 0.00491879
0 0.764162 0.983787 0.0476034 0.0324263 0.00468977
0 0.54589 0.447516 0.177935 0.259079 0.00464798
0 0.402356 0.785161 0.0257232 0.0495668 0.0046295
0 0.386789 0.0264053 0.0210342 0.0273343 0.00452698
0 0.438296 0.691341 0.0159107 0.0251004 0.00449383
0 0.563907 0.449454 0.0783312 0.132316 0.0041828
0 0.39047 0.0326001 0.0298692 0.0575629 0.00404222
0 0.464282 0.0190664 0.0106475 0.0134077 0.00403442
0 0.383521 0.791503 0.0595949 0.056703 0.00374076
0 0.399174 0.766241 0.0229952 0.0284297 0.00352375
0 0.370932 0.613053 0.0240287 0.0278769 0.00344901
0 0.537584 0.477584 0.0502647 0.153302 0.00341477
0 0.377255 0.801855 0.0460097 0.0439222 0.00340849
0 0.777954 0.958743 0.0791949 0.0825144 0.00332855
0 0.387277 0.778903 0.0579012 0.0500406 0.0032873
0 0.409357 0.775317 0.0331496 0.0325707 0.00327972
0 0.409528 0.873942 0.0297993 0.054207 0.00327111
0 0.4622 0.914623 0.0173942 0.0116661 0.00320606
0 0.167571 0.489951 0.0111551 0.012076 0.00315313
0 0.368432 0.806889 0.0228313 0.0234644 0.00308835
0 0.368023 0.806776 0.0183466 0.0166586 0.00295972
0 0.395677 0.783391 0.0624061 0.0648066 0.00293022
0 0.0306942 0.639443 0.0124627 0.0177375 0.00292564
0 0.778265 0.96661 0.0319727 0.0538071 0.00291303
0 0.541201 0.49705 0.0321045 0.132755 0.00290394
0 0.496591 0.624469 0.0101535 0.0101115 0.00286304
0 0.511094 0.450665 0.160865 0.211613 0.00257352
0 0.725277 0.976447 0.128219 0.047105 0.00252698
0 0.795081 0.978214 0.0707193 0.0435727 0.00249986
0 0.994188 0.789961 0.0116249 0.0325441 0.00248265
0 0.988369 0.769715 0.0149363 0.0368432 0.00240788
0 0.989218 0.802185 0.0215645 0.0775542 0.00238716
0 0.366157 0.615371 0.0154908 0.0267442 0.00237065
0 0.99393 0.78221 0.0121391 0.0276358 0.00236512
0 0.770037 0.965785 0.031439 0.045912 0.00234847
0 0.750136 0.972781 0.0962866 0.052915 0.00220337
0 0.548138 0.410951 0.0170718 0.0474949 0.00217345
0 0.378524 0.0429593 0.0344762 0.0422418 0.00215188
0 0.767931 0.985963 0.036221 0.0280748 0.00203747
0 0.381489 0.0433607 0.0577992 0.0486111 0.00177468
0 0.742266 0.937538 0.224404 0.124923 0.0017546
0 0.530432 0.483561 0.0380244 0.111469 0.00175341
0 0.548087 0.476093 0.0220704 0.103312 0.00168174
0 0.376785 0.0538469 0.0207836 0.032788 0.00167581
0 0.777527 0.965343 0.0388418 0.0349869 0.00167219
0 0.166816 0.490845 0.0154916 0.01769 0.00165469
0 0.988934 0.779625 0.022133 0.0633282 0.0015816
0 0.365617 0.612476 0.022349 0.0236925 0.00152445
0 0.0322904 0.639212 0.0146138 0.0246161 0.00148512
0 0.382507 0.792203 0.0467795 0.0405817 0.0014756
0 0.790858 0.923504 0.244437 0.152993 0.00146129
0 0.432665 0.688061 0.0275792 0.0347879 0.00143687
0 0.993337 0.79608 0.0133265 0.0521254 0.00139058
0 0.580237 0.44642 0.186779 0.212411 0.00136266
0 0.465347 0.0153661 0.0119678 0.0127292 0.00133613
0 0.387727 0.779662 0.0400129 0.0349431 0.0013191
0 0.391576 0.799814 0.0460415 0.0611417 0.0013168
0 0.440437 0.690467 0.0293768 0.063109 0.00131179
0 0.963189 0.959836 0.0547693 0.0635855 0.00128423
0 0.984614 0.786505 0.0235119 0.0448311 0.00125112
0 0.498876 0.623765 0.014092 0.0145274 0.00125089
0 0.40874 0.883693 0.0180916 0.0340832 0.00122901
0 0.396637 0.0378453 0.0282982 0.0347933 0.00122573
0 0.243478 0.628724 0.0163397 0.0155316 0.00116813
0 0.446787 0.684897 0.0214662 0.0273591 0.00113486
0 0.381691 0.0521759 0.038417 0.0634931 0.00109725
0 0.404712 0.880961 0.0337162 0.0615789 0.00108373
0 0.240071 0.630712 0.0189809 0.0141031 0.00105744
0 0.0453563 0.206497 0.0108093 0.00908098 0.00103512
0 0.528993 0.442219 0.0375415 0.0631021 0.0010061
0 0.769146 0.981362 0.0488087 0.0372766 0.0010056
0 0.390835 0.772741 0.0390868 0.0321091 0.00100258
0 0.366895 0.810734 0.016889 0.0210073 0.00100037
