0 0.507444 0.494927 0.0851021 0.0533955 0.82948
0 0.500448 0.501741 0.0594082 0.0516207 0.0223357
0 0.495104 0.498217 0.169597 0.203517 0.0214624
0 0.507817 0.480179 0.0879925 0.086531 0.00920428
0 0.520129 0.502864 0.0998193 0.0599711 0.00742342
0 0.488148 0.496986 0.0607213 0.0489261 0.0064835
0 0.525189 0.486317 0.0787056 0.0517885 0.00566568
0 0.491643 0.503019 0.0892814 0.0836132 0.00536781
0 0.0868672 0.959622 0.105416 0.0565866 0.00469085
0 0.522374 0.492532 0.0524104 0.053045 0.00441846
0 0.061162 0.961458 0.0912446 0.0614359 0.00364985
0 0.499296 0.488161 0.0593136 0.0503074 0.00312267
0 0.485361 0.503663 0.03876 0.0360949 0.00267273
0 0.464335 0.030036 0.0149291 0.0243415 0.00229487
0 0.799636 0.00758287 0.0111864 0.00923757 0.00221658
0 0.964558 0.944266 0.0605354 0.100535 0.0021845
0 0.464307 0.0274029 0.0227345 0.0361469 0.00174495
0 0.603688 0.866353 0.136067 0.215166 0.0016617
0 0.463312 0.0226468 0.015159 0.0223406 0.00139045
0 0.799233 0.879668 0.102982 0.176968 0.00138319
0 0.0807141 0.963241 0.136173 0.0735177 0.0013534
0 0.61237 0.85751 0.376971 0.262875 0.00134538
0 0.510589 0.517182 0.0827267 0.0920211 0.00126043
0 0.951571 0.938984 0.0906645 0.113113 0.00118228
0 0.927659 0.89792 0.140331 0.176427 0.00115172
0 0.465755 0.0241762 0.0141047 0.0302268 0.00107935
0 0.888809 0.0153006 0.21321 0.0306011 0.00105971
0 0.464245 0.02599 0.0330493 0.0422639 0.00104471
0 0.887146 0.000319326 0.217915 0.000638652 0.00100783
