0 0.354095 0.363696 0.0189765 0.0190108 0.686171
0 0.975404 0.554723 0.0220598 0.0188086 0.663462
0 0.978328 0.55771 0.0216042 0.0178607 0.120782
0 0.358196 0.366442 0.0196535 0.0181958 0.0770311
0 0.0877704 0.0627653 0.0110574 0.0139485 0.0584168
0 0.973563 0.557623 0.0201435 0.014379 0.0538441
0 0.35394 0.369951 0.0176195 0.0212163 0.037038
0 0.0874702 0.0606264 0.014585 0.0160735 0.0291074
0 0.814546 0.59855 0.00815678 0.0212008 0.0286424
0 0.117205 0.0512661 0.0121003 0.01244 0.0159283
0 0.985279 0.554953 0.0285803 0.0228561 0.0150064
0 0.355887 0.367318 0.0292872 0.0486115 0.0135393
0 0.814797 0.597884 0.0126114 0.0266013 0.0117752
0 0.237342 0.934103 0.112095 0.0921886 0.0108082
0 0.114985 0.0530825 0.0124322 0.015039 0.00945861
0 0.359209 0.360839 0.0209671 0.0213345 0.00941799
0 0.976583 0.55893 0.03228 0.0545486 0.0092686
0 0.983001 0.553917 0.0313702 0.0540508 0.00850032
0 0.733895 0.337428 0.0137778 0.0146009 0.00806417
0 0.118032 0.050244 0.0170176 0.0147693 0.00786382
0 0.355327 0.36004 0.0253509 0.0299196 0.00764189
0 0.411047 0.360403 0.0157367 0.0119795 0.00757874
0 0.97352 0.68934 0.0165466 0.0102463 0.00720891
0 0.992462 0.502339 0.0101171 0.0157434 0.00703274
0 0.942303 0.416695 0.00886002 0.0134061 0.0069243
0 0.139539 0.118613 0.0115186 0.0237272 0.00668647
0 0.976877 0.689394 0.0225126 0.0122246 0.0065374
0 0.711263 0.151576 0.0191886 0.0282554 0.00573213
0 0.349958 0.36682 0.0241534 0.0235543 0.00565668
0 0.138387 0.120728 0.0172718 0.0263609 0.00559133
0 0.990634 0.503546 0.0106833 0.0234262 0.00539146
0 0.735191 0.339924 0.0169528 0.0169054 0.00536532
0 0.335601 0.296746 0.0118169 0.0112288 0.00467409
0 0.988791 0.54879 0.0224186 0.0294014 0.00452974
0 0.980065 0.688984 0.0257872 0.015831 0.00421446
0 0.99012 0.503226 0.0159613 0.0181151 0.00416769
0 0.942086 0.419498 0.0136692 0.0154224 0.00399166
0 0.991154 0.562321 0.017693 0.0222752 0.00285801
0 0.98459 0.535006 0.0246971 0.040829 0.00280528
0 0.709215 0.147195 0.0111336 0.0220842 0.00273517
0 0.966317 0.557095 0.0248663 0.0180516 0.00267364
0 0.987143 0.519032 0.0169312 0.0393939 0.00265199
0 0.685136 0.920137 0.116616 0.117792 0.00261783
0 0.413598 0.361859 0.0185213 0.0174757 0.0023479
0 0.945726 0.417184 0.0166271 0.0109927 0.00216423
0 0.877073 0.632057 0.0318054 0.0213014 0.0021368
0 0.23777 0.925701 0.0701542 0.0777781 0.00201782
0 0.386932 0.0467067 0.01818 0.0309549 0.00177769
0 0.982469 0.57077 0.0252352 0.0401251 0.00174973
0 0.346938 0.356703 0.0283206 0.0365353 0.00173075
0 0.683709 0.926402 0.0692091 0.13515 0.00162958
0 0.990535 0.51513 0.0137203 0.0341265 0.00162597
0 0.990142 0.53227 0.0197171 0.0361602 0.00162192
0 0.33721 0.295868 0.0149161 0.0153401 0.0015994
0 0.73592 0.337203 0.0218503 0.019882 0.00157843
0 0.282506 0.924426 0.0257283 0.0619343 0.00157827
0 0.240901 0.926094 0.339291 0.147811 0.00154965
0 0.978491 0.520044 0.0333067 0.070016 0.00150605
0 0.411156 0.139028 0.128766 0.197918 0.0014872
0 0.66461 0.925009 0.0681945 0.145806 0.00141512
0 0.8134 0.598269 0.0240551 0.0318408 0.00140621
0 0.973385 0.53543 0.0299446 0.0410581 0.00139328
0 0.942038 0.416319 0.0176376 0.0203226 0.00134749
0 0.988294 0.497603 0.0165207 0.036752 0.00130692
0 0.0877124 0.0627555 0.0193573 0.0281883 0.0013058
0 0.387483 0.044868 0.0119848 0.0287997 0.00130417
0 0.219874 0.115439 0.025641 0.0157327 0.00129592
0 0.982411 0.574135 0.0351772 0.0442021 0.00128646
0 0.352521 0.375354 0.0359486 0.070299 0.00128428
0 0.391737 0.0500035 0.019595 0.0347546 0.00121316
0 0.985566 0.516411 0.0288674 0.0524259 0.00117989
0 0.404639 0.141014 0.355846 0.269755 0.00115785
0 0.25671 0.923861 0.080541 0.073283 0.00113886
0 0.349215 0.370988 0.0150939 0.0276325 0.00109822
0 0.363971 0.37454 0.0490985 0.0498875 0.00105523
0 0.707702 0.154607 0.0200161 0.0340254 0.00105153
0 0.954159 0.921064 0.069327 0.117531 0.00104733
