0 0.887294 0.335495 0.12994 0.0945189 0.784385
0 0.334524 0.568166 0.0745137 0.0354083 0.760992
0 0.662014 0.461181 0.203638 0.106139 0.709843
0 0.715441 0.438778 0.0943056 0.062753 0.50635
0 0.594695 0.499483 0.0812091 0.0316797 0.236228
0 0.600995 0.492255 0.0853305 0.0333753 0.172888
0 0.579242 0.502231 0.0482902 0.0246741 0.172611
0 0.885432 0.343036 0.168533 0.148344 0.0972773
0 0.721193 0.44123 0.115661 0.0870361 0.0803334
0 0.342838 0.568341 0.082359 0.0494788 0.0706093
0 0.336433 0.579202 0.0916008 0.0858968 0.0676257
0 0.323381 0.572487 0.060631 0.0346633 0.0651098
0 0.593315 0.50135 0.0873306 0.052528 0.0415752
0 0.644804 0.477351 0.165853 0.0929976 0.0414062
0 0.700479 0.440393 0.0606178 0.0482677 0.0355142
0 0.606188 0.491374 0.102895 0.057707 0.0341014
0 0.877305 0.353151 0.12226 0.0894842 0.0325798
0 0.348455 0.562442 0.0731039 0.0293994 0.0277843
0 0.715249 0.436411 0.0595428 0.0616323 0.027411
0 0.699054 0.447843 0.0921914 0.059094 0.0228576
0 0.630611 0.457678 0.226613 0.140746 0.0215589
0 0.338111 0.558182 0.0809244 0.0476641 0.0158508
0 0.657355 0.497711 0.202133 0.152241 0.014997
0 0.620959 0.467454 0.139876 0.0736633 0.0142373
0 0.733585 0.446007 0.289447 0.201529 0.0141541
0 0.311666 0.574269 0.0344481 0.0275314 0.0133952
0 0.88495 0.372438 0.119032 0.149425 0.0124477
0 0.660275 0.431157 0.204373 0.106559 0.0118179
0 0.338193 0.550697 0.184274 0.229604 0.0113122
0 0.616494 0.486858 0.0828626 0.0352553 0.010784
0 0.674004 0.479828 0.156083 0.123767 0.0103643
0 0.674647 0.474579 0.257242 0.142052 0.010343
0 0.607739 0.48759 0.136959 0.0962888 0.010339
0 0.333831 0.584269 0.0761447 0.0599045 0.00988599
0 0.715554 0.427148 0.0765563 0.0531976 0.00943426
0 0.655631 0.431317 0.24196 0.157097 0.00867965
0 0.689659 0.445118 0.135773 0.0675059 0.00866727
0 0.656136 0.459472 0.0822184 0.0939296 0.00823948
0 0.875199 0.333649 0.0911388 0.0730961 0.00736878
0 0.00562241 0.0103608 0.0112448 0.0174628 0.00717775
0 0.326343 0.563484 0.0532649 0.0365864 0.0068433
0 0.654747 0.547809 0.200901 0.210915 0.00603233
0 0.00460831 0.0189233 0.00921661 0.0378467 0.00599947
0 0.718129 0.460965 0.102673 0.0930736 0.00549646
0 0.284024 0.96944 0.0359992 0.0504673 0.00515303
0 0.611518 0.491117 0.0572473 0.0267177 0.00515116
0 0.788206 0.408641 0.295036 0.172167 0.00471806
0 0.842058 0.366521 0.0384062 0.0222614 0.00471657
0 0.676816 0.828752 0.0105451 0.0156937 0.00431919
0 0.661022 0.970603 0.0192474 0.0486696 0.00420633
0 0.735632 0.4238 0.202146 0.128674 0.00405852
0 0.608365 0.491891 0.268561 0.194512 0.00380792
0 0.670237 0.455527 0.078676 0.0748445 0.00378379
0 0.636955 0.46756 0.0854844 0.0696542 0.00364112
0 0.697619 0.447222 0.0438042 0.0458989 0.00314448
0 0.694991 0.430601 0.118775 0.0618996 0.00303094
0 0.58697 0.49953 0.109338 0.0873778 0.00302425
0 0.845163 0.357261 0.0503181 0.0421887 0.0029702
0 0.836877 0.368879 0.024622 0.0216653 0.0029582
0 0.565574 0.506762 0.0192186 0.0214358 0.00274985
0 0.571091 0.507973 0.0272676 0.021331 0.00267271
0 0.880685 0.377735 0.127132 0.0928218 0.00246752
0 0.870372 0.396419 0.155031 0.18856 0.00235991
0 0.794734 0.437129 0.3492 0.288325 0.00235245
0 0.603567 0.512366 0.102498 0.0948169 0.00233802
0 0.753382 0.436375 0.19606 0.085542 0.00228015
0 0.273438 0.970846 0.0247403 0.0583078 0.00214208
0 0.643837 0.501913 0.155981 0.110062 0.0021291
0 0.82959 0.350569 0.221578 0.127609 0.0019391
0 0.883745 0.306032 0.119762 0.0716939 0.0018945
0 0.740455 0.434154 0.0754039 0.0510448 0.00187164
0 0.57834 0.506502 0.0610029 0.0517189 0.0018586
0 0.621068 0.421538 0.16216 0.130964 0.00184802
0 0.364114 0.561184 0.0617548 0.0288787 0.00182147
0 0.596367 0.479305 0.0932762 0.0512176 0.00182004
0 0.684655 0.440619 0.0536875 0.0443361 0.00171158
0 0.306191 0.593651 0.203942 0.218652 0.00169418
0 0.62907 0.47983 0.0774335 0.0546319 0.00168091
0 0.845762 0.342515 0.063312 0.0637849 0.00167068
0 0.656991 0.980783 0.00687323 0.0265766 0.00164572
0 0.624115 0.443583 0.137901 0.0986802 0.00163072
0 0.857832 0.350201 0.0747717 0.0610229 0.00160899
0 0.305042 0.570832 0.0464134 0.0307638 0.00150317
0 0.888493 0.324055 0.0590679 0.0688446 0.00148163
0 0.663066 0.522287 0.147082 0.186519 0.001475
0 0.902328 0.396893 0.145655 0.149775 0.00143266
0 0.682639 0.533489 0.280508 0.252739 0.00143016
0 0.0896209 0.13403 0.0442308 0.0173716 0.00142414
0 0.852376 0.34239 0.099058 0.0796929 0.00140037
0 0.845599 0.371729 0.0501921 0.0278451 0.00138929
0 0.976264 0.699636 0.047471 0.0975225 0.00138915
0 0.835183 0.373545 0.0242796 0.014333 0.00129747
0 0.656155 0.98013 0.0116385 0.031292 0.00128043
0 0.916267 0.330954 0.134612 0.0923097 0.00127094
0 0.823102 0.357449 0.312977 0.186273 0.0012686
0 0.00539727 0.0164643 0.0107945 0.0329285 0.00123654
0 0.361035 0.566245 0.0427863 0.0283325 0.00122498
0 0.978559 0.959018 0.0428823 0.081965 0.00121542
0 0.744113 0.484783 0.417033 0.313772 0.00120466
0 0.360523 0.559582 0.126455 0.101056 0.00119961
0 0.33416 0.598416 0.0659991 0.0973497 0.00116335
0 0.61505 0.486299 0.0343856 0.0261292 0.00116285
0 0.853577 0.456885 0.176136 0.333615 0.00115922
0 0.708111 0.460167 0.0768304 0.0711345 0.00112757
0 0.975359 0.952213 0.0279949 0.0481739 0.00111513
0 0.97513 0.692436 0.0291134 0.0534535 0.00109631
0 0.661162 0.969828 0.00998239 0.0351315 0.00109602
0 0.311328 0.584183 0.0589399 0.0364872 0.00109346
0 0.333097 0.583694 0.0548718 0.0456545 0.00108919
0 0.845413 0.398713 0.234677 0.208782 0.00106417
0 0.37002 0.563347 0.103121 0.0408623 0.00102706
0 0.86018 0.323705 0.0957127 0.0713388 0.00100794
