0 0.502025 0.498076 0.0393518 0.158315 0.7727
0 0.501046 0.496733 0.0642666 0.179709 0.218644
0 0.49724 0.495574 0.172974 0.251094 0.0319033
0 0.502507 0.5275 0.0298413 0.101918 0.0119632
0 0.497164 0.475289 0.0412803 0.108918 0.0115086
0 0.500939 0.487517 0.0473203 0.067785 0.00963324
0 0.499262 0.538454 0.0338604 0.0691842 0.00848601
0 0.946518 0.64969 0.0905088 0.110768 0.00848011
0 0.944199 0.642895 0.0636333 0.0825219 0.00690418
0 0.52122 0.495402 0.0808923 0.17354 0.00514835
0 0.501642 0.462202 0.0306495 0.0765739 0.00356474
0 0.294265 0.874571 0.0151133 0.0134426 0.0035293
0 0.945743 0.652704 0.0446312 0.05537 0.00333194
0 0.955438 0.960829 0.0676584 0.0596235 0.00274565
0 0.479437 0.494433 0.0610846 0.140131 0.00272756
0 0.9522 0.655484 0.0489386 0.0763228 0.00241687
0 0.510298 0.486634 0.046884 0.129766 0.00222004
0 0.928609 0.642718 0.0853169 0.09329 0.00202071
0 0.476558 0.996111 0.0114308 0.00765686 0.00191716
0 0.94589 0.673276 0.10822 0.144793 0.0018735
0 0.503101 0.449457 0.0240646 0.0541878 0.00175296
0 0.137463 0.909164 0.274016 0.131465 0.00175046
0 0.508509 0.512338 0.0586339 0.132577 0.00172489
0 0.502093 0.550411 0.0282693 0.0604558 0.00167317
0 0.505372 0.436465 0.0195476 0.0313072 0.00159025
0 0.940125 0.625739 0.0840897 0.106524 0.00150626
0 0.0768736 0.797973 0.00944648 0.0370666 0.00130403
0 0.924412 0.650777 0.151177 0.205897 0.00124754
0 0.490611 0.505613 0.0506186 0.130287 0.0011045
0 0.935854 0.941805 0.0330704 0.0713688 0.00107975
