0 0.515017 0.503748 0.330527 0.112267 0.626364
0 0.630093 0.530738 0.0952057 0.048031 0.188447
0 0.513762 0.545183 0.32358 0.178982 0.0314412
0 0.513239 0.503848 0.168332 0.102943 0.0289465
0 0.487635 0.478052 0.315318 0.0776206 0.0235901
0 0.597275 0.525725 0.194678 0.0504469 0.0213201
0 0.524061 0.477244 0.376417 0.16799 0.0173081
0 0.629503 0.538393 0.127648 0.086526 0.0167608
0 0.624591 0.527521 0.0595417 0.0496562 0.0119551
0 0.505983 0.583525 0.408484 0.282203 0.0113538
0 0.626798 0.52416 0.163819 0.102481 0.0113218
0 0.402835 0.458226 0.100587 0.0263779 0.00719556
0 0.589425 0.512527 0.249828 0.11018 0.00710618
0 0.648339 0.533822 0.0793916 0.0372574 0.00682855
0 0.418842 0.462283 0.12883 0.0318007 0.00606457
0 0.421747 0.470222 0.137328 0.0363512 0.00591918
0 0.414375 0.550643 0.628094 0.201751 0.00552695
0 0.600368 0.54309 0.300449 0.211932 0.00537085
0 0.959746 0.607561 0.0731487 0.103001 0.00442729
0 0.508278 0.483526 0.143333 0.0850263 0.00414001
0 0.412372 0.478138 0.357592 0.0664894 0.0037237
0 0.633028 0.501202 0.365474 0.223075 0.00367072
0 0.452995 0.473316 0.239412 0.0540181 0.00364148
0 0.526883 0.500446 0.142076 0.0684032 0.00322405
0 0.409499 0.46541 0.211833 0.0385948 0.00301533
0 0.564262 0.530374 0.249477 0.0976742 0.00298628
0 0.650854 0.53973 0.0559219 0.0347455 0.00274961
0 0.530982 0.526152 0.153776 0.103083 0.00253011
0 0.503308 0.418733 0.419521 0.25659 0.00213371
0 0.806905 0.574309 0.00976715 0.0107226 0.00200721
0 0.490519 0.454343 0.298048 0.147375 0.00184681
0 0.822805 0.617247 0.0818867 0.101785 0.0017276
0 0.416079 0.603068 0.550523 0.368062 0.0017223
0 0.807886 0.575613 0.0163916 0.0134505 0.00163812
0 0.593323 0.516384 0.160038 0.052883 0.00139792
0 0.65769 0.53682 0.13531 0.047969 0.00137115
0 0.494373 0.525261 0.167105 0.167112 0.00132733
0 0.370693 0.457934 0.0284106 0.0179119 0.00119154
0 0.806712 0.573451 0.0174395 0.020819 0.0011797
0 0.48949 0.479223 0.153825 0.0593908 0.00117444
0 0.410251 0.499681 0.498931 0.121552 0.00112315
0 0.378791 0.456362 0.0506012 0.0191753 0.00111959
0 0.843795 0.126454 0.108635 0.106455 0.00107991
0 0.543674 0.640064 0.51833 0.355608 0.00107328
0 0.807373 0.668868 0.102939 0.154833 0.00107267
0 0.509807 0.414589 0.286687 0.176924 0.00106113
0 0.899766 0.816385 0.136919 0.1881 0.00105294
0 0.596372 0.589155 0.526296 0.225605 0.00105153
0 0.502219 0.973863 0.00870581 0.0158695 0.00104672
0 0.956631 0.599663 0.0867373 0.157397 0.00103944
0 0.4048 0.505042 0.593828 0.188416 0.00102732
0 0.414767 0.465094 0.0878756 0.0242358 0.00101333
