0 0.12807 0.462593 0.0316698 0.0260148 0.756143
0 0.240874 0.483456 0.0502996 0.0387426 0.753258
0 0.175002 0.620782 0.025542 0.0142175 0.747931
0 0.740045 0.930856 0.0178971 0.0166122 0.67341
0 0.0235216 0.589196 0.0460211 0.0401908 0.613145
0 0.181554 0.430436 0.0300301 0.0186756 0.564444
0 0.779445 0.98871 0.0150454 0.013389 0.484807
0 0.357944 0.993334 0.0195314 0.0133321 0.40897
0 0.196653 0.553333 0.0162815 0.0160152 0.39837
0 0.407081 0.631254 0.0138073 0.0169634 0.376399
0 0.301918 0.486295 0.0177989 0.0151555 0.323734
0 0.184981 0.429165 0.019725 0.0167975 0.320615
0 0.249889 0.477348 0.0339163 0.0241306 0.312693
0 0.0129931 0.578747 0.0226108 0.0197952 0.246185
0 0.0729118 0.623712 0.0109351 0.0177496 0.198899
0 0.133592 0.459384 0.0204574 0.0202942 0.181221
0 0.00430237 0.50228 0.00860474 0.0148571 0.180978
0 0.0185851 0.583158 0.035238 0.0315722 0.166208
0 0.553665 0.84775 0.019189 0.0367743 0.157021
0 0.256407 0.475991 0.0217632 0.0152026 0.151823
0 0.235671 0.4842 0.0405919 0.0281693 0.114353
0 0.031184 0.596972 0.0333806 0.0250504 0.109563
0 0.177035 0.668785 0.0149074 0.0157535 0.0962535
0 0.239821 0.488794 0.0395782 0.0259665 0.0751779
0 0.129108 0.46556 0.0376069 0.0470326 0.0676915
0 0.103993 0.61242 0.0114179 0.0112864 0.0626049
0 0.176575 0.617665 0.0234849 0.0158732 0.0621065
0 0.133749 0.462307 0.0263264 0.0220291 0.0609225
0 0.0731518 0.625876 0.0147347 0.0162673 0.0535027
0 0.173227 0.616807 0.0235843 0.0209288 0.0478335
0 0.0385415 0.60126 0.0160072 0.0162868 0.0395347
0 0.104298 0.612829 0.0158236 0.0141552 0.0345612
0 0.176187 0.665582 0.0135564 0.0252563 0.0322909
0 0.195916 0.557952 0.0171701 0.0205277 0.0305855
0 0.127989 0.469953 0.0277888 0.0257902 0.0276899
0 0.104665 0.615503 0.0119555 0.0101509 0.026743
0 0.031662 0.594612 0.063324 0.0934132 0.0256213
0 0.777921 0.989341 0.0187386 0.0199963 0.024507
0 0.737958 0.933721 0.0149261 0.0201933 0.0236023
0 0.102187 0.615636 0.01367 0.0138469 0.0235088
0 0.389198 0.67988 0.0101966 0.0163867 0.0232173
0 0.0148759 0.588175 0.0258304 0.0383409 0.0231146
0 0.739008 0.931744 0.0229289 0.0227304 0.0223672
0 0.179437 0.436458 0.0386848 0.0567169 0.0221497
0 0.227158 0.493971 0.0169902 0.0206782 0.0221468
0 0.0358335 0.665357 0.0207577 0.0174152 0.0203964
0 0.173761 0.433774 0.0243762 0.0223986 0.0202334
0 0.737363 0.929049 0.0134621 0.0207926 0.019818
0 0.192316 0.554616 0.0161146 0.0198574 0.0182774
0 0.78399 0.991539 0.0168972 0.0131237 0.0176632
0 0.405124 0.630985 0.0213922 0.0223709 0.0175881
0 0.358791 0.992085 0.0246529 0.015829 0.0172559
0 0.0292652 0.57429 0.0585304 0.113691 0.0169025
0 0.122467 0.470394 0.0167447 0.0166978 0.0167471
0 0.300177 0.486481 0.0239305 0.0222049 0.0165252
0 0.227592 0.492236 0.0264204 0.0202762 0.0156967
0 0.358534 0.506298 0.00900979 0.0137519 0.0154355
0 0.422152 0.716823 0.0149595 0.0182407 0.0152184
0 0.195989 0.552892 0.0229542 0.0213309 0.0150238
0 0.130911 0.454749 0.0237716 0.0222309 0.0140608
0 0.785511 0.984049 0.012781 0.0186615 0.0126325
0 0.0270679 0.581256 0.0504948 0.0661687 0.0116823
0 0.559038 0.843303 0.0195432 0.0306925 0.0113974
0 0.259745 0.472787 0.016824 0.0121799 0.0110988
0 0.555603 0.848676 0.0292782 0.0487612 0.0109511
0 0.188847 0.436274 0.0237269 0.0244459 0.0109368
0 0.745227 0.932586 0.0200924 0.0169952 0.0105594
0 0.24209 0.493465 0.0755284 0.0941036 0.0102192
0 0.080027 0.662884 0.0138613 0.0117216 0.00967516
0 0.178336 0.62132 0.037536 0.0542311 0.0096482
0 0.253517 0.776668 0.0122811 0.0113954 0.0093223
0 0.466664 0.619966 0.0144885 0.0152755 0.00889901
0 0.232675 0.494825 0.0290433 0.0228298 0.00859291
0 0.0214729 0.553622 0.0151729 0.0319074 0.00852925
0 0.167016 0.621862 0.0212724 0.017398 0.00850962
0 0.176089 0.666434 0.0208254 0.0287065 0.00837513
0 0.076186 0.623005 0.0188921 0.0225653 0.00688426
0 0.116778 0.469429 0.0162938 0.0232692 0.00684359
0 0.992168 0.0257126 0.00943031 0.0172828 0.00678801
0 0.176479 0.430241 0.0330479 0.0263567 0.00655569
0 0.0121 0.585441 0.0242001 0.0298248 0.00634167
0 0.176737 0.644983 0.0234928 0.0451715 0.00629031
0 0.0203428 0.549877 0.0255427 0.0522839 0.00621969
0 0.239174 0.396484 0.00907579 0.0113923 0.0061121
0 0.0226268 0.609576 0.0452535 0.100888 0.00524009
0 0.39192 0.575485 0.0106998 0.0101663 0.00520827
0 0.200383 0.559292 0.0173698 0.028144 0.0051588
0 0.391883 0.678103 0.0133706 0.0196519 0.00511845
0 0.0194896 0.552581 0.0142655 0.0203338 0.00507865
0 0.18309 0.443318 0.0513415 0.0415731 0.00504412
0 0.116316 0.466312 0.0231261 0.0210268 0.00501803
0 0.06986 0.59526 0.13972 0.296142 0.00498843
0 0.253116 0.774943 0.0088294 0.0113805 0.00495456
0 0.174182 0.632658 0.0307474 0.0759437 0.00487445
0 0.359795 0.505604 0.0138633 0.0147729 0.00484488
0 0.0234 0.556874 0.015751 0.0528053 0.00464443
0 0.00574424 0.510074 0.0114885 0.0260866 0.00458439
0 0.469528 0.621588 0.016943 0.0182981 0.00449979
0 0.182664 0.618583 0.0231972 0.0161477 0.00419791
0 0.409938 0.636383 0.0155457 0.0244544 0.00402267
0 0.367326 0.989988 0.0284459 0.0200247 0.0038671
0 0.304656 0.483905 0.0220999 0.0238424 0.00383918
0 0.992183 0.0251974 0.0125494 0.0217022 0.00377742
0 0.734233 0.934336 0.028282 0.0261486 0.00369198
0 0.360051 0.508303 0.0093996 0.0178067 0.00363384
0 0.422856 0.719046 0.0190539 0.0267838 0.00349342
0 0.00327267 0.499173 0.00654534 0.0177693 0.00341989
0 0.74256 0.930402 0.0298528 0.0636993 0.00339938
0 0.368575 0.991342 0.0432351 0.0173167 0.00338055
0 0.237184 0.0772831 0.00959849 0.00887026 0.00329085
0 0.0298438 0.608886 0.0317422 0.0349741 0.00323109
0 0.200686 0.459018 0.0977195 0.0607239 0.00320864
0 0.363036 0.994877 0.0240307 0.0102465 0.00320843
0 0.259738 0.48882 0.0811588 0.0375968 0.00307738
0 0.0849022 0.623118 0.0305478 0.0262006 0.00292881
0 0.392883 0.674224 0.016501 0.0298089 0.00291881
0 0.0491717 0.558418 0.0983434 0.228417 0.00289904
0 0.0151764 0.543757 0.0303528 0.0943258 0.00287811
0 0.990477 0.028945 0.0104864 0.0138396 0.00286141
0 0.0703085 0.62405 0.0198983 0.0274951 0.00279268
0 0.198944 0.551379 0.0332855 0.0655356 0.00276943
0 0.242464 0.494338 0.240846 0.313781 0.00273935
0 0.136496 0.461798 0.0739183 0.0482615 0.00269741
0 0.0926647 0.555105 0.185329 0.18715 0.0026693
0 0.240596 0.397976 0.0132545 0.0175751 0.00264155
0 0.253705 0.775778 0.0149344 0.0197785 0.00259691
0 0.172939 0.672602 0.0169533 0.0161556 0.00257962
0 0.0251721 0.57577 0.0390601 0.0471472 0.00256936
0 0.303378 0.4907 0.0234566 0.025632 0.00254541
0 0.0841396 0.599618 0.150693 0.115195 0.0025277
0 0.405114 0.636719 0.0277002 0.0684875 0.00252306
0 0.392769 0.575896 0.0158174 0.013554 0.00252104
0 0.0048622 0.50608 0.0097244 0.0253612 0.0025076
0 0.401896 0.628837 0.0220263 0.029469 0.0024945
0 0.735865 0.515651 0.170162 0.132376 0.00249246
0 0.784514 0.982901 0.0221151 0.0269583 0.002457
0 0.116289 0.460638 0.0267489 0.0260804 0.0024441
0 0.182227 0.450045 0.0613027 0.0842286 0.00238176
0 0.246053 0.0398597 0.0170087 0.0102814 0.00235006
0 0.300901 0.489867 0.033086 0.0651219 0.00224272
0 0.0181281 0.550036 0.019058 0.0273863 0.0021637
0 0.0838355 0.622712 0.0493783 0.0286538 0.0021479
0 0.0240284 0.542302 0.0462372 0.113636 0.00214093
0 0.096475 0.628548 0.0296788 0.0288664 0.00214025
0 0.990314 0.0208317 0.0129457 0.023539 0.00212188
0 0.00601641 0.501757 0.0120328 0.022808 0.00210213
0 0.123863 0.456413 0.0444296 0.0331688 0.00210181
0 0.400199 0.634515 0.0291781 0.0269136 0.00204891
0 0.155191 0.458472 0.0689729 0.0458362 0.00203677
0 0.0914955 0.1944 0.00785396 0.0108102 0.00201257
0 0.181994 0.592115 0.0315875 0.0495823 0.00201247
0 0.0902739 0.195203 0.01192 0.0114752 0.00199594
0 0.252512 0.479338 0.0489892 0.0516692 0.00195569
0 0.10475 0.629982 0.0259881 0.0260009 0.00194967
0 0.179226 0.663688 0.0284189 0.0556602 0.00194726
0 0.0785048 0.627775 0.0281186 0.0283825 0.00192649
0 0.222447 0.496137 0.0121603 0.0134621 0.00188666
0 0.550235 0.629263 0.0195899 0.0141599 0.00185998
0 0.654916 0.4259 0.00991116 0.0177361 0.00182643
0 0.110952 0.614809 0.021025 0.0186835 0.00178909
0 0.110019 0.614283 0.0191263 0.0105824 0.00173897
0 0.191178 0.448961 0.0474463 0.0411055 0.00173504
0 0.391137 0.577122 0.0132739 0.00987015 0.00169185
0 0.0256227 0.549058 0.0316276 0.0760181 0.00168105
0 0.249626 0.041002 0.01784 0.0144705 0.00167845
0 0.103671 0.618347 0.0219148 0.0263115 0.00165905
0 0.359269 0.765162 0.00775757 0.00913649 0.00165496
0 0.0103093 0.543821 0.0206186 0.0755638 0.00164776
0 0.362253 0.983421 0.0331417 0.0331584 0.00163164
0 0.401322 0.635761 0.0172745 0.0293931 0.00161959
0 0.0246524 0.622636 0.0493048 0.173681 0.00161025
0 0.897399 0.034061 0.00988026 0.023551 0.00160536
0 0.0044467 0.498409 0.0088934 0.0225497 0.00156049
0 0.377574 0.993531 0.0299067 0.0129386 0.00151712
0 0.183463 0.44687 0.0305722 0.0358071 0.00150679
0 0.392154 0.683557 0.0126314 0.0201561 0.00150628
0 0.0352083 0.585543 0.0484326 0.0529802 0.00147482
0 0.166273 0.433027 0.025079 0.0239817 0.00143808
0 0.193885 0.434304 0.0356897 0.0285008 0.0014299
0 0.105909 0.596476 0.211818 0.271122 0.00140942
0 0.896726 0.0270343 0.0107117 0.0191407 0.00139223
0 0.517526 0.949858 0.0685461 0.0676714 0.0013675
0 0.238802 0.0774626 0.0148314 0.0141485 0.00134384
0 0.184769 0.590449 0.0473189 0.0558355 0.0013417
0 0.74914 0.533939 0.26443 0.186181 0.00132834
0 0.783875 0.981313 0.0325122 0.0373746 0.0013171
0 0.387305 0.676068 0.0152476 0.022086 0.00130277
0 0.0132668 0.599316 0.0265335 0.045951 0.00130088
0 0.296689 0.492134 0.0344058 0.0279537 0.00129601
0 0.00587644 0.504415 0.0117529 0.0328993 0.00129325
0 0.404412 0.64612 0.0234254 0.0440392 0.00128011
0 0.0398439 0.60853 0.0279441 0.0287745 0.0012711
0 0.416572 0.717627 0.0200924 0.0201186 0.00126561
0 0.783303 0.982488 0.0322844 0.0335327 0.00125362
0 0.591315 0.822596 0.0149035 0.017371 0.00123859
0 0.103532 0.636865 0.0238276 0.0233828 0.00121482
0 0.00993299 0.503567 0.019107 0.0152061 0.00120405
0 0.0766071 0.656482 0.0233265 0.02492 0.00120152
0 0.241004 0.494413 0.031926 0.0364555 0.00116841
0 0.392482 0.673949 0.0249181 0.0343206 0.00115872
0 0.991417 0.0324265 0.0147562 0.0353951 0.00115652
0 0.00967185 0.531705 0.0174284 0.0643777 0.00115129
0 0.19781 0.458269 0.142507 0.150769 0.00113573
0 0.103867 0.616909 0.0438952 0.0298265 0.00113257
0 0.148834 0.608217 0.143682 0.110034 0.00111542
0 0.00473197 0.497046 0.00946395 0.0294435 0.00110935
0 0.381454 0.15721 0.10117 0.0901005 0.00109632
0 0.0107815 0.502903 0.0180055 0.0244299 0.00108995
0 0.527672 0.950117 0.0424566 0.0611206 0.00107834
0 0.00926929 0.500256 0.0185386 0.028676 0.00106772
0 0.298727 0.472823 0.0231674 0.0256815 0.00105984
0 0.0771171 0.662758 0.0210629 0.0145456 0.00105424
0 0.177025 0.427045 0.0482679 0.0567671 0.00104888
0 0.310581 0.487176 0.0298363 0.0254541 0.00104648
0 0.18952 0.550582 0.0377152 0.0314747 0.00104401
0 0.791969 0.877217 0.0104147 0.0105076 0.00104294
0 0.989201 0.0237737 0.0215981 0.031992 0.00103666
0 0.141287 0.45165 0.0244625 0.0362956 0.00103324
0 0.251158 0.0371638 0.0149287 0.0156096 0.00102514
0 0.237097 0.399877 0.014312 0.0122824 0.00101822
0 0.302981 0.476311 0.0217501 0.0273584 0.00101676
