0 0.716253 0.372977 0.0382868 0.0736158 0.594976
0 0.343497 0.605124 0.0563598 0.138375 0.541734
0 0.282823 0.50882 0.0633095 0.121365 0.308668
0 0.297527 0.518016 0.0874274 0.142306 0.164613
0 0.3275 0.603189 0.0851978 0.126013 0.111563
0 0.329843 0.579398 0.106338 0.211111 0.061236
0 0.899137 0.31228 0.0330334 0.0652997 0.0503481
0 0.712323 0.371361 0.063159 0.0990508 0.0304243
0 0.338364 0.595741 0.171627 0.195008 0.0293079
0 0.303977 0.530235 0.167666 0.210549 0.0232728
0 0.27537 0.525305 0.0425338 0.0887561 0.0229539
0 0.2826 0.554305 0.0527121 0.123813 0.0163511
0 0.273427 0.499827 0.0427586 0.103118 0.0153255
0 0.900297 0.326284 0.023802 0.0344894 0.0148611
0 0.274606 0.552835 0.0239059 0.0347334 0.014373
0 0.713428 0.36295 0.0254445 0.0737799 0.0122742
0 0.708315 0.378304 0.0423655 0.0696544 0.0120653
0 0.259811 0.504547 0.164045 0.196742 0.0117196
0 0.341232 0.600143 0.0527166 0.0722279 0.0113035
0 0.288209 0.55272 0.0727682 0.15139 0.0107333
0 0.330262 0.778175 0.0287974 0.0306756 0.0101306
0 0.278905 0.544596 0.024647 0.0459826 0.00920231
0 0.302739 0.589353 0.129807 0.154248 0.00883897
0 0.00540214 0.0369956 0.0108043 0.0158863 0.00796462
0 0.298907 0.510351 0.0603041 0.114863 0.0075911
0 0.737324 0.371591 0.0745902 0.0835534 0.00731614
0 0.278467 0.50496 0.051103 0.067216 0.00684061
0 0.902266 0.309006 0.0503126 0.0748029 0.00664874
0 0.304641 0.606929 0.102461 0.110481 0.00507483
0 0.271546 0.470204 0.0309721 0.0304521 0.00506607
0 0.692406 0.353674 0.184683 0.200498 0.00504637
0 0.218824 0.00901726 0.0152299 0.0166848 0.00483467
0 0.00798157 0.0356827 0.0159631 0.0176416 0.00399884
0 0.332312 0.83143 0.0340554 0.0612549 0.00371769
0 0.00691528 0.0353568 0.00752357 0.0171073 0.00361005
0 0.184719 0.00542704 0.0209443 0.0108541 0.00356791
0 0.217913 0.0131884 0.0170823 0.0225683 0.00352206
0 0.739368 0.351516 0.189937 0.206527 0.00351682
0 0.724607 0.385205 0.0344772 0.0766266 0.0029606
0 0.325909 0.510935 0.160464 0.12606 0.0028492
0 0.0252439 0.509411 0.0338493 0.0818902 0.00267276
0 0.265825 0.510451 0.0483335 0.117959 0.00267162
0 0.723956 0.363497 0.0404504 0.0907723 0.002636
0 0.703747 0.172614 0.0143209 0.0211709 0.00260991
0 0.308441 0.620601 0.171455 0.165556 0.00242123
0 0.143685 0.994312 0.0133312 0.00689907 0.00235301
0 0.41817 0.94996 0.0424488 0.0589107 0.00233465
0 0.0141609 0.505147 0.0166237 0.0465673 0.00230299
0 0.276487 0.553804 0.0386443 0.0789784 0.00227274
0 0.220592 0.0139391 0.0204619 0.0278782 0.00225725
0 0.331663 0.788473 0.020724 0.027499 0.00217974
0 0.184221 0.0194742 0.0172384 0.0262069 0.00216419
0 0.149039 0.993925 0.0153905 0.00840931 0.00213957
0 0.0182862 0.504975 0.00823318 0.0461589 0.00197125
0 0.0221705 0.494258 0.0240275 0.0721478 0.00191853
0 0.716803 0.392238 0.0388899 0.0799069 0.00186937
0 0.189303 0.00647898 0.027166 0.012958 0.00183497
0 0.271385 0.46315 0.0292536 0.0177007 0.00183003
0 0.889685 0.307206 0.0496378 0.0681403 0.00178917
0 0.212839 0.00725631 0.0224533 0.0145126 0.00172931
0 0.916494 0.3086 0.0795193 0.0940772 0.00169743
0 0.406501 0.950516 0.0270706 0.0443266 0.00169124
0 0.224974 0.00883543 0.0182896 0.0163752 0.00163147
0 0.289917 0.628814 0.0272365 0.0412676 0.00161295
0 0.318347 0.624254 0.0808248 0.0959166 0.00155746
0 0.188841 0.0166676 0.0368572 0.0333352 0.0014547
0 0.775184 0.162604 0.0304087 0.0754323 0.00142715
0 0.518221 0.710979 0.0269654 0.0721895 0.00137053
0 0.189096 0.0176984 0.0248628 0.0291383 0.00132584
0 0.501242 0.709717 0.0258741 0.0662585 0.00132437
0 0.700865 0.173085 0.0251634 0.0228293 0.00130168
0 0.706801 0.170379 0.0233862 0.0215826 0.00129813
0 0.210545 0.0172143 0.0410235 0.0344286 0.00129742
0 0.0199842 0.503172 0.0130872 0.0510786 0.00125769
0 0.336104 0.626161 0.0540653 0.0897077 0.00125201
0 0.0141059 0.497517 0.0207155 0.0535888 0.00124797
0 0.148404 0.993867 0.0213592 0.0117487 0.00123608
0 0.287361 0.539208 0.0531257 0.0830718 0.00122936
0 0.329778 0.787859 0.0351406 0.0652664 0.00121945
0 0.349598 0.547002 0.166855 0.220905 0.00121423
0 0.112366 0.0142333 0.224733 0.0284666 0.00119199
0 0.222444 0.0147927 0.0351556 0.0295853 0.00117476
0 0.224036 0.0153807 0.055274 0.0307615 0.0011706
0 0.677129 0.380059 0.116956 0.0851685 0.00116907
0 0.255471 0.512033 0.0528276 0.095737 0.00115579
0 0.594609 0.00384698 0.014938 0.00769396 0.00115209
0 0.0305343 0.489231 0.0346602 0.0926923 0.00114037
0 0.896301 0.298334 0.0426065 0.067597 0.00113204
0 0.764179 0.168265 0.0406283 0.0663375 0.00111913
0 0.21895 0.00505004 0.0192095 0.0101001 0.00110515
0 0.27565 0.480061 0.0292592 0.0482934 0.00110449
0 0.034795 0.118081 0.06959 0.236161 0.00109587
0 0.70462 0.370348 0.0307258 0.0625813 0.00108598
0 0.444203 0.00487606 0.0241804 0.00786021 0.00107507
0 0.702597 0.555353 0.0495622 0.0512776 0.00105752
0 0.183351 0.0042062 0.0245465 0.00841241 0.00105351
0 0.0242254 0.494869 0.014032 0.0602165 0.00104731
0 0.0119782 0.0306374 0.0201932 0.0215247 0.00103232
0 0.77092 0.15935 0.0325743 0.121822 0.00102068
0 0.0172282 0.50236 0.0344565 0.0817793 0.00101914
0 0.619504 0.386985 0.0206538 0.02611 0.00101473
