0 0.610447 0.509007 0.153731 0.0610704 0.778352
0 0.263793 0.491837 0.452615 0.059909 0.481961
0 0.252545 0.485259 0.468954 0.0956315 0.114175
0 0.265071 0.47035 0.530143 0.15757 0.0549354
0 0.609652 0.513107 0.0972043 0.0542897 0.0518684
0 0.603612 0.502677 0.179654 0.160948 0.0510262
0 0.254543 0.509839 0.474351 0.0724009 0.0424119
0 0.0670938 0.434272 0.0484146 0.0236399 0.0136802
0 0.266751 0.527093 0.533503 0.149747 0.011524
0 0.595465 0.499393 0.134216 0.0536213 0.0112959
0 0.373229 0.497187 0.61965 0.0687658 0.0112643
0 0.60843 0.491012 0.178179 0.0891148 0.0094372
0 0.58819 0.512518 0.166312 0.0796682 0.00941929
0 0.022103 0.0314475 0.0246703 0.0238304 0.00837005
0 0.639953 0.512675 0.125752 0.0678452 0.00792204
0 0.412165 0.548962 0.82433 0.174155 0.0070857
0 0.390769 0.497118 0.781539 0.107357 0.00705614
0 0.423109 0.60125 0.846218 0.261072 0.00617089
0 0.058896 0.435488 0.0660974 0.0298903 0.00526099
0 0.378038 0.541373 0.61791 0.124707 0.00513605
0 0.0188022 0.0279718 0.0190181 0.0247745 0.00356451
0 0.251072 0.587982 0.50163 0.238409 0.00345578
0 0.46084 0.503551 0.921681 0.190296 0.00341558
0 0.075764 0.43261 0.0374223 0.0251386 0.00340964
0 0.420968 0.459044 0.841936 0.219141 0.00339776
0 0.605361 0.476559 0.249419 0.14484 0.00324074
0 0.745038 0.0193557 0.0170658 0.0224883 0.0031873
0 0.380621 0.59035 0.623513 0.214871 0.00312224
0 0.528872 0.390837 0.0101848 0.0143427 0.00298935
0 0.378186 0.47506 0.616911 0.115485 0.00295297
0 0.308324 0.484765 0.330443 0.0586854 0.00274451
0 0.825029 0.0249388 0.00973549 0.0229538 0.00244964
0 0.602536 0.502658 0.0592614 0.0660442 0.00221214
0 0.649016 0.515388 0.102148 0.0489952 0.00210928
0 0.184112 0.496816 0.307741 0.059629 0.00210043
0 0.749227 0.019617 0.0140216 0.0244863 0.00202283
0 0.256654 0.411112 0.513308 0.224084 0.00190294
0 0.745127 0.0143873 0.01759 0.0154982 0.00181835
0 0.95734 0.961345 0.0636833 0.0571146 0.0016299
0 0.393851 0.402165 0.787702 0.252342 0.00159109
0 0.630163 0.528181 0.253914 0.186547 0.00150826
0 0.0526886 0.444556 0.080971 0.0578723 0.00142978
0 0.429827 0.826995 0.0106049 0.013706 0.00139679
0 0.777706 0.767854 0.0114825 0.0228442 0.00138666
0 0.351254 0.958738 0.114138 0.0621689 0.00129457
0 0.428768 0.708831 0.857536 0.322364 0.00127062
0 0.793733 0.644632 0.0213493 0.0216691 0.00121127
0 0.497157 0.501313 0.470789 0.0778245 0.00120995
0 0.428009 0.82944 0.0144166 0.0112616 0.00119217
0 0.0182297 0.0268821 0.0311456 0.0305617 0.00118368
0 0.572708 0.496542 0.0976647 0.0351724 0.0011786
0 0.741296 0.0175577 0.0153331 0.0235854 0.00110413
0 0.528039 0.388855 0.017259 0.0192339 0.00106393
0 0.0435075 0.460962 0.0791193 0.083519 0.00106329
0 0.746163 0.0182234 0.0249505 0.0348596 0.00105995
0 0.827359 0.0217078 0.0160772 0.0264292 0.00103584
0 0.503109 0.528416 0.474937 0.119855 0.00101803
0 0.427702 0.829746 0.00882854 0.0155046 0.00101328
