0 0.50226 0.485305 0.0461056 0.161081 0.214285
0 0.501407 0.462511 0.0661347 0.228092 0.0839563
0 0.505944 0.407274 0.0686423 0.323027 0.024661
0 0.451717 0.25681 0.035067 0.030831 0.0184254
0 0.498096 0.508666 0.042747 0.108623 0.0145284
0 0.498787 0.4557 0.162219 0.306669 0.0141161
0 0.504402 0.386512 0.111789 0.372671 0.00789871
0 0.456258 0.258697 0.0256107 0.024569 0.00668616
0 0.498663 0.490719 0.046273 0.0674719 0.00529066
0 0.462485 0.255519 0.0430873 0.0258502 0.00499324
0 0.494451 0.525566 0.0344619 0.0695451 0.00482365
0 0.502393 0.510903 0.0596026 0.14114 0.00382044
0 0.518989 0.445791 0.0769039 0.269871 0.00346986
0 0.456174 0.252254 0.037103 0.0198135 0.00341149
0 0.523702 0.483703 0.165656 0.233034 0.00336344
0 0.496801 0.375599 0.182238 0.420946 0.00333542
0 0.492211 0.541898 0.0229678 0.0442104 0.00314484
0 0.471367 0.408239 0.171692 0.322453 0.00237624
0 0.528397 0.977664 0.00872059 0.0238808 0.00217928
0 0.981983 0.278954 0.0163631 0.035863 0.00211282
0 0.479505 0.254515 0.101988 0.0285699 0.00201483
0 0.475145 0.495966 0.163449 0.206366 0.00186869
0 0.988201 0.2782 0.0132381 0.0253032 0.00180622
0 0.480734 0.466889 0.0821237 0.174317 0.00177655
0 0.489534 0.544549 0.0175544 0.0335413 0.0017087
0 0.961944 0.973044 0.0761124 0.0539126 0.00160396
0 0.00731623 0.00931464 0.0146325 0.0146682 0.0015351
0 0.510482 0.495346 0.0490849 0.128413 0.00152842
0 0.977499 0.289897 0.0191711 0.0456289 0.00148387
0 0.984142 0.277877 0.0149378 0.021353 0.00137346
0 0.991179 0.277835 0.0113344 0.0241002 0.00136155
0 0.475554 0.442629 0.0990897 0.242351 0.00132093
0 0.445488 0.24947 0.0563683 0.0185999 0.00127781
0 0.986639 0.278566 0.0207253 0.0337844 0.00123932
0 0.526085 0.977599 0.0113562 0.0290352 0.00120476
0 0.992352 0.273122 0.00857964 0.0253049 0.0011826
0 0.520706 0.486723 0.0866089 0.169716 0.00115812
0 0.450957 0.260317 0.0563749 0.0603547 0.00112334
0 0.525409 0.980185 0.00917845 0.0195435 0.00107807
0 0.464938 0.363243 0.125368 0.327596 0.00106116
0 0.232497 0.970868 0.0432523 0.049745 0.00102318
0 0.980425 0.28994 0.015626 0.0321367 0.00100647
