0 0.34704 0.594491 0.0444532 0.0295709 0.766876
0 0.888889 0.160894 0.030452 0.0263268 0.707685
0 0.753258 0.992498 0.0162851 0.0150042 0.549885
0 0.73806 0.972855 0.0139784 0.0206673 0.519063
0 0.638189 0.596194 0.10503 0.247383 0.483564
0 0.724114 0.924798 0.0172185 0.0368549 0.410426
0 0.67259 0.693112 0.0279289 0.0458457 0.400182
0 0.740888 0.974691 0.013111 0.025157 0.392486
0 0.604776 0.526216 0.0146093 0.0281482 0.391431
0 0.0123243 0.715174 0.0235712 0.0283408 0.327387
0 0.646159 0.616808 0.0748872 0.203331 0.300104
0 0.596129 0.506141 0.0361503 0.0718044 0.26661
0 0.727211 0.920414 0.0212703 0.0273193 0.243228
0 0.685474 0.801606 0.0215146 0.0499735 0.198534
0 0.650379 0.638357 0.0548653 0.141905 0.193404
0 0.0101549 0.714703 0.0170447 0.0225751 0.172599
0 0.598549 0.520723 0.0334244 0.0447633 0.169774
0 0.733322 0.817106 0.0132188 0.0149696 0.165917
0 0.347315 0.595744 0.0491146 0.0466026 0.13268
0 0.641812 0.594607 0.166681 0.279596 0.123332
0 0.603115 0.528004 0.0232717 0.0344297 0.10517
0 0.724965 0.929841 0.0227527 0.0386799 0.086906
0 0.600167 0.517921 0.0215646 0.0471951 0.0824339
0 0.607723 0.529203 0.0160948 0.027009 0.0764419
0 0.889143 0.165017 0.0342464 0.0467029 0.0703777
0 0.74377 0.981291 0.019787 0.0301981 0.055752
0 0.724491 0.938539 0.0117769 0.0304079 0.0554242
0 0.681465 0.819223 0.0124024 0.0131666 0.0497657
0 0.748094 0.98824 0.0182628 0.0235204 0.0474181
0 0.202368 0.67052 0.0656179 0.0318949 0.0432213
0 0.758707 0.993588 0.0193047 0.012823 0.0353835
0 0.736364 0.971927 0.0229105 0.0291079 0.0315868
0 0.667223 0.692897 0.0256339 0.0399805 0.0302725
0 0.690487 0.79365 0.0233138 0.0442003 0.0272701
0 0.657121 0.667724 0.0482883 0.0915833 0.0271794
0 0.730257 0.916631 0.0182362 0.0185654 0.026227
0 0.0141119 0.722812 0.0244259 0.044225 0.0259544
0 0.589779 0.496466 0.0390153 0.0670068 0.0258317
0 0.0105838 0.721587 0.0168993 0.0348891 0.0256424
0 0.604839 0.529725 0.0312797 0.0718575 0.0250797
0 0.0164179 0.718179 0.0328357 0.0502681 0.0238153
0 0.889892 0.170576 0.0280031 0.0331087 0.0234773
0 0.604819 0.532863 0.0173923 0.029707 0.0219433
0 0.597794 0.508364 0.0565676 0.122138 0.0201031
0 0.885344 0.154077 0.0209175 0.023366 0.0196726
0 0.730487 0.957982 0.0130945 0.0238176 0.0181071
0 0.629798 0.565272 0.0140587 0.0191819 0.0170572
0 0.687427 0.787266 0.0129067 0.0330941 0.0164237
0 0.650524 0.654039 0.0441546 0.103501 0.0145659
0 0.612891 0.534024 0.0401588 0.0791587 0.0141351
0 0.684726 0.81637 0.0161023 0.0232904 0.0140169
0 0.733515 0.917766 0.0167874 0.022456 0.0138589
0 0.690246 0.787114 0.0154397 0.0281323 0.0125864
0 0.64615 0.608645 0.0573274 0.117739 0.0120521
0 0.663339 0.690967 0.0474454 0.0491529 0.0113861
0 0.729396 0.816988 0.0164365 0.019124 0.0113577
0 0.631323 0.546726 0.133757 0.223878 0.0109072
0 0.0154051 0.709086 0.0277973 0.0315687 0.0103601
0 0.708643 0.80732 0.0397509 0.0372549 0.00990843
0 0.602398 0.586046 0.161494 0.237563 0.00980676
0 0.649356 0.640355 0.0450842 0.0596645 0.00973182
0 0.626228 0.569891 0.0288831 0.0415256 0.00902856
0 0.205696 0.664325 0.0844168 0.0487894 0.00895481
0 0.896196 0.164141 0.0307938 0.0282909 0.00891865
0 0.6312 0.776884 0.0119745 0.00950623 0.00875628
0 0.628754 0.522914 0.148246 0.355691 0.00861765
0 0.58816 0.482611 0.0295661 0.041291 0.00858472
0 0.630542 0.775231 0.00857048 0.0118517 0.00857005
0 0.222663 0.657869 0.112255 0.0518662 0.00847894
0 0.604565 0.515328 0.0882343 0.190933 0.00839523
0 0.339157 0.589444 0.0351172 0.0200416 0.00780942
0 0.74507 0.975912 0.0332218 0.0481759 0.0078006
0 0.744392 0.975003 0.0291492 0.0308868 0.00776776
0 0.334045 0.594863 0.0490151 0.0299052 0.00774976
0 0.657022 0.67183 0.0710076 0.202767 0.00768403
0 0.345079 0.60423 0.0588512 0.0387359 0.00752291
0 0.359404 0.593755 0.0281846 0.0250734 0.00742925
0 0.731823 0.958108 0.0165646 0.0320404 0.00732781
0 0.678778 0.820142 0.012583 0.0130104 0.00711026
0 0.739452 0.971531 0.0312095 0.0542873 0.00678607
0 0.653433 0.651927 0.0456887 0.0582653 0.00665618
0 0.691766 0.795221 0.0359932 0.0580781 0.0066052
0 0.678245 0.806735 0.0177865 0.0412479 0.00654441
0 0.69932 0.791814 0.0226034 0.0237499 0.00651572
0 0.624904 0.565929 0.0147894 0.0248346 0.00649904
0 0.624529 0.559986 0.024644 0.0363132 0.00647306
0 0.732669 0.817204 0.0168389 0.0226488 0.00618511
0 0.339731 0.598191 0.0326454 0.0344641 0.00610926
0 0.599133 0.495434 0.0470181 0.082306 0.00610317
0 0.72568 0.949633 0.0133684 0.0222542 0.00553843
0 0.347143 0.605583 0.0830471 0.0911995 0.00553328
0 0.584197 0.491147 0.0271913 0.0465543 0.00541163
0 0.673991 0.63903 0.166289 0.268803 0.00534486
0 0.344661 0.585002 0.0418941 0.0347346 0.00528061
0 0.645864 0.618003 0.0498692 0.0702688 0.00518878
0 0.664122 0.683731 0.0366475 0.0503941 0.00502935
0 0.682309 0.711563 0.0166484 0.0234685 0.00497193
0 0.272591 0.639747 0.208341 0.0857545 0.00491344
0 0.331665 0.61559 0.104099 0.096534 0.00489642
0 0.395106 0.826887 0.0231705 0.00920677 0.00486457
0 0.583812 0.507461 0.0373241 0.0607291 0.00484218
0 0.0117044 0.71437 0.0234087 0.066422 0.00455291
0 0.0227258 0.710158 0.0325976 0.0346982 0.00437294
0 0.0200867 0.725822 0.0383943 0.0494966 0.00435218
0 0.678421 0.817772 0.0158072 0.0147715 0.00414026
0 0.751845 0.980331 0.0314485 0.0393374 0.00412049
0 0.608518 0.522813 0.0253452 0.0438978 0.00402491
0 0.0102479 0.729056 0.0204957 0.0608924 0.00389504
0 0.73904 0.966126 0.017412 0.0270473 0.0038691
0 0.660246 0.646676 0.0478285 0.111269 0.00385824
0 0.673943 0.709289 0.0197156 0.030009 0.00376015
0 0.724771 0.915454 0.0169635 0.0229071 0.00372752
0 0.237875 0.650558 0.141511 0.0783515 0.00368693
0 0.747578 0.991896 0.0211962 0.0162079 0.00347298
0 0.631661 0.775889 0.0146544 0.0144255 0.00344681
0 0.733089 0.979348 0.0311009 0.0385437 0.0033902
0 0.87973 0.159369 0.0227491 0.0273791 0.00336842
0 0.731665 0.81659 0.0245293 0.0272001 0.00329808
0 0.678941 0.796083 0.0202866 0.0533584 0.00320152
0 0.628883 0.777531 0.0110822 0.0129023 0.00316935
0 0.750725 0.973455 0.0292715 0.0333735 0.00302026
0 0.00548471 0.717131 0.0109694 0.0269876 0.00301878
0 0.641632 0.644293 0.0450372 0.10837 0.00282543
0 0.195952 0.674191 0.0752001 0.0536416 0.00279187
0 0.730728 0.956723 0.0252 0.0373829 0.00272813
0 0.709365 0.80463 0.0442346 0.062088 0.00266842
0 0.630649 0.587534 0.0818305 0.0893156 0.0026408
0 0.665445 0.672844 0.0414356 0.0764243 0.00260978
0 0.73598 0.955293 0.0691715 0.0778034 0.0025884
0 0.735979 0.814425 0.0141726 0.0209244 0.00257739
0 0.599483 0.565124 0.0938319 0.223995 0.00252045
0 0.669342 0.691984 0.0810878 0.151969 0.00246166
0 0.645667 0.581758 0.0719342 0.107062 0.00244018
0 0.0184736 0.722226 0.0369472 0.0645256 0.00242999
0 0.0165236 0.737549 0.0330473 0.0776219 0.00239351
0 0.590375 0.513041 0.0353753 0.054906 0.00215669
0 0.700193 0.801286 0.037558 0.0497904 0.00213494
0 0.635659 0.579347 0.0511868 0.0819174 0.00211734
0 0.701978 0.787885 0.0197691 0.0288984 0.00209177
0 0.683111 0.777269 0.0175126 0.0757364 0.00202913
0 0.879877 0.173864 0.0464672 0.0399207 0.00202516
0 0.399717 0.827013 0.0362949 0.00985909 0.00200662
0 0.622924 0.564322 0.0210393 0.0150273 0.00197233
0 0.734987 0.930035 0.0366025 0.0495754 0.00196039
0 0.878743 0.162764 0.0447828 0.0304034 0.00195932
0 0.340668 0.598762 0.249826 0.311331 0.00195641
0 0.397112 0.827406 0.0217019 0.013553 0.0019493
0 0.723741 0.946316 0.06472 0.0757418 0.00194601
0 0.665474 0.698709 0.0338701 0.0408988 0.00190919
0 0.6579 0.663657 0.03923 0.0544301 0.00188787
0 0.614093 0.546101 0.0550204 0.0696564 0.001872
0 0.598595 0.534844 0.0401393 0.0546578 0.00187003
0 0.276736 0.640342 0.246581 0.140096 0.001853
0 0.584131 0.508315 0.043473 0.0907423 0.00181829
0 0.620856 0.562432 0.0270604 0.027722 0.00180621
0 0.68555 0.79951 0.0567256 0.0652949 0.00179391
0 0.629104 0.777581 0.00781155 0.0163634 0.00176291
0 0.00968969 0.701145 0.0193794 0.0368072 0.00175045
0 0.391044 0.827978 0.0197873 0.00815239 0.00172986
0 0.327879 0.599097 0.0934911 0.0394031 0.00172484
0 0.62724 0.63099 0.0868529 0.204127 0.00168661
0 0.733223 0.978765 0.0460461 0.0424696 0.00164112
0 0.716786 0.931008 0.0210372 0.0304743 0.00161555
0 0.723166 0.808894 0.0437779 0.0437489 0.00159845
0 0.738083 0.987721 0.0219667 0.0245584 0.00159283
0 0.879258 0.166143 0.0250252 0.0336121 0.0015879
0 0.716165 0.92763 0.0312801 0.0335293 0.00156266
0 0.36189 0.59837 0.0311984 0.0233961 0.00155419
0 0.647012 0.685305 0.185266 0.398263 0.001553
0 0.209876 0.65942 0.133399 0.0978349 0.00152657
0 0.300865 0.606351 0.225553 0.230807 0.00151354
0 0.600934 0.535031 0.0248024 0.0523082 0.00143763
0 0.637209 0.472863 0.207696 0.437005 0.00142309
0 0.361372 0.598244 0.0211166 0.0192686 0.00138754
0 0.685454 0.763501 0.0728806 0.146068 0.0013532
0 0.740572 0.977073 0.0737506 0.0458532 0.00132257
0 0.731762 0.957267 0.0305332 0.0678072 0.00130672
0 0.391371 0.827115 0.0145337 0.0108969 0.00128765
0 0.27555 0.628054 0.0218584 0.0109748 0.00126895
0 0.403088 0.826684 0.0386771 0.0164459 0.00125207
0 0.74054 0.942872 0.098514 0.114257 0.00118024
0 0.681289 0.818575 0.0156286 0.0219261 0.0011685
0 0.276876 0.630492 0.0174049 0.0120052 0.00115737
0 0.729804 0.929488 0.0609365 0.0773264 0.00115528
0 0.0168893 0.703155 0.0322781 0.0265823 0.00112872
0 0.628557 0.773994 0.0133359 0.0128056 0.00111136
0 0.682429 0.772422 0.0169807 0.0479169 0.00110129
0 0.669743 0.67269 0.0560927 0.0992385 0.00109424
0 0.329133 0.595998 0.025107 0.0294232 0.00108519
0 0.612056 0.507268 0.0725468 0.094411 0.00108095
0 0.170841 0.678429 0.202404 0.064676 0.00107333
0 0.684994 0.777192 0.0325972 0.0792212 0.00107281
0 0.735725 0.912038 0.0165186 0.0136024 0.00106817
0 0.672519 0.566917 0.195589 0.303851 0.0010507
0 0.764043 0.983049 0.0262936 0.0339014 0.00102213
0 0.688869 0.776784 0.0224586 0.04543 0.00101956
0 0.347246 0.583966 0.0538982 0.0544125 0.00100491
