0 0.645841 0.610962 0.124662 0.147458 0.79634
0 0.322765 0.335673 0.0654191 0.0570759 0.791986
0 0.648503 0.612096 0.170447 0.1805 0.195824
0 0.974819 0.362293 0.0424294 0.0174861 0.193484
0 0.695204 0.681405 0.0395086 0.0194172 0.158337
0 0.325001 0.337121 0.0774667 0.084048 0.111108
0 0.695042 0.679463 0.036867 0.0334473 0.0378395
0 0.717092 0.0259173 0.0345672 0.0303562 0.0377904
0 0.335676 0.339417 0.0510984 0.0480046 0.0368468
0 0.327792 0.345532 0.0559473 0.0434951 0.0207766
0 0.765529 0.0336359 0.127653 0.0672717 0.0179552
0 0.311312 0.325271 0.0482177 0.0369032 0.0179413
0 0.97107 0.36654 0.0454597 0.0291375 0.0174322
0 0.29878 0.345114 0.170442 0.215887 0.013878
0 0.73319 0.0286046 0.0696126 0.0477388 0.0114402
0 0.661459 0.631542 0.11638 0.117964 0.0114227
0 0.696387 0.675961 0.0431464 0.0523353 0.00993962
0 0.716081 0.0234641 0.0264203 0.0229188 0.00888828
0 0.339675 0.349447 0.0284851 0.0299194 0.008657
0 0.6316 0.577458 0.10525 0.0726983 0.00811915
0 0.973535 0.366202 0.0529308 0.0505097 0.00784302
0 0.308495 0.329945 0.06984 0.0501543 0.00760561
0 0.700571 0.685661 0.0293207 0.0193342 0.00699284
0 0.337707 0.305377 0.197539 0.218276 0.00691822
0 0.973847 0.359538 0.0503866 0.0245914 0.00691722
0 0.726138 0.0271672 0.0475314 0.0385234 0.0065736
0 0.68856 0.66841 0.0320366 0.0414034 0.00588761
0 0.321466 0.354993 0.0587174 0.069808 0.00469157
0 0.992075 0.642233 0.0131075 0.0175982 0.00390726
0 0.632502 0.600535 0.0934767 0.107839 0.00356924
0 0.940136 0.15033 0.105598 0.126942 0.00353506
0 0.610332 0.563707 0.0554472 0.0446422 0.00341995
0 0.679263 0.645106 0.0407527 0.0556971 0.00333064
0 0.954912 0.121397 0.0493072 0.0548534 0.0033224
0 0.668202 0.650475 0.0812829 0.119648 0.00319469
0 0.684046 0.658251 0.0337459 0.0551129 0.00310408
0 0.489021 0.150091 0.0143022 0.018731 0.00304406
0 0.995343 0.64061 0.00931368 0.0151895 0.00301058
0 0.596828 0.557903 0.0354851 0.0395852 0.00300096
0 0.365993 0.229802 0.0143511 0.00848937 0.00299477
0 0.99326 0.64025 0.00893784 0.0191093 0.00292637
0 0.985168 0.359147 0.0287859 0.0171254 0.00273742
0 0.964292 0.362564 0.0475 0.0217053 0.00260682
0 0.414936 0.312782 0.0100609 0.0108644 0.00260598
0 0.300006 0.318982 0.017713 0.024402 0.00254775
0 0.594389 0.545813 0.0266176 0.0199851 0.00248963
0 0.798379 0.00438978 0.0260815 0.00877956 0.00248542
0 0.79384 0.0326584 0.0727842 0.063851 0.00235181
0 0.964888 0.870105 0.0127827 0.0142216 0.00230521
0 0.636595 0.631857 0.0901011 0.135284 0.0022347
0 0.778419 0.0597181 0.202965 0.119436 0.00222506
0 0.634236 0.729119 0.0126221 0.0113164 0.00219247
0 0.976896 0.35558 0.0372044 0.0304007 0.00212418
0 0.911373 0.960688 0.0648863 0.0525846 0.00210561
0 0.760364 0.00413609 0.0258796 0.00827219 0.00203237
0 0.97622 0.372717 0.0407234 0.0511117 0.0019647
0 0.956556 0.963302 0.0624655 0.0490919 0.00194019
0 0.761235 0.00606081 0.0258103 0.00955334 0.00190648
0 0.416043 0.315122 0.0134746 0.0103132 0.00186041
0 0.61702 0.567979 0.0622313 0.065207 0.00183249
0 0.97803 0.959751 0.0366449 0.061375 0.0017713
0 0.655639 0.672075 0.120453 0.262745 0.00175152
0 0.342436 0.33997 0.0780775 0.0670871 0.00170379
0 0.984417 0.364021 0.0311657 0.0199404 0.00167614
0 0.754906 0.0469179 0.213595 0.0938358 0.00161435
0 0.363768 0.229415 0.0147605 0.0115756 0.00158541
0 0.765239 0.00600494 0.0304937 0.0120099 0.0015783
0 0.366173 0.231291 0.0188159 0.0122262 0.0015484
0 0.938573 0.179956 0.116147 0.202159 0.00151193
0 0.781273 0.0472631 0.147284 0.0945261 0.0015117
0 0.742343 0.0375407 0.0935482 0.0745086 0.00147259
0 0.959391 0.907978 0.0449532 0.0790358 0.00143631
0 0.29836 0.195289 0.0113179 0.0101138 0.00141981
0 0.303928 0.330099 0.0282556 0.0427862 0.00140907
0 0.633206 0.72998 0.0122601 0.0165871 0.00129369
0 0.752663 0.0247834 0.100584 0.0495668 0.00128863
0 0.722034 0.0350573 0.0466489 0.0421235 0.00125254
0 0.801783 0.00549959 0.0253904 0.0109992 0.00119275
0 0.307475 0.314862 0.0310964 0.0253375 0.00114811
0 0.416521 0.315278 0.00907126 0.013075 0.00114046
0 0.964244 0.871912 0.0175755 0.0195038 0.00111653
0 0.970783 0.3526 0.0459497 0.0435586 0.00109081
0 0.767152 0.00480591 0.0327297 0.00961182 0.00106761
0 0.985771 0.640709 0.0180344 0.022168 0.00105277
0 0.931302 0.957229 0.0784636 0.0594147 0.00103893
0 0.770812 0.0306577 0.0784945 0.0581503 0.00103231
0 0.947952 0.129738 0.0699385 0.0743039 0.00101522
