0 0.494802 0.495411 0.0977413 0.441046 0.620634
0 0.541112 0.687498 0.0242499 0.0473881 0.226777
0 0.502315 0.496766 0.152499 0.482967 0.182975
0 0.490746 0.506108 0.0464631 0.253747 0.0936591
0 0.485123 0.480197 0.065258 0.256009 0.0698004
0 0.542135 0.679277 0.0304673 0.0562181 0.052454
0 0.540248 0.676013 0.0167712 0.051383 0.042288
0 0.484421 0.440271 0.0912718 0.262894 0.0356124
0 0.366242 0.0223826 0.0115002 0.0224796 0.0310498
0 0.465838 0.301649 0.0269091 0.0460467 0.0185981
0 0.514684 0.558738 0.107546 0.383345 0.0180584
0 0.496671 0.526363 0.0737943 0.251039 0.0163731
0 0.464421 0.295356 0.0213266 0.0262163 0.0135285
0 0.531827 0.635925 0.0512904 0.169148 0.010091
0 0.36501 0.0255129 0.015302 0.0248017 0.00848496
0 0.499763 0.518602 0.0625638 0.15732 0.00829927
0 0.511503 0.571337 0.0793748 0.306255 0.0070634
0 0.523072 0.609805 0.070979 0.219109 0.0067133
0 0.500602 0.422939 0.18738 0.340676 0.00661716
0 0.535709 0.685909 0.0259245 0.0517424 0.00559493
0 0.494392 0.48165 0.0630242 0.148816 0.00548418
0 0.546325 0.692798 0.0226558 0.0579175 0.005208
0 0.473696 0.535199 0.150607 0.451822 0.00515012
0 0.568473 0.501417 0.249138 0.468022 0.00514804
0 0.466462 0.321192 0.0200117 0.070702 0.00452987
0 0.315171 0.24068 0.0106637 0.0103271 0.00412475
0 0.46962 0.335732 0.0274178 0.0971832 0.00409299
0 0.36668 0.0207949 0.0190446 0.0283104 0.00370798
0 0.525483 0.590175 0.0327793 0.0743503 0.00363874
0 0.467029 0.312838 0.0317237 0.0608586 0.00344168
0 0.49309 0.389537 0.105784 0.248721 0.00332093
0 0.46448 0.326565 0.0289703 0.0845316 0.00318212
0 0.899231 0.790692 0.0127377 0.012915 0.00301603
0 0.520281 0.507014 0.0972364 0.255756 0.00290667
0 0.535574 0.683762 0.034594 0.0667741 0.00271222
0 0.53389 0.594463 0.0405738 0.105852 0.00229384
0 0.544263 0.697804 0.0203748 0.0407363 0.00228221
0 0.367991 0.0202395 0.0288172 0.0337785 0.002231
0 0.501327 0.531535 0.0440998 0.129928 0.00213077
0 0.45608 0.305374 0.0380512 0.0413726 0.00205747
0 0.491254 0.366883 0.0819262 0.181222 0.00194565
0 0.540578 0.637042 0.0413836 0.143199 0.00179863
0 0.532403 0.664725 0.0317006 0.109324 0.00177208
0 0.539138 0.600792 0.186195 0.441267 0.0015983
0 0.526876 0.486798 0.14004 0.319485 0.00156806
0 0.520879 0.637322 0.0724353 0.34762 0.00155961
0 0.518915 0.567487 0.0260057 0.0911688 0.00155411
0 0.251497 0.845219 0.0152606 0.0201956 0.00150739
0 0.366674 0.015308 0.0162544 0.0159242 0.00147794
0 0.31635 0.241424 0.0149425 0.0131629 0.00146771
0 0.498709 0.440057 0.0597333 0.150238 0.00146099
0 0.421856 0.505761 0.22838 0.454914 0.00142941
0 0.533469 0.413962 0.230414 0.461287 0.00136282
0 0.207776 0.336662 0.016964 0.0105936 0.00134786
0 0.521614 0.582816 0.0267805 0.0561251 0.00128695
0 0.371665 0.0214857 0.0207007 0.0233187 0.00127772
0 0.452936 0.454374 0.137418 0.42651 0.00125535
0 0.901753 0.792297 0.017256 0.0176142 0.00124701
0 0.469818 0.360608 0.0609056 0.187169 0.001178
0 0.930495 0.868768 0.135304 0.190419 0.00115068
0 0.524604 0.60643 0.0417513 0.134358 0.00114957
0 0.767637 0.513805 0.0240547 0.02512 0.00104173
0 0.0290907 0.113106 0.0328442 0.0510415 0.00104081
0 0.367103 0.0272703 0.0237978 0.0313193 0.00100973
