0 0.359528 0.620405 0.0732105 0.0315445 0.700839
0 0.429939 0.596921 0.0314125 0.0264946 0.63886
0 0.587563 0.467338 0.186566 0.221987 0.600607
0 0.497583 0.558838 0.0354155 0.0348746 0.370419
0 0.462379 0.57697 0.0260027 0.0199806 0.35643
0 0.618542 0.421178 0.120798 0.127517 0.273597
0 0.507798 0.488114 0.334576 0.262208 0.267074
0 0.525599 0.528638 0.0140575 0.0216713 0.229755
0 0.450624 0.587172 0.0549201 0.0344733 0.129984
0 0.495753 0.555022 0.0532823 0.037496 0.129527
0 0.435309 0.596291 0.0449911 0.0492229 0.101463
0 0.510491 0.54694 0.0670753 0.0510809 0.0808996
0 0.371485 0.616242 0.0803595 0.0314659 0.0732906
0 0.369 0.619674 0.0952909 0.0510451 0.0688965
0 0.503547 0.560883 0.0495138 0.0539823 0.0525908
0 0.531495 0.529068 0.0264334 0.0236055 0.0505582
0 0.424434 0.602157 0.0508307 0.0312044 0.0484187
0 0.431772 0.591576 0.0366073 0.0300364 0.0457469
0 0.500925 0.553944 0.0832991 0.086367 0.045684
0 0.527374 0.53301 0.0195205 0.0309546 0.0449718
0 0.544001 0.485863 0.144428 0.212185 0.0435623
0 0.655831 0.381997 0.0378804 0.0391826 0.041217
0 0.442739 0.588987 0.0543738 0.0444376 0.0342465
0 0.360655 0.632477 0.0922637 0.0907618 0.0316153
0 0.463308 0.582944 0.0231693 0.0252269 0.0286172
0 0.453522 0.587847 0.0805088 0.0620362 0.0279947
0 0.605142 0.425541 0.174393 0.186233 0.0273793
0 0.652748 0.382325 0.0259171 0.0340208 0.0269918
0 0.466519 0.573944 0.0490086 0.0325469 0.0252375
0 0.499533 0.554103 0.0269898 0.0269773 0.0250477
0 0.525531 0.531848 0.0430912 0.0345291 0.0246722
0 0.517557 0.51668 0.0981796 0.135882 0.0243106
0 0.371041 0.611269 0.124886 0.098599 0.0236962
0 0.364838 0.615989 0.0580345 0.0238997 0.023196
0 0.513719 0.514865 0.254238 0.163452 0.0220663
0 0.348055 0.623563 0.0507532 0.0325887 0.0218897
0 0.493037 0.496826 0.152373 0.215174 0.0208611
0 0.520159 0.536832 0.0334177 0.0373644 0.0208289
0 0.467847 0.557358 0.292669 0.147258 0.0201945
0 0.438766 0.58162 0.0938 0.0553061 0.0199333
0 0.503063 0.578237 0.374083 0.431208 0.0198954
0 0.44229 0.591953 0.191156 0.0843259 0.017228
0 0.462855 0.54645 0.397506 0.239216 0.0171601
0 0.484162 0.568076 0.103686 0.0570484 0.0166552
0 0.838496 0.0185544 0.0119835 0.031879 0.0159795
0 0.374787 0.613074 0.0704287 0.019906 0.015892
0 0.510338 0.555576 0.0487078 0.0390203 0.0137919
0 0.491899 0.560613 0.0349931 0.0437236 0.012515
0 0.548602 0.518179 0.0306617 0.021114 0.0119598
0 0.489182 0.571466 0.136997 0.0989775 0.0114757
0 0.525153 0.525641 0.020994 0.0343706 0.0112527
0 0.424107 0.60552 0.071842 0.055607 0.00991704
0 0.579322 0.532738 0.238004 0.365671 0.00985773
0 0.535398 0.521297 0.0686031 0.0492692 0.00961971
0 0.361128 0.609114 0.079171 0.0467496 0.00942209
0 0.530481 0.537337 0.0860913 0.0815842 0.008474
0 0.841227 0.0184929 0.0135614 0.0369858 0.00826569
0 0.51685 0.470546 0.146261 0.249598 0.00790186
0 0.656007 0.391729 0.0464116 0.0628606 0.00778711
0 0.489814 0.564862 0.0275455 0.025121 0.0071904
0 0.346748 0.601049 0.204268 0.262242 0.00695874
0 0.444021 0.59207 0.303836 0.245797 0.00682567
0 0.387518 0.612947 0.102035 0.032297 0.00650443
0 0.53223 0.521124 0.102064 0.0705799 0.00588802
0 0.538251 0.553415 0.245459 0.199469 0.00574538
0 0.543975 0.514965 0.183504 0.131698 0.0057251
0 0.41367 0.567829 0.181302 0.116767 0.0056592
0 0.545309 0.510674 0.0261425 0.028902 0.00500786
0 0.841056 0.0141884 0.0129293 0.024257 0.00484105
0 0.419529 0.450751 0.4982 0.368172 0.00483157
0 0.538101 0.526127 0.0457799 0.0272541 0.00466189
0 0.44997 0.598089 0.0697594 0.044816 0.00451772
0 0.547449 0.512328 0.0384835 0.0357637 0.00435005
0 0.339111 0.624111 0.0505726 0.023281 0.00393488
0 0.374737 0.612736 0.0484759 0.0156524 0.00383068
0 0.585328 0.58626 0.339743 0.487813 0.00378488
0 0.394533 0.598661 0.150905 0.0564095 0.0037333
0 0.570161 0.428289 0.258632 0.248608 0.00356774
0 0.667286 0.373889 0.0277131 0.0204619 0.00328242
0 0.843042 0.0177869 0.0217953 0.0319949 0.00312574
0 0.351489 0.614966 0.0673294 0.0293599 0.00310318
0 0.405382 0.623261 0.162185 0.0691645 0.0030749
0 0.836762 0.0203558 0.0220926 0.0407117 0.00304909
0 0.358286 0.632762 0.0871604 0.0550148 0.00303737
0 0.503318 0.566463 0.157595 0.067408 0.00297579
0 0.337989 0.626152 0.0306672 0.0245227 0.00296814
0 0.470356 0.53724 0.131908 0.162763 0.00282356
0 0.41923 0.504222 0.385106 0.264138 0.00276154
0 0.447318 0.576472 0.0590308 0.0477384 0.00275629
0 0.599533 0.441297 0.137414 0.114607 0.00267779
0 0.950043 0.960079 0.077494 0.0592619 0.00251971
0 0.572143 0.423072 0.17406 0.155967 0.00242603
0 0.838039 0.0110887 0.0150232 0.0207856 0.00241861
0 0.412223 0.551584 0.288779 0.194659 0.0023142
0 0.897257 0.95802 0.168023 0.0678366 0.00223612
0 0.845095 0.0175133 0.0403685 0.0350266 0.00218144
0 0.531058 0.553136 0.192847 0.10963 0.00203
0 0.658974 0.394695 0.0757354 0.0585568 0.00201486
0 0.387916 0.640431 0.264361 0.270277 0.00192734
0 0.533432 0.558283 0.119552 0.102255 0.00191755
0 0.453548 0.603119 0.126127 0.0956367 0.00191647
0 0.548248 0.517137 0.0240813 0.0122145 0.00189276
0 0.427109 0.589567 0.0810092 0.0500963 0.00188981
0 0.371718 0.622863 0.0567765 0.0423512 0.0018581
0 0.507203 0.569217 0.0776738 0.0565521 0.00184012
0 0.385801 0.614174 0.0529493 0.0273878 0.00179995
0 0.665775 0.378499 0.032076 0.0283409 0.0017868
0 0.472435 0.576908 0.0319541 0.0271909 0.00169825
0 0.444983 0.521567 0.222588 0.185195 0.00166354
0 0.362721 0.082019 0.0217129 0.0146326 0.00163858
0 0.829543 0.781911 0.00817471 0.0121925 0.00148888
0 0.839022 0.0242601 0.0151056 0.0377587 0.00144808
0 0.889876 0.57976 0.00787354 0.00666227 0.00144252
0 0.888886 0.582033 0.00914154 0.0136344 0.00139184
0 0.652995 0.383074 0.0629823 0.0524739 0.00137603
0 0.889186 0.575428 0.00645485 0.0191603 0.00136031
0 0.48484 0.605443 0.272922 0.329564 0.0013581
0 0.302231 0.804373 0.392509 0.391254 0.00131598
0 0.341746 0.616406 0.0723597 0.0404015 0.00131143
0 0.648113 0.388878 0.0353044 0.040516 0.00128089
0 0.431836 0.6079 0.0367622 0.0502973 0.00126218
0 0.829805 0.782879 0.0137962 0.0127823 0.00125806
0 0.548804 0.632527 0.49277 0.57256 0.00125805
0 0.297632 0.803685 0.145603 0.227754 0.00124779
0 0.651157 0.413605 0.0996853 0.0961032 0.00123568
0 0.628577 0.479623 0.178656 0.222247 0.00123281
0 0.610038 0.436148 0.0919271 0.101323 0.00122813
0 0.589731 0.0226071 0.0166291 0.0225405 0.00122577
0 0.887241 0.522797 0.0762484 0.130528 0.0012078
0 0.58399 0.551515 0.160518 0.230011 0.00120415
0 0.449913 0.635781 0.365736 0.451324 0.00118325
0 0.435397 0.624703 0.198839 0.150838 0.00117663
0 0.888407 0.534895 0.112901 0.122618 0.00115759
0 0.828935 0.017551 0.0311434 0.035102 0.00113342
0 0.43251 0.573658 0.0516555 0.0709195 0.00112112
0 0.405714 0.653513 0.18749 0.169314 0.00111062
0 0.888979 0.578651 0.00691566 0.0108621 0.00110778
0 0.437619 0.54178 0.130104 0.141981 0.00110503
0 0.426146 0.587709 0.0361697 0.0448757 0.00110179
0 0.841177 0.0278913 0.0352972 0.0557825 0.00108199
0 0.386938 0.611401 0.0402864 0.0214407 0.00107549
