0 0.521255 0.461452 0.172134 0.211883 0.84399
0 0.434668 0.609569 0.0614258 0.0679427 0.44017
0 0.497326 0.523402 0.197038 0.272144 0.127518
0 0.484927 0.547039 0.164619 0.182647 0.0181243
0 0.485289 0.587163 0.185163 0.192419 0.0169699
0 0.507646 0.500759 0.154708 0.199973 0.0135686
0 0.44633 0.600301 0.188688 0.220624 0.0127487
0 0.945762 0.94041 0.101235 0.116583 0.0122701
0 0.762679 0.885654 0.012804 0.010593 0.00626863
0 0.51439 0.51012 0.140888 0.126634 0.00607579
0 0.461914 0.596457 0.12005 0.124829 0.00587201
0 0.42587 0.621735 0.0806879 0.10338 0.00414867
0 0.764394 0.887682 0.0117142 0.0119726 0.00402216
0 0.76585 0.218439 0.0104492 0.0131939 0.00395903
0 0.424245 0.619359 0.0720268 0.0690216 0.0038359
0 0.764157 0.886659 0.0172801 0.0157944 0.00382791
0 0.53663 0.421621 0.135974 0.138138 0.00345074
0 0.473144 0.558052 0.119955 0.120785 0.00317564
0 0.151903 0.487388 0.0132969 0.00923748 0.00297755
0 0.152588 0.488121 0.010156 0.0132288 0.0028947
0 0.151018 0.48817 0.00888431 0.0106136 0.00267769
0 0.513796 0.456988 0.164486 0.137318 0.0024592
0 0.449482 0.597361 0.061657 0.061132 0.00241933
0 0.524997 0.468933 0.0933251 0.154554 0.00213597
0 0.916574 0.916252 0.166851 0.167496 0.00210276
0 0.528949 0.556565 0.216254 0.273781 0.00188603
0 0.572036 0.460373 0.278922 0.24641 0.00184809
0 0.479682 0.458481 0.17536 0.202343 0.0017055
0 0.44129 0.562677 0.0300308 0.0246272 0.00165372
0 0.569932 0.385288 0.0429758 0.0503905 0.00162065
0 0.904599 0.938108 0.190802 0.123784 0.00161014
0 0.577595 0.38182 0.0374638 0.0439283 0.0015979
0 0.764381 0.219597 0.0122328 0.0192031 0.00149038
0 0.152133 0.486728 0.0146 0.0150438 0.00144039
0 0.148894 0.485123 0.0190303 0.0142739 0.00139739
0 0.441934 0.562354 0.0213591 0.0181867 0.00126406
0 0.951778 0.960019 0.0784401 0.0748493 0.00121067
0 0.471149 0.511151 0.122259 0.21081 0.0011118
0 0.426039 0.602056 0.052627 0.062851 0.00110878
0 0.486978 0.621618 0.199505 0.315442 0.00104652
0 0.491469 0.63193 0.246404 0.43588 0.00101455
