0 0.0999015 0.114547 0.113961 0.138526 0.537669
0 0.535436 0.489173 0.6717 0.348256 0.456107
0 0.200473 0.908516 0.319356 0.162675 0.149633
0 0.100674 0.114866 0.168756 0.177783 0.0868887
0 0.187749 0.867408 0.276395 0.217354 0.0865893
0 0.264572 0.915991 0.180586 0.14623 0.0767504
0 0.409194 0.465837 0.583977 0.284551 0.071926
0 0.103689 0.157433 0.121779 0.217939 0.0499411
0 0.246363 0.597571 0.045991 0.0535507 0.0487667
0 0.483359 0.541311 0.966718 0.414461 0.0430128
0 0.228616 0.810802 0.0785841 0.129501 0.0239265
0 0.127703 0.25556 0.190129 0.45275 0.0235839
0 0.279424 0.908824 0.263272 0.178667 0.0235391
0 0.540433 0.417206 0.919135 0.544558 0.0223698
0 0.255312 0.454647 0.510625 0.235475 0.0150836
0 0.399799 0.494574 0.799598 0.270469 0.0145809
0 0.344097 0.497327 0.612774 0.170167 0.0140188
0 0.112766 0.205121 0.131869 0.344699 0.011982
0 0.454873 0.428566 0.824401 0.322961 0.0119171
0 0.165921 0.931776 0.268534 0.136448 0.010934
0 0.185987 0.869837 0.161442 0.21144 0.0103373
0 0.399358 0.537527 0.63545 0.300498 0.00938761
0 0.210836 0.495324 0.34588 0.132202 0.00830618
0 0.237217 0.894606 0.204889 0.115585 0.00825604
0 0.513153 0.576823 0.629271 0.422495 0.00770762
0 0.231787 0.825167 0.112108 0.127172 0.00745827
0 0.599584 0.539257 0.800831 0.491422 0.00674787
0 0.214933 0.81915 0.15418 0.190737 0.00658079
0 0.340545 0.915608 0.313127 0.13855 0.00653597
0 0.610046 0.941365 0.0422664 0.0623312 0.00645597
0 0.235185 0.896041 0.125576 0.0860374 0.00641881
0 0.210576 0.910923 0.155206 0.119853 0.00627623
0 0.0933181 0.100805 0.0948818 0.0874466 0.00596029
0 0.120589 0.128218 0.125391 0.143476 0.00544284
0 0.178132 0.291136 0.316648 0.536083 0.00534946
0 0.290233 0.506568 0.534249 0.0800796 0.00526337
0 0.240736 0.519371 0.266466 0.062731 0.00514143
0 0.256355 0.87414 0.203017 0.214656 0.00507908
0 0.868709 0.704722 0.049449 0.0380303 0.00486933
0 0.289071 0.863635 0.415991 0.259955 0.00460475
0 0.085785 0.191787 0.146699 0.259055 0.00379782
0 0.256656 0.59373 0.0840785 0.0540879 0.00379766
0 0.134656 0.936638 0.183628 0.117642 0.00377342
0 0.301728 0.929186 0.209678 0.130209 0.00353475
0 0.196551 0.812605 0.332834 0.261073 0.00309356
0 0.482429 0.653029 0.964858 0.461863 0.00276215
0 0.188032 0.928721 0.160322 0.129078 0.00264286
0 0.694317 0.595503 0.611367 0.358269 0.00261156
0 0.296514 0.944369 0.126869 0.108875 0.00252507
0 0.860007 0.700965 0.0734552 0.0414014 0.00247484
0 0.37772 0.903762 0.556131 0.183762 0.00245971
0 0.0878973 0.254512 0.175795 0.397518 0.0023781
0 0.611849 0.934486 0.0523 0.0865698 0.00235925
0 0.593475 0.409598 0.615515 0.448215 0.00227737
0 0.2439 0.463245 0.337656 0.208067 0.00226185
0 0.201532 0.516686 0.29159 0.102501 0.00223637
0 0.30689 0.514939 0.278644 0.0405953 0.00214591
0 0.248478 0.605097 0.0664758 0.0500309 0.00210265
0 0.105994 0.0877483 0.211987 0.175497 0.00207559
0 0.090139 0.0801448 0.0912866 0.0634952 0.00207306
0 0.849084 0.695432 0.10034 0.0497159 0.00194809
0 0.100363 0.138684 0.0928633 0.116378 0.00193651
0 0.830608 0.687158 0.125674 0.0609382 0.00191558
0 0.233277 0.593328 0.0362687 0.0405962 0.00189876
0 0.987483 0.969439 0.0207884 0.0558821 0.00183487
0 0.107877 0.782638 0.21569 0.212211 0.00183455
0 0.111713 0.338244 0.223427 0.518056 0.00182133
0 0.547107 0.0878248 0.0190112 0.0183475 0.00178569
0 0.209864 0.948261 0.269884 0.0906584 0.00177946
0 0.113557 0.935244 0.119525 0.102642 0.00173883
0 0.137734 0.288547 0.120435 0.305634 0.00168746
0 0.360323 0.422763 0.339444 0.227144 0.0016738
0 0.232946 0.592948 0.0560318 0.0487585 0.00166172
0 0.612014 0.643915 0.0203006 0.0161626 0.00161375
0 0.246889 0.571794 0.202529 0.0579146 0.00160692
0 0.956819 0.960029 0.0744831 0.0719393 0.00154652
0 0.254068 0.791978 0.13728 0.220836 0.00150421
0 0.232435 0.873193 0.11704 0.178513 0.00148303
0 0.299728 0.918426 0.145708 0.127157 0.00139959
0 0.265851 0.591759 0.145481 0.118293 0.00137135
0 0.143069 0.893956 0.270796 0.159036 0.00129538
0 0.612732 0.923953 0.0684275 0.111193 0.00129302
0 0.151781 0.185238 0.216789 0.306133 0.00125584
0 0.208683 0.348735 0.417366 0.543032 0.00122552
0 0.278095 0.793507 0.191862 0.295432 0.00118546
0 0.268502 0.931707 0.0899304 0.119952 0.00113056
0 0.143483 0.848095 0.286965 0.299519 0.00109837
0 0.302686 0.53102 0.605373 0.153257 0.00107746
0 0.231942 0.601624 0.131274 0.153789 0.00105611
0 0.164764 0.782136 0.213524 0.203727 0.00105462
0 0.640086 0.636585 0.719827 0.518654 0.00103423
0 0.904551 0.957458 0.106199 0.0721186 0.00101734
0 0.25538 0.834992 0.168351 0.186789 0.00100896
0 0.65856 0.458298 0.682881 0.452064 0.00100597
0 0.209668 0.418838 0.367401 0.281461 0.00100379
