0 0.528977 0.580995 0.0690443 0.0537631 0.738047
0 0.452362 0.426232 0.01731 0.0193337 0.622405
0 0.538974 0.572775 0.0523056 0.0381403 0.493021
0 0.528709 0.586905 0.079233 0.0834873 0.117842
0 0.495008 0.444107 0.0113666 0.0144133 0.0991874
0 0.543291 0.572291 0.0352022 0.0313131 0.0743611
0 0.516371 0.237164 0.011745 0.0103815 0.070475
0 0.549823 0.531099 0.0172613 0.0285793 0.0552086
0 0.546615 0.535033 0.0171196 0.0288343 0.0340214
0 0.545113 0.541721 0.0261346 0.0371986 0.0317131
0 0.51587 0.235635 0.0143356 0.0142851 0.0293913
0 0.523453 0.597003 0.062015 0.0649865 0.0197082
0 0.449281 0.424754 0.0238471 0.0261743 0.0186352
0 0.453104 0.432712 0.0171081 0.0242962 0.016642
0 0.491392 0.444609 0.0133593 0.0175605 0.0164528
0 0.538732 0.593414 0.192646 0.215185 0.0140372
0 0.529226 0.56581 0.0655694 0.0656389 0.0137294
0 0.514524 0.589132 0.0496395 0.0537979 0.0123848
0 0.545911 0.527865 0.0224298 0.026896 0.0112815
0 0.494721 0.441524 0.013909 0.0182858 0.00965581
0 0.669022 0.506973 0.0243165 0.0354988 0.00741758
0 0.502463 0.555664 0.170257 0.211702 0.00687786
0 0.541751 0.565746 0.0421637 0.0344854 0.00674076
0 0.675207 0.494139 0.0196962 0.0158528 0.0063776
0 0.539909 0.502249 0.0158322 0.0164123 0.00596307
0 0.544413 0.544399 0.0378578 0.0720729 0.00569339
0 0.459939 0.427339 0.0272756 0.0249219 0.005626
0 0.454975 0.425954 0.0303371 0.0543513 0.00535735
0 0.541005 0.531319 0.0280529 0.0355766 0.00407264
0 0.492516 0.441267 0.02113 0.0255775 0.00386772
0 0.200374 0.985244 0.0124608 0.0204109 0.00335577
0 0.511654 0.600186 0.0286191 0.0410028 0.00334501
0 0.54605 0.170339 0.0137459 0.0177895 0.00317965
0 0.7588 0.96241 0.00720997 0.00904846 0.00284692
0 0.446985 0.410651 0.0207302 0.0299359 0.00277466
0 0.436129 0.424971 0.0301164 0.0224866 0.00259569
0 0.447017 0.433548 0.0319713 0.0311787 0.00245084
0 0.43673 0.427555 0.0197044 0.0227867 0.00239554
0 0.529756 0.56561 0.0549396 0.0428571 0.00237428
0 0.445509 0.676989 0.0180936 0.0110489 0.00233638
0 0.548483 0.527052 0.0250885 0.0385358 0.00230146
0 0.535749 0.54893 0.0474184 0.0772239 0.00228466
0 0.448267 0.433825 0.0193366 0.0333307 0.00215045
0 0.552093 0.564392 0.0244175 0.0273992 0.00203872
0 0.531588 0.612765 0.0765891 0.104446 0.00195109
0 0.48915 0.442225 0.0322049 0.0307983 0.00195017
0 0.201149 0.982583 0.0235714 0.0281828 0.00194507
0 0.0363632 0.959066 0.0554685 0.0729422 0.00194192
0 0.545075 0.169643 0.0155518 0.0268126 0.00191886
0 0.461943 0.423861 0.0316401 0.0400107 0.00181581
0 0.670538 0.50911 0.0375063 0.0514918 0.00172318
0 0.0319567 0.943339 0.0490591 0.113323 0.0016956
0 0.199908 0.784777 0.0101669 0.0177221 0.00168884
0 0.75793 0.963108 0.0107949 0.0124847 0.00163732
0 0.545934 0.527184 0.0339833 0.0647978 0.00152424
0 0.656415 0.948688 0.0349743 0.0702318 0.0015185
0 0.94423 0.960699 0.0974897 0.0614326 0.00151011
0 0.468852 0.438153 0.0597527 0.0494079 0.00148524
0 0.520368 0.612212 0.048393 0.0626935 0.00146517
0 0.612886 0.887366 0.139984 0.130173 0.00137473
0 0.451722 0.413546 0.0211348 0.0334414 0.00137369
0 0.760108 0.960605 0.0155541 0.014567 0.00137239
0 0.648861 0.952591 0.0344739 0.0638554 0.0013712
0 0.505608 0.586571 0.0775325 0.0516206 0.00135357
0 0.549524 0.170044 0.0191339 0.0206178 0.00130087
0 0.678115 0.491215 0.0137297 0.012037 0.0012625
0 0.16386 0.0916976 0.0159492 0.0198785 0.00120708
0 0.934259 0.932948 0.12513 0.109209 0.00114308
0 0.514392 0.577331 0.0736701 0.0585826 0.00113478
0 0.0426717 0.93604 0.0791778 0.127919 0.00112223
0 0.242885 0.855229 0.170528 0.148497 0.00104622
0 0.558876 0.581325 0.101388 0.0625724 0.00102139
0 0.891111 0.206095 0.216613 0.349925 0.00101374
