0 0.458569 0.51428 0.137879 0.0455035 0.756754
0 0.509146 0.50279 0.203994 0.0634323 0.20047
0 0.485903 0.507203 0.193113 0.0436123 0.118418
0 0.47053 0.506617 0.185955 0.0834521 0.117552
0 0.56446 0.475407 0.0836321 0.0221383 0.107309
0 0.458604 0.522169 0.149135 0.0845605 0.0890743
0 0.0639632 0.0248175 0.110894 0.0445609 0.0873026
0 0.553791 0.475135 0.0580554 0.0172349 0.0852632
0 0.464904 0.512919 0.093384 0.0364138 0.0742743
0 0.547695 0.476811 0.0381746 0.0139621 0.0573102
0 0.537423 0.493229 0.167648 0.0520575 0.0293252
0 0.450938 0.503358 0.196599 0.18702 0.026931
0 0.0805939 0.023281 0.0578834 0.039175 0.0253925
0 0.576523 0.474865 0.0779615 0.0161402 0.0217406
0 0.108495 0.0264637 0.19396 0.0529273 0.0214901
0 0.0906862 0.0242126 0.0989904 0.0471217 0.0211099
0 0.0457145 0.0197068 0.0826251 0.0374054 0.0182189
0 0.0256054 0.00519332 0.0342025 0.0103866 0.0158174
0 0.437185 0.517279 0.093079 0.0397444 0.0116259
0 0.516028 0.501551 0.297594 0.16003 0.0106063
0 0.0665261 0.0329694 0.133052 0.0659387 0.00996722
0 0.0315469 0.0187065 0.0466075 0.0367524 0.00943453
0 0.501645 0.48638 0.240894 0.0976581 0.0085771
0 0.563152 0.484807 0.0976866 0.0613182 0.0066231
0 0.0558577 0.450186 0.0139487 0.0107845 0.00658008
0 0.463843 0.50458 0.0586961 0.046833 0.00646881
0 0.539875 0.47834 0.0742252 0.0174967 0.00622775
0 0.0895941 0.0239708 0.0455251 0.0479417 0.00567061
0 0.0688044 0.0209977 0.0553143 0.0419953 0.00563068
0 0.0574488 0.0259306 0.0821804 0.0359271 0.00532176
0 0.567366 0.485319 0.0888752 0.0356439 0.00505143
0 0.0553459 0.44759 0.0128361 0.0101013 0.00480296
0 0.141953 0.0305733 0.283906 0.0611467 0.00458868
0 0.18783 0.0218398 0.37566 0.0436796 0.00396677
0 0.454049 0.50976 0.0595832 0.0512274 0.00389722
0 0.576561 0.47359 0.055967 0.0109182 0.00377548
0 0.111924 0.0457252 0.223847 0.0914503 0.00371477
0 0.515056 0.478597 0.209017 0.0572564 0.00351467
0 0.539006 0.476202 0.0272333 0.0101781 0.00340594
0 0.506294 0.519783 0.199504 0.0764967 0.00311214
0 0.0867873 0.0737309 0.173575 0.147462 0.00302966
0 0.48572 0.506709 0.0813361 0.0381546 0.00286886
0 0.081167 0.0332071 0.112727 0.0489502 0.00268974
0 0.538609 0.474558 0.0298354 0.0167287 0.00267994
0 0.0565854 0.448107 0.0163666 0.015618 0.00264374
0 0.474771 0.502586 0.05716 0.039234 0.00260358
0 0.0215448 0.00435337 0.0301153 0.00870673 0.00260239
0 0.101016 0.0277006 0.0633403 0.0453656 0.00253488
0 0.0420029 0.0213189 0.0497831 0.0396278 0.00248028
0 0.148155 0.0574027 0.296309 0.114805 0.00232312
0 0.18549 0.0365266 0.342585 0.0730531 0.00231941
0 0.436652 0.522586 0.139984 0.0463973 0.00208156
0 0.398286 0.531627 0.0200027 0.0159789 0.00203841
0 0.0216363 0.598459 0.0156881 0.00944967 0.00194426
0 0.0567682 0.0347997 0.113536 0.0550255 0.00193403
0 0.0207273 0.597035 0.010489 0.0128345 0.00188988
0 0.460948 0.489158 0.158778 0.0705853 0.00176298
0 0.161698 0.00686594 0.268924 0.0137319 0.00175793
0 0.0391417 0.0110965 0.0617523 0.0221931 0.00168358
0 0.590785 0.472865 0.0446051 0.0166325 0.00167331
0 0.558888 0.499432 0.111308 0.0516317 0.00165614
0 0.571867 0.474232 0.092307 0.0487527 0.00156937
0 0.132538 0.0205441 0.134637 0.0410882 0.00155459
0 0.447098 0.504563 0.148372 0.053085 0.0015112
0 0.457106 0.544738 0.133782 0.0983782 0.00147161
0 0.0221585 0.59744 0.0181471 0.0158239 0.00146427
0 0.0826713 0.0173655 0.11619 0.0347309 0.00140903
0 0.258394 0.0624165 0.516788 0.124833 0.00140435
0 0.24431 0.00452923 0.0206704 0.0070617 0.00136953
0 0.407653 0.528012 0.0345073 0.0246677 0.0013422
0 0.101413 0.0220997 0.0463585 0.042321 0.0013196
0 0.295211 0.0264986 0.552376 0.0529971 0.00121226
0 0.66562 0.31728 0.0788992 0.0730774 0.00121084
0 0.204406 0.0426308 0.408812 0.0852615 0.00116698
0 0.444594 0.515013 0.059327 0.0412951 0.00114521
0 0.508135 0.545458 0.227616 0.132631 0.00113571
0 0.250449 0.0049002 0.020464 0.00590463 0.00113346
0 0.421925 0.525144 0.0731559 0.0318093 0.0011217
0 0.0368859 0.0197748 0.0737717 0.0395497 0.00112131
0 0.527635 0.521717 0.257535 0.108654 0.00110159
0 0.650349 0.0214849 0.0275813 0.0282546 0.00109385
0 0.590533 0.470533 0.0326772 0.00883131 0.00108226
0 0.0567036 0.0159235 0.100317 0.0318471 0.00102473
