0 0.93706 0.338288 0.0441181 0.0365 0.767234
0 0.285096 0.592935 0.534434 0.19198 0.709385
0 0.850389 0.81027 0.0168921 0.0431082 0.0597952
0 0.295879 0.67582 0.575508 0.417618 0.045866
0 0.0677159 0.663064 0.0861295 0.0400213 0.0300082
0 0.929648 0.343018 0.0422667 0.0354512 0.023154
0 0.368121 0.55417 0.345217 0.144875 0.0220996
0 0.9295 0.349359 0.0680605 0.0891669 0.0208229
0 0.196277 0.59369 0.348834 0.146516 0.0206289
0 0.945893 0.334007 0.0366755 0.0400513 0.018443
0 0.30588 0.531182 0.61176 0.324296 0.0162936
0 0.850307 0.797952 0.0185846 0.0629225 0.0155709
0 0.936442 0.331346 0.0728346 0.0943029 0.0141063
0 0.932804 0.329973 0.049275 0.0539993 0.0110825
0 0.851809 0.810589 0.0263302 0.067734 0.0106838
0 0.381264 0.548753 0.325857 0.0814955 0.0105043
0 0.434612 0.535738 0.228034 0.087724 0.00763071
0 0.936094 0.354758 0.0509525 0.0502132 0.00737337
0 0.380661 0.550637 0.56562 0.177683 0.00657208
0 0.851444 0.821832 0.0144733 0.0445843 0.00583679
0 0.849764 0.796467 0.0262438 0.0802432 0.00544461
0 0.920305 0.345021 0.159391 0.287079 0.00420743
0 0.480568 0.534472 0.154134 0.0693831 0.00416257
0 0.385375 0.636893 0.733142 0.29564 0.00403616
0 0.897727 0.347573 0.181634 0.269268 0.00380378
0 0.449218 0.540994 0.332224 0.113349 0.00350596
0 0.886372 0.968845 0.0390869 0.0623096 0.00348921
0 0.365685 0.582593 0.468488 0.154971 0.00331609
0 0.178579 0.586148 0.17427 0.110581 0.00278523
0 0.333656 0.580398 0.347311 0.207498 0.00276917
0 0.84843 0.818819 0.0216101 0.0502296 0.00260108
0 0.364748 0.547397 0.16567 0.106671 0.00241039
0 0.231698 0.627235 0.463395 0.232329 0.00233282
0 0.350751 0.955962 0.0229494 0.0344482 0.00232471
0 0.939445 0.360701 0.062232 0.0916476 0.00202214
0 0.357273 0.952175 0.0226437 0.0587881 0.00193908
0 0.0698058 0.653108 0.115272 0.0513938 0.00193699
0 0.707931 0.973662 0.0539557 0.0462336 0.00179595
0 0.267508 0.590739 0.32192 0.178625 0.00175339
0 0.990769 0.350662 0.0127134 0.0142174 0.0016861
0 0.613765 0.123601 0.00698957 0.0112089 0.00156536
0 0.846243 0.785803 0.0266357 0.0768099 0.00152801
0 0.848947 0.823606 0.0283484 0.075206 0.00144319
0 0.130969 0.610534 0.256044 0.171769 0.00137882
0 0.444298 0.753074 0.0150435 0.00938959 0.00137109
0 0.925673 0.347649 0.0276373 0.0321371 0.00136476
0 0.229591 0.348394 0.0976074 0.144834 0.00132952
0 0.701655 0.973424 0.0358838 0.0389145 0.001296
0 0.888165 0.970648 0.0165058 0.0405888 0.00125037
0 0.353734 0.971117 0.0576892 0.0577659 0.00123946
0 0.613739 0.122765 0.0167732 0.012355 0.00122144
0 0.414691 0.981359 0.0184943 0.0254929 0.00119899
0 0.844911 0.796569 0.0702429 0.0901577 0.00118902
0 0.208324 0.570995 0.416648 0.224214 0.00111772
0 0.412484 0.533725 0.151807 0.10416 0.0010857
0 0.178862 0.677071 0.302776 0.351584 0.00105936
0 0.0471839 0.668543 0.0789861 0.0279164 0.0010577
0 0.257136 0.817272 0.0446799 0.16392 0.00103555
0 0.678125 0.59559 0.00846205 0.0223203 0.0010165
