0 0.815728 0.114145 0.0176096 0.013554 0.506713
0 0.566625 0.603259 0.0237233 0.0544122 0.442927
0 0.211713 0.243835 0.13424 0.466587 0.277419
0 0.600778 0.6767 0.0110863 0.018854 0.263008
0 0.312205 0.447111 0.289678 0.779945 0.233771
0 0.241713 0.385788 0.152251 0.757759 0.199829
0 0.570044 0.610494 0.0226259 0.0458505 0.144815
0 0.243762 0.381836 0.131563 0.467729 0.110612
0 0.210965 0.133051 0.128976 0.238572 0.0962506
0 0.162819 0.397401 0.293603 0.740943 0.0913644
0 0.29918 0.39649 0.250039 0.475149 0.0788883
0 0.239038 0.31104 0.0900354 0.520931 0.0581237
0 0.253278 0.433423 0.235244 0.712025 0.0489777
0 0.648648 0.747472 0.0191852 0.0534318 0.0486966
0 0.573658 0.620259 0.0168835 0.0352949 0.0431348
0 0.164829 0.390617 0.268967 0.466706 0.0387003
0 0.649953 0.751093 0.0153202 0.0394174 0.0385782
0 0.815942 0.116337 0.0199667 0.0213042 0.0313226
0 0.577384 0.62576 0.0146247 0.0234563 0.0306765
0 0.390226 0.401217 0.44159 0.802433 0.0264193
0 0.204672 0.36655 0.15655 0.733101 0.026315
0 0.560087 0.595588 0.0242733 0.0489813 0.0257213
0 0.568089 0.603201 0.0481065 0.067106 0.0245617
0 0.327132 0.494951 0.28046 0.505707 0.0241241
0 0.257376 0.430018 0.184801 0.45008 0.0230197
0 0.211628 0.430291 0.138084 0.412416 0.0227111
0 0.559882 0.605285 0.0314496 0.0536087 0.0219173
0 0.326333 0.610203 0.214984 0.453698 0.0187058
0 0.577142 0.628347 0.0103984 0.0162588 0.0170621
0 0.600278 0.679021 0.0172273 0.0212605 0.0168221
0 0.203973 0.232173 0.110275 0.263488 0.0166943
0 0.571873 0.597664 0.026194 0.0580755 0.012062
0 0.56146 0.584689 0.0190675 0.0474298 0.0115665
0 0.200714 0.0876274 0.120497 0.155626 0.0106554
0 0.563612 0.588926 0.0265509 0.0691507 0.0101632
0 0.236768 0.305616 0.0518752 0.308655 0.00999109
0 0.221029 0.114246 0.190227 0.215198 0.00884848
0 0.154588 0.0344475 0.0323661 0.0437354 0.00773532
0 0.221686 0.285457 0.107012 0.310523 0.0074479
0 0.820715 0.114951 0.0192447 0.0144901 0.00713301
0 0.230409 0.420928 0.0952377 0.621103 0.00681835
0 0.576181 0.604258 0.077126 0.127857 0.00669173
0 0.170516 0.281827 0.0264903 0.101678 0.00665923
0 0.39549 0.791337 0.0694512 0.060413 0.00627986
0 0.214326 0.601376 0.428652 0.585394 0.00624143
0 0.579895 0.632709 0.0130421 0.0135379 0.00597367
0 0.585361 0.617649 0.0664691 0.0884785 0.00596781
0 0.385975 0.394464 0.407782 0.475507 0.00595408
0 0.598844 0.676357 0.0232297 0.0235955 0.00543672
0 0.979749 0.13017 0.0208319 0.0420908 0.00540565
0 0.394857 0.780747 0.0565634 0.063687 0.00539394
0 0.188863 0.287573 0.07596 0.320372 0.00525447
0 0.391877 0.774943 0.0705921 0.0872376 0.00520636
0 0.272733 0.283383 0.252468 0.566765 0.00488466
0 0.994671 0.256894 0.00746063 0.0225259 0.00481913
0 0.154117 0.03039 0.0260455 0.0278598 0.00444892
0 0.992195 0.257448 0.00993094 0.0210824 0.00404151
0 0.174044 0.288666 0.0474132 0.167466 0.00398037
0 0.570194 0.620979 0.0329348 0.0681212 0.00396333
0 0.574123 0.622772 0.0237911 0.042387 0.00372022
0 0.172229 0.302827 0.050422 0.264171 0.00362511
0 0.345992 0.693413 0.183522 0.29643 0.00350859
0 0.24583 0.243873 0.144461 0.475416 0.00350716
0 0.156236 0.0234301 0.0274059 0.0204562 0.0034406
0 0.174686 0.290335 0.0294235 0.128312 0.00340074
0 0.189347 0.205495 0.142095 0.370209 0.00329126
0 0.111961 0.433854 0.223921 0.466562 0.00317064
0 0.499905 0.448306 0.606869 0.688438 0.00310023
0 0.160076 0.0617207 0.0430687 0.118325 0.00299181
0 0.646337 0.738042 0.0221587 0.0551611 0.00297846
0 0.603943 0.684196 0.0150968 0.0313857 0.00291943
0 0.207345 0.498144 0.281257 0.650564 0.00283865
0 0.22716 0.278985 0.0537022 0.257908 0.00279792
0 0.15342 0.0474111 0.0260733 0.0654333 0.00275125
0 0.0796014 0.404431 0.159203 0.759873 0.00263869
0 0.175224 0.0789271 0.0762241 0.139936 0.00245944
0 0.175444 0.282036 0.0337581 0.0708466 0.00241641
0 0.816823 0.123899 0.035988 0.0790072 0.0024067
0 0.588576 0.625298 0.0960943 0.157062 0.00240131
0 0.983402 0.124185 0.0215248 0.0464093 0.00237909
0 0.22656 0.484244 0.0981617 0.197747 0.00222976
0 0.995743 0.259459 0.00851371 0.0291295 0.00220415
0 0.227249 0.442725 0.0759735 0.101617 0.00217233
0 0.230439 0.430664 0.0603121 0.233606 0.00216652
0 0.381703 0.749255 0.0949029 0.150467 0.00216356
0 0.394386 0.801943 0.0624254 0.0367819 0.00210745
0 0.652104 0.758552 0.012648 0.0366387 0.00209889
0 0.993581 0.251654 0.0113627 0.0297393 0.00206638
0 0.8137 0.108579 0.0231115 0.0304894 0.00204568
0 0.220714 0.47044 0.0684783 0.0614828 0.00198304
0 0.282466 0.280489 0.192197 0.488665 0.00197766
0 0.62744 0.569899 0.010865 0.0203312 0.00193947
0 0.370259 0.730511 0.118532 0.201001 0.0018766
0 0.379557 0.544441 0.556476 0.535894 0.00185851
0 0.179141 0.204235 0.210767 0.408471 0.00183789
0 0.59838 0.68391 0.0140392 0.033444 0.00180541
0 0.246002 0.335839 0.033188 0.297529 0.00180468
0 0.558494 0.576748 0.0192947 0.0331544 0.00179547
0 0.654254 0.291229 0.316209 0.245881 0.00174755
0 0.563534 0.587149 0.0560309 0.0905065 0.00174556
0 0.590073 0.598201 0.216317 0.295405 0.00173773
0 0.994713 0.248761 0.0105733 0.0337998 0.00164483
0 0.216776 0.486592 0.200915 0.394383 0.00164467
0 0.582508 0.581148 0.0734956 0.121489 0.00155734
0 0.810639 0.121835 0.0436108 0.0344582 0.00154876
0 0.564278 0.623908 0.0802923 0.148799 0.00154839
0 0.640913 0.746128 0.0308579 0.0503464 0.00154247
0 0.253132 0.290157 0.0471149 0.167537 0.00153023
0 0.724791 0.959073 0.0100817 0.0413042 0.00148165
0 0.554333 0.959973 0.0664881 0.0534561 0.001465
0 0.804894 0.114949 0.0315858 0.0292135 0.00145282
0 0.983852 0.136511 0.0210828 0.0444768 0.00142534
0 0.16618 0.291288 0.0245821 0.0952444 0.0014046
0 0.893448 0.655558 0.205403 0.403251 0.00139708
0 0.383951 0.804978 0.0442292 0.0257921 0.00138413
0 0.600224 0.683548 0.0314862 0.0708624 0.00133895
0 0.99588 0.255168 0.00824097 0.0255048 0.00132122
0 0.251749 0.293925 0.0625466 0.282989 0.00128917
0 0.280421 0.165237 0.294395 0.330474 0.00126416
0 0.562701 0.580731 0.0339498 0.0948414 0.00126036
0 0.656484 0.25932 0.227641 0.224891 0.00125685
0 0.239596 0.494292 0.105114 0.387102 0.00123217
0 0.586289 0.614416 0.0481667 0.0730368 0.0012246
0 0.812857 0.108008 0.036499 0.0330193 0.00121824
0 0.22794 0.749334 0.45588 0.445462 0.00118459
0 0.152462 0.0615446 0.0317517 0.0779976 0.00115175
0 0.647382 0.758901 0.0190314 0.0461752 0.00113246
0 0.611101 0.615811 0.0296842 0.0518747 0.0011191
0 0.223232 0.477643 0.067665 0.109563 0.00111294
0 0.589995 0.575088 0.115566 0.209014 0.00110951
0 0.221793 0.460244 0.0582976 0.0407177 0.00110457
0 0.649856 0.737348 0.0176947 0.0458035 0.00107674
0 0.811089 0.121749 0.0254995 0.034388 0.0010663
0 0.0767324 0.390014 0.153465 0.439123 0.00105363
0 0.122667 0.495918 0.245334 0.707498 0.00105176
0 0.804374 0.113979 0.0517159 0.0346557 0.00104284
0 0.598257 0.608657 0.0775376 0.0951279 0.00102132
0 0.220612 0.40371 0.0859993 0.245321 0.00101896
0 0.55823 0.576332 0.0162264 0.0213878 0.0010111
0 0.17681 0.108087 0.188901 0.216174 0.00100144
0 0.783874 0.11224 0.021421 0.024648 0.00100027
