0 0.940502 0.864463 0.0339735 0.0323576 0.83714
0 0.898291 0.832091 0.0289366 0.0344751 0.796487
0 0.615272 0.619363 0.0319562 0.0280577 0.762477
0 0.457946 0.513846 0.0285541 0.0244468 0.709666
0 0.726576 0.699475 0.0361073 0.0322305 0.705365
0 0.499172 0.206634 0.0162514 0.0170886 0.692189
0 0.676445 0.660345 0.0397342 0.0351294 0.671611
0 0.644207 0.634399 0.0155429 0.0199967 0.477057
0 0.940423 0.859997 0.0261461 0.0268375 0.38821
0 0.825257 0.750659 0.0241308 0.0192327 0.337932
0 0.457331 0.507596 0.0252851 0.0376751 0.329247
0 0.0440227 0.188331 0.0180656 0.0152528 0.251843
0 0.665435 0.654497 0.043307 0.0382836 0.141793
0 0.40766 0.122952 0.0120873 0.0131235 0.141381
0 0.636183 0.627215 0.0243285 0.0180803 0.133756
0 0.729751 0.704203 0.0392307 0.0556152 0.128093
0 0.946317 0.867254 0.0227884 0.033787 0.113998
0 0.633048 0.626392 0.0267492 0.0255163 0.109477
0 0.942251 0.868239 0.0352203 0.0500845 0.0944574
0 0.757309 0.707802 0.0407299 0.0324726 0.0938927
0 0.614749 0.621929 0.036698 0.0486595 0.0926243
0 0.734726 0.702998 0.0471145 0.0385511 0.0853199
0 0.637666 0.633817 0.0359018 0.0349815 0.0815293
0 0.665625 0.658938 0.0297205 0.03855 0.0758071
0 0.753024 0.712437 0.0856786 0.0553812 0.0752122
0 0.641245 0.638593 0.0222773 0.0246811 0.0712573
0 0.892434 0.833093 0.0212799 0.0337065 0.0608363
0 0.459309 0.511929 0.0328279 0.0502311 0.0554732
0 0.606084 0.613579 0.0616495 0.0522365 0.0541899
0 0.752863 0.715169 0.0406595 0.028213 0.0519636
0 0.649062 0.64214 0.0181575 0.0184756 0.0500433
0 0.684928 0.661902 0.0373276 0.0297194 0.0491485
0 0.670234 0.651818 0.0774182 0.0474456 0.0354262
0 0.498871 0.206938 0.0216441 0.0218023 0.0350239
0 0.0640407 0.149261 0.0156806 0.034041 0.0348748
0 0.0643129 0.152405 0.0155269 0.0205862 0.0330101
0 0.71315 0.673822 0.0827934 0.0497693 0.0320911
0 0.672942 0.664419 0.0284174 0.0272243 0.0320671
0 0.766614 0.706848 0.0246487 0.026708 0.0306261
0 0.805758 0.454774 0.0526608 0.0201564 0.0303702
0 0.665404 0.65275 0.0525523 0.0567996 0.0296926
0 0.899045 0.839083 0.0255302 0.0301413 0.0287666
0 0.587498 0.607987 0.114376 0.0570727 0.0269025
0 0.746778 0.714713 0.0439171 0.0359023 0.0267278
0 0.617406 0.618301 0.11172 0.0569554 0.0265372
0 0.0451077 0.190657 0.0228361 0.0221172 0.0260899
0 0.410385 0.121819 0.0152433 0.0150759 0.025812
0 0.464463 0.512966 0.0262453 0.0246675 0.0255083
0 0.643964 0.629311 0.0179138 0.0115168 0.0249818
0 0.752967 0.705502 0.0610345 0.0346266 0.024835
0 0.458305 0.520089 0.0260198 0.021613 0.0231764
0 0.365804 0.413362 0.0137844 0.0184055 0.0227785
0 0.756112 0.722737 0.0615173 0.0460875 0.0212662
0 0.569207 0.602561 0.0792133 0.056722 0.0201293
0 0.932477 0.853677 0.0359491 0.0341915 0.0194332
0 0.459161 0.500769 0.027493 0.0554226 0.0185231
0 0.359752 0.385887 0.00977187 0.0140219 0.0178179
0 0.637348 0.635509 0.0517796 0.0645102 0.0177288
0 0.765358 0.719514 0.121651 0.0738599 0.0177261
0 0.560478 0.594314 0.0632749 0.0452571 0.0165227
0 0.680159 0.670051 0.0217777 0.0193772 0.0157046
0 0.647975 0.646935 0.0470227 0.0348038 0.0145324
0 0.75127 0.712622 0.128644 0.110127 0.0130962
0 0.726281 0.691052 0.0257176 0.0315913 0.0123961
0 0.491717 0.554081 0.00937862 0.0151984 0.010621
0 0.802217 0.45311 0.0413692 0.0145614 0.0102432
0 0.659427 0.648487 0.134072 0.12343 0.010187
0 0.60289 0.613601 0.0474555 0.0342211 0.00973861
0 0.0409921 0.187241 0.0195765 0.0194001 0.00909657
0 0.747798 0.722124 0.0580675 0.0355595 0.00833143
0 0.890727 0.835492 0.0367001 0.0338459 0.00826086
0 0.950635 0.872505 0.0187042 0.030373 0.00813011
0 0.772034 0.716338 0.0796995 0.0550272 0.00780541
0 0.612991 0.626981 0.146098 0.107607 0.00766024
0 0.722353 0.687453 0.0261426 0.0225151 0.00751531
0 0.67474 0.670614 0.0152401 0.020768 0.00740807
0 0.899367 0.843286 0.0309135 0.0526182 0.00737182
0 0.590634 0.609613 0.144083 0.0975939 0.00732682
0 0.940419 0.865243 0.0517324 0.0369589 0.00703243
0 0.618204 0.634604 0.050276 0.0477688 0.00677836
0 0.851796 0.766679 0.00867653 0.0140895 0.00676597
0 0.648185 0.647386 0.0292304 0.0314871 0.00663334
0 0.456146 0.489414 0.0177271 0.0353265 0.00662042
0 0.771686 0.707998 0.0207475 0.0243761 0.00653176
0 0.779816 0.733758 0.112609 0.0725673 0.0065175
0 0.553331 0.593052 0.0484151 0.0345386 0.00648679
0 0.404299 0.123253 0.0147117 0.0164624 0.00647086
0 0.454219 0.495806 0.0231391 0.0346307 0.00642079
0 0.707343 0.684188 0.128771 0.131132 0.0063074
0 0.603827 0.614749 0.0320312 0.029206 0.00617112
0 0.945994 0.872018 0.0334417 0.0317682 0.00565855
0 0.674426 0.667484 0.0417494 0.0534992 0.00561511
0 0.365406 0.40855 0.0124096 0.0230986 0.00561425
0 0.0627759 0.147324 0.0270605 0.0381959 0.00536025
0 0.815505 0.75225 0.0264904 0.0258912 0.00533399
0 0.911377 0.844964 0.0589289 0.0479576 0.00507275
0 0.933523 0.853799 0.0216373 0.0236694 0.00503849
0 0.939162 0.871534 0.0272196 0.0388187 0.00498673
0 0.407793 0.123626 0.0168096 0.0217088 0.00496098
0 0.908726 0.830584 0.0416382 0.0336897 0.00495312
0 0.750279 0.700244 0.262824 0.215654 0.00486546
0 0.462367 0.515394 0.048916 0.0396755 0.0044611
0 0.252537 0.343474 0.0167583 0.0183557 0.00435053
0 0.547277 0.589032 0.0351298 0.0361519 0.00429687
0 0.466309 0.51749 0.033309 0.0515079 0.00399369
0 0.0471809 0.17742 0.0286793 0.0443438 0.00375317
0 0.650141 0.649149 0.0631501 0.0623711 0.00375013
0 0.823643 0.748726 0.0394789 0.0540699 0.00361534
0 0.607866 0.605795 0.0807145 0.0510404 0.00358648
0 0.252263 0.344737 0.010874 0.0240788 0.00357156
0 0.130269 0.17237 0.0109128 0.0211675 0.00353441
0 0.635832 0.64737 0.073583 0.0425711 0.003477
0 0.646911 0.64594 0.267013 0.215233 0.00340379
0 0.604971 0.623709 0.0735085 0.0493877 0.00326171
0 0.93121 0.856597 0.0435123 0.0690517 0.0032543
0 0.693282 0.666476 0.0535844 0.0283669 0.00322592
0 0.130354 0.173187 0.0181419 0.0220028 0.00320468
0 0.1268 0.158191 0.0186451 0.0189831 0.00312842
0 0.501599 0.212977 0.0304494 0.0595608 0.00311428
0 0.900301 0.496352 0.00857544 0.0122752 0.00292533
0 0.255926 0.344548 0.0128414 0.0206503 0.00291188
0 0.898741 0.833577 0.0499636 0.0449139 0.002889
0 0.764359 0.726713 0.0603134 0.0756794 0.00282402
0 0.595814 0.602776 0.236339 0.208844 0.00277883
0 0.733973 0.689751 0.0947545 0.0632513 0.00275751
0 0.617542 0.634175 0.0239931 0.0413293 0.00274403
0 0.834169 0.0209287 0.0106995 0.0117944 0.00273171
0 0.851745 0.764667 0.0128265 0.0166247 0.0027153
0 0.361119 0.390076 0.0140069 0.0158452 0.00271509
0 0.126609 0.168578 0.0172902 0.0259718 0.00266217
0 0.724401 0.708797 0.0366363 0.0355835 0.00261454
0 0.118767 0.0517071 0.0152816 0.0114749 0.00254747
0 0.777297 0.731849 0.050964 0.0593181 0.00254589
0 0.716344 0.69654 0.0197495 0.0276668 0.00251537
0 0.835307 0.756296 0.024609 0.0208597 0.00251337
0 0.610414 0.604368 0.101056 0.0681784 0.00247183
0 0.0477804 0.190195 0.0377204 0.0529978 0.00244508
0 0.253794 0.342595 0.0175886 0.0278105 0.00243048
0 0.688315 0.64489 0.286241 0.289209 0.00242064
0 0.0677199 0.143329 0.0415872 0.0462624 0.00239475
0 0.511489 0.205727 0.0410689 0.0291786 0.00236078
0 0.82806 0.75802 0.0216644 0.0267297 0.00225605
0 0.557958 0.599122 0.0443994 0.0289804 0.00212256
0 0.901997 0.497528 0.0131632 0.00838947 0.0020836
0 0.747292 0.721488 0.037513 0.0321303 0.00204212
0 0.850294 0.765139 0.00740681 0.0175807 0.00202594
0 0.361931 0.384395 0.0142138 0.0185841 0.00202003
0 0.782681 0.741855 0.075341 0.0461054 0.00196943
0 0.0603437 0.154342 0.0340323 0.079652 0.00192432
0 0.900956 0.845217 0.0188877 0.0416948 0.00190425
0 0.491789 0.208316 0.0196202 0.022489 0.00190255
0 0.0435028 0.195702 0.0263697 0.027447 0.00187689
0 0.928572 0.855875 0.0275105 0.0260057 0.00187618
0 0.782236 0.731206 0.218841 0.172705 0.0017585
0 0.690876 0.671441 0.0233824 0.0240924 0.00175105
0 0.466345 0.49631 0.037874 0.0626991 0.00174059
0 0.492031 0.207025 0.025132 0.01581 0.00170821
0 0.490763 0.204371 0.0338634 0.0224959 0.00170295
0 0.853697 0.479946 0.0123407 0.00956669 0.00169141
0 0.891909 0.824287 0.0173664 0.0223047 0.00164209
0 0.790867 0.745178 0.0498175 0.0391788 0.00162936
0 0.0444273 0.19893 0.0407645 0.0811415 0.00161654
0 0.365447 0.410621 0.0183207 0.0315492 0.00159838
0 0.62538 0.613594 0.0384917 0.036854 0.00156749
0 0.635785 0.647318 0.0400152 0.0361117 0.00155279
0 0.11734 0.0504862 0.0109656 0.0106027 0.00155216
0 0.0660175 0.138895 0.0280078 0.0418398 0.00151791
0 0.82113 0.758062 0.0325064 0.0310361 0.00151074
0 0.0562743 0.14504 0.0299222 0.0515264 0.00148716
0 0.45325 0.522218 0.0351036 0.0311893 0.0014871
0 0.71493 0.700539 0.0351582 0.0252075 0.00139916
0 0.600653 0.609032 0.0353191 0.0266256 0.00139638
0 0.715497 0.704272 0.0185722 0.0274938 0.00139206
0 0.780884 0.740177 0.0413502 0.0376137 0.00138278
0 0.928235 0.862532 0.0441566 0.0329536 0.00137049
0 0.853736 0.770944 0.0122356 0.0141482 0.00136434
0 0.40222 0.125772 0.0173577 0.0208855 0.0013373
0 0.8361 0.0205111 0.0141092 0.019656 0.00133222
0 0.259201 0.343842 0.0193497 0.0269295 0.00132481
0 0.902763 0.496896 0.0154665 0.014649 0.00128218
0 0.332102 0.22523 0.00914788 0.00650859 0.00124518
0 0.790798 0.745505 0.0293421 0.0393039 0.00124155
0 0.649026 0.660357 0.0811594 0.0465641 0.00123896
0 0.402945 0.12893 0.0234409 0.0287619 0.00122916
0 0.666086 0.64018 0.0399604 0.0309881 0.001222
0 0.333299 0.227673 0.0106819 0.00758066 0.00122196
0 0.947386 0.877239 0.0386503 0.0466244 0.00121844
0 0.773003 0.713607 0.0286168 0.0459619 0.00121001
0 0.120255 0.0501666 0.0169541 0.0173618 0.00119581
0 0.404181 0.121395 0.0275966 0.0262207 0.00119375
0 0.715654 0.681899 0.0183784 0.0243186 0.00117544
0 0.0494802 0.17403 0.0426722 0.0847979 0.00115743
0 0.907111 0.850532 0.0969357 0.141518 0.00115436
0 0.740226 0.680112 0.153686 0.159416 0.00113831
0 0.066786 0.158541 0.0175029 0.0235351 0.00113656
0 0.941571 0.883786 0.0438963 0.0483961 0.00110608
0 0.634733 0.647456 0.0272141 0.027281 0.00109517
0 0.928262 0.872234 0.0594852 0.0423229 0.00108865
0 0.460464 0.487181 0.0233684 0.0433781 0.0010583
0 0.799389 0.45149 0.0458576 0.0247974 0.00103576
0 0.132793 0.174787 0.0092886 0.0148869 0.00103004
0 0.360527 0.396586 0.0159494 0.0404917 0.00101758
0 0.727851 0.710783 0.101571 0.0675102 0.00100581
0 0.133325 0.175492 0.0154771 0.0164418 0.00100556
