0 0.235293 0.143997 0.250523 0.105175 0.822006
0 0.799294 0.856677 0.206217 0.105689 0.769175
0 0.253287 0.154769 0.169052 0.105462 0.0201512
0 0.22659 0.125647 0.282717 0.158441 0.0164542
0 0.214956 0.126106 0.242021 0.0708763 0.0129754
0 0.233599 0.133823 0.157622 0.0825779 0.011804
0 0.239343 0.172339 0.237331 0.124429 0.0117154
0 0.774322 0.84627 0.147838 0.074157 0.00921845
0 0.799803 0.8786 0.171308 0.0852312 0.00826684
0 0.280262 0.139844 0.178104 0.0897011 0.00758951
0 0.784356 0.829646 0.174523 0.0614534 0.0058785
0 0.834682 0.880573 0.157382 0.065556 0.00497717
0 0.796977 0.855786 0.0920363 0.097916 0.00457745
0 0.351399 0.109378 0.019834 0.0166882 0.00443982
0 0.3061 0.138784 0.111795 0.082584 0.00354939
0 0.236526 0.363501 0.0157133 0.0117504 0.0035457
0 0.232939 0.101609 0.256484 0.063514 0.00312958
0 0.193168 0.139271 0.191453 0.0896126 0.00291855
0 0.275859 0.201586 0.0319858 0.0223639 0.00286789
0 0.119459 0.121458 0.0341386 0.0144234 0.00276291
0 0.924376 0.0256193 0.0179724 0.00880948 0.00247434
0 0.816157 0.836897 0.171405 0.0784733 0.00246157
0 0.233962 0.22458 0.215357 0.306254 0.00214811
0 0.276738 0.203256 0.0210432 0.0199746 0.00200368
0 0.926444 0.0254807 0.0161442 0.0132513 0.00199269
0 0.37927 0.556747 0.135168 0.0644727 0.00194391
0 0.856227 0.881578 0.0907688 0.0572346 0.00193944
0 0.91649 0.257387 0.0175077 0.00821805 0.0018736
0 0.806616 0.898578 0.182211 0.134271 0.00179753
0 0.212614 0.126214 0.15605 0.0612229 0.00174638
0 0.346896 0.114694 0.0283336 0.0300778 0.00163265
0 0.114013 0.121137 0.0227794 0.0124448 0.00146103
0 0.126965 0.121329 0.0517464 0.0193049 0.00141926
0 0.81978 0.876546 0.285818 0.158941 0.00139993
0 0.160227 0.120462 0.109059 0.0402433 0.00136382
0 0.30928 0.150234 0.145881 0.0962467 0.00134367
0 0.694886 0.40884 0.133396 0.0619692 0.00129445
0 0.327141 0.136086 0.0740979 0.0732385 0.00124279
0 0.817887 0.847781 0.093054 0.0774036 0.00123216
0 0.832847 0.0774602 0.0131384 0.011245 0.00122466
0 0.878177 0.870721 0.0387342 0.0357388 0.00114455
0 0.928051 0.0246914 0.0193037 0.018483 0.00104872
0 0.0906142 0.443747 0.0276595 0.00994844 0.00103259
