0 0.507785 0.504505 0.167723 0.0688883 0.828149
0 0.736806 0.966661 0.0191375 0.0217361 0.394903
0 0.820271 0.342101 0.207166 0.0687594 0.238993
0 0.538937 0.278656 0.0289307 0.0175703 0.144594
0 0.541632 0.570636 0.0342577 0.0231069 0.109103
0 0.500843 0.501551 0.185827 0.148202 0.0965474
0 0.509795 0.505796 0.0977777 0.0655397 0.0528776
0 0.315885 0.402266 0.0127482 0.0137815 0.0399938
0 0.783299 0.350496 0.287948 0.0687321 0.0391787
0 0.560241 0.632103 0.0150735 0.0104092 0.0389575
0 0.858935 0.334322 0.180542 0.0509653 0.0385764
0 0.538991 0.281213 0.0353635 0.0253763 0.0280658
0 0.449815 0.209149 0.0260095 0.0329432 0.025432
0 0.810846 0.35002 0.279342 0.147725 0.0202135
0 0.631514 0.121628 0.0976902 0.0304573 0.020187
0 0.739963 0.966228 0.0282412 0.025559 0.0188102
0 0.738842 0.970484 0.0190928 0.0249254 0.0146302
0 0.832648 0.33649 0.263367 0.0908998 0.013811
0 0.252141 0.890226 0.0797836 0.0314625 0.0126975
0 0.740272 0.150816 0.0126059 0.0108397 0.0125004
0 0.315101 0.11946 0.0190396 0.029989 0.0120849
0 0.0922924 0.9567 0.0939714 0.0724312 0.0117603
0 0.836932 0.360704 0.227722 0.0854489 0.0115885
0 0.330432 0.427377 0.0136716 0.0128267 0.0103134
0 0.410541 0.907636 0.0277327 0.0170912 0.00997817
0 0.548574 0.629259 0.0380381 0.0188942 0.00953065
0 0.856175 0.325881 0.151845 0.0338027 0.00916204
0 0.330284 0.42459 0.0107803 0.0143714 0.00889078
0 0.865746 0.719355 0.0124563 0.0134129 0.00851938
0 0.473575 0.5071 0.136639 0.07349 0.00805063
0 0.504828 0.481363 0.172313 0.0754334 0.00721986
0 0.201738 0.841019 0.0155694 0.0123535 0.0069471
0 0.486147 0.0586745 0.0235474 0.0160604 0.00686125
0 0.540003 0.574483 0.0422144 0.0581332 0.00634711
0 0.738654 0.968822 0.0287324 0.0510998 0.00628366
0 0.83382 0.32051 0.32291 0.155103 0.00580178
0 0.554283 0.505074 0.0880959 0.0410931 0.00542091
0 0.815799 0.332496 0.157605 0.0647598 0.00508245
0 0.950169 0.716152 0.0259321 0.0441424 0.00493341
0 0.380917 0.662209 0.153537 0.042088 0.0046311
0 0.951171 0.117574 0.0107712 0.0151745 0.00440046
0 0.74254 0.152895 0.0137095 0.00956535 0.00402299
0 0.256575 0.882958 0.0732545 0.0224646 0.00349852
0 0.543563 0.287529 0.0521043 0.0513485 0.00348924
0 0.503399 0.731349 0.0238895 0.0185707 0.00345343
0 0.772786 0.368242 0.300825 0.08824 0.00328503
0 0.95616 0.71649 0.0462597 0.053404 0.00327553
0 0.841338 0.380055 0.313192 0.161654 0.00327383
0 0.20366 0.843201 0.0154202 0.0149015 0.00315986
0 0.0553379 0.959688 0.0786331 0.0750597 0.0030418
0 0.523517 0.559505 0.132305 0.101501 0.00288097
0 0.564576 0.633743 0.0144176 0.0116404 0.00287553
0 0.736354 0.959756 0.0216856 0.0293613 0.00284686
0 0.540254 0.627237 0.0437382 0.0269223 0.00275667
0 0.41413 0.91109 0.0271047 0.022279 0.0027033
0 0.241271 0.881748 0.102728 0.0341997 0.00259102
0 0.469289 0.498663 0.103438 0.0610569 0.00257696
0 0.165118 0.0202339 0.0158201 0.0117127 0.00252505
0 0.447931 0.212492 0.0331285 0.0492933 0.00251431
0 0.743901 0.366557 0.0459085 0.0151604 0.00242969
0 0.556059 0.628169 0.03216 0.0243966 0.00240515
0 0.723541 0.353037 0.463373 0.0898073 0.00240234
0 0.762135 0.328955 0.333755 0.117303 0.00233231
0 0.0525853 0.992205 0.010988 0.0118513 0.00228401
0 0.632014 0.119252 0.0588193 0.0263127 0.00221826
0 0.520796 0.553028 0.147872 0.15422 0.00216266
0 0.543525 0.50281 0.116523 0.0563379 0.00213862
0 0.420921 0.0844328 0.0173287 0.0176081 0.00211578
0 0.867422 0.722269 0.0154593 0.0179175 0.00204023
0 0.542212 0.291896 0.041549 0.0354394 0.00200497
0 0.327376 0.425807 0.0152129 0.0145816 0.00198282
0 0.314883 0.317487 0.0237183 0.0140076 0.00184089
0 0.566468 0.502529 0.0720722 0.0320519 0.00182471
0 0.542136 0.968333 0.079296 0.0444185 0.00175548
0 0.555131 0.628692 0.0261465 0.0165607 0.00175158
0 0.758675 0.317059 0.414754 0.173743 0.00175134
0 0.130359 0.246413 0.102747 0.0850049 0.00172946
0 0.0732809 0.951657 0.117577 0.0966857 0.00172826
0 0.516315 0.521714 0.154472 0.0714203 0.00171783
0 0.227817 0.882837 0.133769 0.0446867 0.00169831
0 0.503559 0.581082 0.179685 0.206002 0.00166594
0 0.914193 0.129394 0.0161247 0.0200188 0.0016193
0 0.252224 0.888972 0.0906223 0.0512716 0.00157719
0 0.544634 0.574824 0.0427915 0.0342104 0.0015585
0 0.652981 0.123228 0.109756 0.0215104 0.00155496
0 0.529775 0.575235 0.0985957 0.0844383 0.0015548
0 0.952681 0.118168 0.0167423 0.018898 0.00154697
0 0.501358 0.496584 0.0579392 0.0708882 0.00153425
0 0.0527935 0.988453 0.00827527 0.018203 0.00151774
0 0.387233 0.172729 0.0245009 0.0471246 0.00150574
0 0.837648 0.427093 0.280382 0.256818 0.00149694
0 0.526587 0.526443 0.230074 0.190214 0.0014777
0 0.632159 0.118325 0.118412 0.0488273 0.00146231
0 0.434915 0.503928 0.0382324 0.0474856 0.0014532
0 0.314725 0.120913 0.0269979 0.0382906 0.00144878
0 0.842301 0.330058 0.0877863 0.0402652 0.00142588
0 0.815315 0.468286 0.0752262 0.0149668 0.00142062
0 0.264873 0.883496 0.0591978 0.016181 0.00138542
0 0.051488 0.991549 0.0104432 0.0168421 0.00135936
0 0.535355 0.563606 0.0405417 0.0418189 0.00128954
0 0.716403 0.346905 0.539686 0.170919 0.00128341
0 0.487703 0.0616382 0.0277549 0.0242286 0.00126501
0 0.0482189 0.107408 0.029395 0.0455125 0.0012552
0 0.483204 0.506349 0.0917967 0.0508457 0.00124542
0 0.431598 0.494909 0.0403871 0.034036 0.00124423
0 0.277505 0.887382 0.180087 0.0386559 0.00124217
0 0.502269 0.728162 0.02486 0.0309518 0.00121991
0 0.854304 0.323104 0.0825562 0.0297255 0.00121017
0 0.815265 0.371774 0.153345 0.117261 0.00119323
0 0.961156 0.722825 0.0599108 0.0785192 0.00119094
0 0.22454 0.645966 0.0207395 0.0147102 0.001171
0 0.728794 0.973701 0.0392001 0.0350899 0.00116459
0 0.363159 0.655419 0.147116 0.0364336 0.0011418
0 0.957008 0.967662 0.0758982 0.0454329 0.0011324
0 0.251176 0.517281 0.0373515 0.0145181 0.00112487
0 0.316158 0.401361 0.0200366 0.022531 0.00111997
0 0.424299 0.87227 0.0600105 0.0815132 0.00109012
0 0.416284 0.89268 0.044946 0.0553919 0.00105185
0 0.55261 0.57334 0.0406943 0.0259665 0.0010507
0 0.656884 0.131998 0.163826 0.0441026 0.00103931
0 0.44599 0.203797 0.0288433 0.0329365 0.0010332
0 0.438144 0.494642 0.0444519 0.051725 0.00101565
0 0.765148 0.351712 0.135964 0.0502269 0.00101061
0 0.818254 0.341295 0.0805881 0.050301 0.00100021
