0 0.516459 0.523299 0.21252 0.246535 0.685577
0 0.515949 0.606422 0.23038 0.455751 0.101736
0 0.571475 0.540355 0.340101 0.267855 0.0166145
0 0.510576 0.600213 0.182297 0.247256 0.0129396
0 0.718961 0.604062 0.0103396 0.0229325 0.0101095
0 0.53178 0.480147 0.286668 0.271225 0.00615741
0 0.716409 0.603763 0.0137839 0.0264833 0.00482527
0 0.457249 0.643439 0.370017 0.442254 0.00377285
0 0.584454 0.641629 0.401052 0.476988 0.00316153
0 0.52979 0.559523 0.163276 0.264129 0.00269778
0 0.359254 0.662094 0.518266 0.480801 0.00228364
0 0.500912 0.497356 0.158177 0.203656 0.00224732
0 0.718574 0.603186 0.0192723 0.020851 0.00197302
0 0.643934 0.590764 0.475543 0.297442 0.00190194
0 0.720024 0.60904 0.0136532 0.0292227 0.00187759
0 0.993122 0.0393078 0.0118782 0.0183286 0.00166923
0 0.473697 0.0354695 0.0364469 0.0576228 0.00145276
0 0.409461 0.551956 0.4333 0.402048 0.00143913
0 0.714453 0.60408 0.020731 0.0322758 0.0014307
0 0.952604 0.959871 0.0777082 0.0674789 0.00134148
0 0.11661 0.414168 0.23322 0.490058 0.00129476
0 0.482197 0.0352855 0.0329588 0.0648371 0.00121681
0 0.652613 0.701822 0.585218 0.462337 0.00118727
0 0.991551 0.0386418 0.00599537 0.0197231 0.0011063
0 0.506034 0.411681 0.465146 0.502139 0.00109245
0 0.721511 0.606235 0.0108905 0.0221109 0.0010261
0 0.380876 0.314093 0.243603 0.545729 0.00100978
