0 0.47896 0.969119 0.15136 0.057464 0.833406
0 0.882127 0.341382 0.0444487 0.0337035 0.797684
0 0.151115 0.360198 0.209175 0.217385 0.769409
0 0.395457 0.296771 0.0199964 0.0331151 0.716152
0 0.460946 0.697984 0.0150546 0.0302161 0.53397
0 0.197052 0.234393 0.0742285 0.111268 0.533429
0 0.110947 0.987471 0.017401 0.0184586 0.515845
0 0.220795 0.203649 0.0199022 0.0319497 0.368356
0 0.527799 0.983865 0.043818 0.0322707 0.322454
0 0.457502 0.962851 0.0971981 0.0432022 0.315593
0 0.11685 0.245503 0.0377793 0.0213195 0.219138
0 0.14333 0.462082 0.0228849 0.0192838 0.197005
0 0.113198 0.249696 0.0406377 0.0273799 0.176568
0 0.129792 0.463654 0.0552084 0.0260179 0.175955
0 0.11919 0.465502 0.0664904 0.0318645 0.110247
0 0.214641 0.204102 0.0311928 0.0371509 0.108972
0 0.446257 0.962174 0.0703848 0.0310539 0.0789827
0 0.395735 0.297379 0.0288915 0.0460575 0.0713812
0 0.125869 0.241275 0.0169486 0.015356 0.0627263
0 0.481106 0.969828 0.0896228 0.0603431 0.0606518
0 0.135398 0.464608 0.0412465 0.0189515 0.0540701
0 0.460047 0.703533 0.0185391 0.0366492 0.0515983
0 0.678477 0.889118 0.0102141 0.0132708 0.0496989
0 0.435459 0.962724 0.0436579 0.0254772 0.0465548
0 0.161875 0.317126 0.166341 0.291062 0.0402466
0 0.46038 0.703093 0.0241113 0.0504461 0.0377985
0 0.494589 0.188188 0.0152044 0.031144 0.0376129
0 0.19642 0.226739 0.0576912 0.0835222 0.0369808
0 0.477169 0.938794 0.176522 0.122412 0.0359622
0 0.890207 0.342803 0.0401201 0.0274571 0.0330341
0 0.525054 0.976349 0.0630646 0.0473024 0.0315654
0 0.67271 0.498643 0.0123437 0.0108207 0.0306101
0 0.217272 0.212007 0.0393359 0.0666622 0.028594
0 0.875362 0.346014 0.033831 0.0308369 0.0263389
0 0.460201 0.692025 0.016986 0.0205429 0.0247877
0 0.192229 0.245687 0.189571 0.18583 0.0247108
0 0.655136 0.702701 0.0101887 0.0117444 0.0239252
0 0.112069 0.452434 0.106629 0.0601755 0.0228996
0 0.391682 0.30082 0.0208253 0.0353998 0.0215435
0 0.146678 0.399971 0.176094 0.220212 0.0196215
0 0.103728 0.253477 0.0282948 0.0247735 0.0192622
0 0.11424 0.254376 0.0492454 0.0558453 0.0191649
0 0.120849 0.466015 0.0851998 0.054365 0.0188684
0 0.119335 0.241758 0.0327595 0.0181951 0.016352
0 0.109531 0.987498 0.0273651 0.0219166 0.0156385
0 0.219227 0.201811 0.031655 0.0483705 0.0156177
0 0.129378 0.241138 0.0138875 0.0121259 0.0149241
0 0.465164 0.696425 0.0296917 0.033162 0.0141809
0 0.462334 0.950219 0.217317 0.0995616 0.014013
0 0.48153 0.970367 0.165407 0.0592667 0.0139731
0 0.464497 0.70352 0.0206009 0.031211 0.0136138
0 0.655625 0.701725 0.0134332 0.0153526 0.0133697
0 0.178593 0.236645 0.0791486 0.105455 0.0129162
0 0.875593 0.352207 0.0688217 0.0856104 0.0126371
0 0.144707 0.468725 0.0245832 0.0196498 0.0116811
0 0.146958 0.46356 0.0178373 0.016638 0.0114993
0 0.493338 0.190276 0.0248196 0.0342229 0.0111463
0 0.11903 0.254089 0.0735532 0.0454311 0.0107402
0 0.199666 0.210154 0.0494521 0.0593203 0.0104482
0 0.881842 0.35519 0.0512995 0.0480573 0.00966761
0 0.4202 0.965966 0.0189605 0.0242071 0.00942334
0 0.145205 0.465523 0.0391364 0.0239085 0.00891889
0 0.410388 0.963484 0.0170945 0.0205643 0.00846016
0 0.113443 0.435971 0.159563 0.132038 0.00841804
0 0.0965251 0.435588 0.09525 0.0929057 0.00840442
0 0.399892 0.290295 0.0200111 0.0337534 0.00754535
0 0.879602 0.329475 0.0423548 0.0593053 0.00724341
0 0.870155 0.304191 0.00947342 0.0194102 0.00705433
0 0.476772 0.961608 0.0526006 0.0605877 0.00643512
0 0.111079 0.47144 0.0875014 0.0376109 0.00639796
0 0.529411 0.988142 0.0319947 0.0237151 0.0061891
0 0.506193 0.970565 0.12046 0.0588698 0.00597443
0 0.536693 0.988403 0.0291716 0.0231939 0.00588475
0 0.425697 0.963569 0.0410057 0.0267918 0.0055368
0 0.181427 0.264857 0.0413013 0.0414281 0.00549106
0 0.873183 0.306503 0.0120646 0.0181454 0.00524454
0 0.183166 0.253758 0.0460631 0.0599833 0.00521479
0 0.121933 0.407238 0.125564 0.156194 0.00509224
0 0.46359 0.691901 0.0175706 0.0260962 0.00505971
0 0.12092 0.31719 0.191769 0.239799 0.00497726
0 0.202424 0.203268 0.0455529 0.038196 0.00482664
0 0.891457 0.34824 0.0495209 0.0457047 0.00479531
0 0.108234 0.259582 0.0460025 0.0396667 0.00467724
0 0.118757 0.470223 0.0511971 0.0332336 0.00461374
0 0.394799 0.308109 0.0261697 0.038211 0.00453674
0 0.884576 0.332447 0.0806911 0.10597 0.00446027
0 0.132859 0.44811 0.11573 0.0764404 0.00426147
0 0.157944 0.0335783 0.0111612 0.0171002 0.00420511
0 0.421706 0.963057 0.0278232 0.0228182 0.00401141
0 0.113032 0.982171 0.0296324 0.0356572 0.00370229
0 0.867144 0.345126 0.0263674 0.0225248 0.00358789
0 0.122527 0.341154 0.144825 0.190115 0.00346108
0 0.186572 0.230561 0.0540335 0.0625899 0.00338321
0 0.17599 0.256647 0.07075 0.0759453 0.003371
0 0.29149 0.215248 0.0148086 0.0120195 0.00326747
0 0.224531 0.208539 0.0193622 0.0332775 0.00323252
0 0.141387 0.289227 0.193768 0.172449 0.00317624
0 0.184878 0.282248 0.112546 0.214287 0.00303765
0 0.14142 0.43194 0.282839 0.232097 0.00303418
0 0.677494 0.8861 0.0138347 0.0151342 0.00295279
0 0.202296 0.197023 0.0293666 0.0308585 0.00291854
0 0.891361 0.345366 0.2101 0.295888 0.0028601
0 0.122772 0.247939 0.0352285 0.0270174 0.0027684
0 0.844791 0.347449 0.182074 0.26771 0.0026616
0 0.111533 0.28055 0.0861821 0.0819153 0.00263301
0 0.454784 0.697419 0.0186844 0.0316583 0.00258096
0 0.466037 0.711052 0.0326459 0.0624082 0.00255713
0 0.11026 0.476184 0.121932 0.144564 0.00250717
0 0.102094 0.416004 0.111471 0.120981 0.00249592
0 0.115469 0.283818 0.112716 0.115245 0.0024846
0 0.522665 0.959863 0.130013 0.0802731 0.00246907
0 0.464932 0.958213 0.0542107 0.0493731 0.00240459
0 0.490341 0.184214 0.021319 0.0315867 0.00234186
0 0.383632 0.296783 0.0310381 0.0331662 0.00230177
0 0.178523 0.242767 0.0458836 0.0907126 0.00229004
0 0.103504 0.987869 0.0201977 0.019408 0.00221902
0 0.0989624 0.464923 0.074482 0.047519 0.00221069
0 0.0194036 0.426563 0.0268745 0.030172 0.00217342
0 0.10236 0.985543 0.0319023 0.0182894 0.00217257
0 0.195104 0.263632 0.069977 0.0750912 0.00215027
0 0.176386 0.254897 0.0276705 0.0567627 0.00209885
0 0.494289 0.189851 0.0312572 0.0525786 0.00208813
0 0.470237 0.953104 0.135607 0.043355 0.0020875
0 0.446828 0.970337 0.0925194 0.0440975 0.00204522
0 0.482156 0.954439 0.156098 0.0632141 0.00199539
0 0.453984 0.694236 0.0278144 0.0287097 0.00199269
0 0.393218 0.299952 0.058307 0.0416428 0.00192948
0 0.10161 0.990475 0.0178179 0.0190495 0.00191552
0 0.0957948 0.312178 0.126207 0.176507 0.00190663
0 0.49709 0.18473 0.0170523 0.0271296 0.00186595
0 0.143223 0.409051 0.176954 0.123449 0.00186411
0 0.695282 0.968062 0.0214184 0.0334198 0.00181007
0 0.504886 0.962756 0.144152 0.0681101 0.00179064
0 0.87289 0.316645 0.023123 0.0342998 0.00178744
0 0.217513 0.219875 0.0988327 0.106237 0.00175181
0 0.389363 0.28991 0.0276215 0.03895 0.0017502
0 0.482034 0.937775 0.176236 0.0966732 0.00171417
0 0.887995 0.360586 0.0640398 0.0664501 0.00170464
0 0.676745 0.890834 0.0172989 0.0230762 0.00170324
0 0.117898 0.973806 0.0357316 0.0523884 0.00168299
0 0.153097 0.370341 0.18095 0.133102 0.0016746
0 0.976542 0.0299222 0.018928 0.0127165 0.00164818
0 0.492995 0.195921 0.0188625 0.0382385 0.00163258
0 0.169511 0.335286 0.173487 0.130321 0.00162071
0 0.895663 0.342545 0.038096 0.0373271 0.00160147
0 0.658899 0.702949 0.0144995 0.0128392 0.001534
0 0.154136 0.0318853 0.0166391 0.0202261 0.0015136
0 0.159845 0.0320864 0.0154484 0.0213433 0.00151315
0 0.149143 0.468307 0.0697994 0.0795998 0.00150771
0 0.109165 0.978803 0.0211983 0.0217724 0.00141444
0 0.693897 0.281256 0.0506172 0.0216228 0.00140874
0 0.983951 0.00460536 0.0250662 0.00921072 0.00140517
0 0.444735 0.953735 0.0796793 0.0368881 0.00139066
0 0.098832 0.464728 0.0461987 0.0457458 0.00138911
0 0.163753 0.217447 0.202657 0.174882 0.00137902
0 0.874605 0.336224 0.0605951 0.0441669 0.00135005
0 0.453324 0.700363 0.0404729 0.0350101 0.00134947
0 0.215313 0.96888 0.0442299 0.0424515 0.00133152
0 0.0981755 0.349974 0.196351 0.261907 0.00132892
0 0.200778 0.311365 0.117572 0.200141 0.00132813
0 0.0779252 0.43672 0.0609713 0.0794065 0.00131882
0 0.528144 0.984999 0.0573277 0.0300015 0.00129386
0 0.465439 0.705187 0.0523195 0.0484462 0.00128705
0 0.233102 0.350639 0.383539 0.357187 0.00127892
0 0.790552 0.96788 0.0339746 0.0349606 0.00127371
0 0.381672 0.304087 0.039821 0.0395044 0.00127017
0 0.184437 0.273492 0.0486536 0.0474474 0.00124774
0 0.506315 0.973577 0.0776134 0.0528457 0.00123595
0 0.869916 0.304179 0.0186913 0.0246659 0.00116597
0 0.897252 0.334267 0.0362843 0.0268568 0.00113727
0 0.0831107 0.30725 0.166221 0.229051 0.00112219
0 0.489791 0.970711 0.0536675 0.058579 0.00110713
0 0.154955 0.0282445 0.0115264 0.0226734 0.0011052
0 0.873821 0.319842 0.0388535 0.0409411 0.00110042
0 0.382731 0.294665 0.0435558 0.0426662 0.00109164
0 0.101025 0.469637 0.109647 0.0532428 0.00108202
0 0.217434 0.309141 0.259671 0.290902 0.00107736
0 0.864956 0.349235 0.0480036 0.0288494 0.00107315
0 0.670535 0.500937 0.0221278 0.0214629 0.00107314
0 0.174361 0.434641 0.249293 0.353134 0.00106025
0 0.685612 0.282314 0.0593092 0.0299523 0.00102973
0 0.518477 0.990362 0.0574917 0.0192757 0.00102636
0 0.109576 0.240379 0.0548667 0.0403814 0.00102563
0 0.429092 0.972458 0.139721 0.0504894 0.00102451
0 0.453877 0.70427 0.0224504 0.0374588 0.00102404
0 0.00504214 0.00757365 0.0100843 0.0123965 0.0010149
