0 0.499052 0.494242 0.0908065 0.170293 0.800543
0 0.500978 0.497112 0.165553 0.196823 0.135647
0 0.498614 0.524337 0.0818147 0.1173 0.0505588
0 0.532432 0.445707 0.0146875 0.0482445 0.0172574
0 0.499177 0.476243 0.0762063 0.119888 0.00795912
0 0.528074 0.455176 0.0223324 0.0460605 0.00674022
0 0.523322 0.448061 0.0348809 0.0713404 0.00650495
0 0.481008 0.50743 0.0866236 0.137603 0.00521272
0 0.488065 0.539407 0.0687387 0.0936616 0.00418566
0 0.122466 0.74769 0.0103 0.0328134 0.00395632
0 0.528482 0.462588 0.0348801 0.0975344 0.00380047
0 0.883784 0.609851 0.00694122 0.014748 0.00334118
0 0.464393 0.00532457 0.0164196 0.00957072 0.00290174
0 0.529572 0.473534 0.204871 0.212809 0.00264429
0 0.473919 0.469572 0.193091 0.209877 0.00252946
0 0.533412 0.456752 0.0233552 0.0723225 0.0020826
0 0.516699 0.496406 0.0828391 0.134639 0.0020674
0 0.123419 0.748497 0.0158825 0.0290189 0.00188939
0 0.0743376 0.989574 0.0142141 0.0208517 0.00177318
0 0.493575 0.45045 0.115354 0.209878 0.00170837
0 0.660149 0.00982034 0.0408216 0.0134593 0.00167821
0 0.668148 0.0103739 0.0199261 0.0116716 0.00166125
0 0.579214 0.496006 0.268581 0.230964 0.00161179
0 0.121354 0.752748 0.0155472 0.0384258 0.00161104
0 0.669116 0.0100278 0.0321389 0.0134667 0.00152941
0 0.127579 0.163959 0.00443423 0.0161283 0.00147756
0 0.878904 0.609918 0.0117651 0.0231766 0.00143616
0 0.886499 0.605965 0.00928421 0.0255512 0.00140174
0 0.829556 0.416943 0.011356 0.0428802 0.00139527
0 0.47177 0.55557 0.0306 0.0474172 0.00139084
0 0.471466 0.530637 0.16654 0.165005 0.00135207
0 0.838792 0.00570623 0.0167154 0.00840161 0.00130469
0 0.831775 0.0205602 0.0147411 0.0276547 0.00122728
0 0.835685 0.00555005 0.0135597 0.0111001 0.00117935
0 0.678213 0.514469 0.0156032 0.0438098 0.001163
0 0.127703 0.168303 0.00490582 0.0204295 0.0011256
0 0.125104 0.747157 0.0174423 0.0434694 0.00112509
0 0.419909 0.487937 0.232349 0.173186 0.0011071
0 0.837396 0.0207948 0.014275 0.0242614 0.00109933
0 0.0083544 0.0123551 0.0130762 0.0133699 0.00106339
0 0.837853 0.025044 0.0107985 0.0271334 0.00105592
0 0.882767 0.613629 0.0156925 0.0140204 0.00104681
0 0.533972 0.437021 0.015848 0.0455258 0.00102295
0 0.617563 0.010088 0.0189303 0.0151639 0.00102039
