0 0.394022 0.436474 0.108982 0.0429449 0.620111
0 0.395471 0.445948 0.13207 0.0842558 0.0837871
0 0.795247 0.376146 0.0150608 0.0112784 0.0287276
0 0.793182 0.374471 0.0101458 0.0121208 0.0275899
0 0.39118 0.43302 0.0602716 0.0459512 0.0239466
0 0.393226 0.451225 0.219178 0.203745 0.0168288
0 0.421908 0.440921 0.154294 0.0590038 0.0149497
0 0.8152 0.192189 0.0122269 0.0147912 0.0144136
0 0.815886 0.192036 0.0119148 0.00940795 0.0128059
0 0.384626 0.428756 0.0980559 0.0348131 0.0121742
0 0.394584 0.447169 0.0915618 0.0448256 0.00880142
0 0.745726 0.373963 0.0163565 0.00996306 0.00693434
0 0.427592 0.454117 0.190304 0.0793694 0.00526052
0 0.303542 0.937242 0.0127261 0.00993195 0.00519424
0 0.392011 0.475321 0.121952 0.122302 0.0051514
0 0.745818 0.376737 0.0171158 0.00955665 0.00454436
0 0.165954 0.756428 0.0118621 0.0117644 0.00425162
0 0.46905 0.462891 0.25479 0.105438 0.00422591
0 0.178168 0.478414 0.0144695 0.010759 0.00403001
0 0.790995 0.37691 0.0108215 0.013265 0.00397726
0 0.747584 0.374666 0.0191255 0.0145023 0.00395199
0 0.0877306 0.0212457 0.0187208 0.0241471 0.00334313
0 0.373166 0.433457 0.0534705 0.0335917 0.00299786
0 0.305074 0.939685 0.0136598 0.00954952 0.00297664
0 0.766686 0.0837811 0.0141578 0.0150777 0.00294121
0 0.400836 0.500824 0.144861 0.175403 0.00257253
0 0.791083 0.372808 0.0110483 0.0136829 0.00256295
0 0.444903 0.479981 0.250753 0.154609 0.00245204
0 0.799403 0.373895 0.0221292 0.0126835 0.00229353
0 0.383274 0.525482 0.148115 0.255897 0.00225906
0 0.187033 0.756578 0.0121646 0.00988407 0.00219394
0 0.8183 0.191146 0.0160027 0.0164979 0.00207661
0 0.168564 0.757387 0.0170598 0.0134442 0.00207103
0 0.421903 0.430288 0.189292 0.113589 0.00205567
0 0.376275 0.446178 0.118703 0.0623082 0.00197562
0 0.627254 0.643348 0.187793 0.111526 0.00184443
0 0.400939 0.427421 0.088347 0.0434565 0.00178136
0 0.951742 0.959554 0.0765995 0.0676748 0.00176453
0 0.817018 0.196013 0.011989 0.0162947 0.00170572
0 0.3067 0.939714 0.0120087 0.00710239 0.00169117
0 0.180705 0.480456 0.0197152 0.0149155 0.00166792
0 0.790973 0.37266 0.0148287 0.0174237 0.00166655
0 0.30726 0.939729 0.0151282 0.01273 0.0016425
0 0.382237 0.422035 0.14515 0.105975 0.00162304
0 0.403536 0.537092 0.269384 0.258037 0.00155469
0 0.178779 0.479394 0.0188487 0.00675898 0.00152649
0 0.802693 0.373442 0.0240713 0.0171279 0.00143737
0 0.946859 0.945191 0.0988775 0.0988346 0.00139811
0 0.301984 0.939432 0.0217461 0.00981789 0.0012944
0 0.178879 0.481055 0.0124364 0.0108943 0.0012739
0 0.383247 0.427261 0.0552242 0.029229 0.00124446
0 0.188531 0.756968 0.0164364 0.0145808 0.00117389
0 0.166449 0.760516 0.0160341 0.0195554 0.00113328
0 0.30156 0.940489 0.0142386 0.0119328 0.00113185
0 0.766361 0.0837311 0.0218647 0.0168196 0.00111266
0 0.543531 0.651558 0.016811 0.0203944 0.00107103
0 0.953692 0.781928 0.0856527 0.132483 0.0010604
0 0.431921 0.414174 0.295096 0.214336 0.00103313
0 0.817719 0.197132 0.0154491 0.0220241 0.00102011
