0 0.500484 0.499985 0.0221995 0.0451248 0.746484
0 0.502617 0.490545 0.0205816 0.0354948 0.0181083
0 0.383939 0.189565 0.0267108 0.0131402 0.0148595
0 0.508907 0.501516 0.0342304 0.0479414 0.00678512
0 0.491344 0.502437 0.0478654 0.0458832 0.00621607
0 0.49994 0.507035 0.0490853 0.0479584 0.00420408
0 0.49178 0.505059 0.0277841 0.042007 0.00371178
0 0.385271 0.191435 0.0271613 0.0208512 0.00184895
0 0.114789 0.559675 0.202118 0.279501 0.00164328
0 0.884511 0.00167763 0.230978 0.00335525 0.00163381
0 0.0690913 0.77541 0.00970588 0.0294067 0.0014999
0 0.500345 0.506063 0.0831006 0.117407 0.00116412
0 0.262009 0.752581 0.0965704 0.204795 0.00114831
0 0.491013 0.510974 0.0372335 0.0468605 0.00112232
0 0.0666365 0.775668 0.0127298 0.0268066 0.00110863
0 0.480238 0.505404 0.0535708 0.0567899 0.00103104
