0 0.545856 0.569199 0.125896 0.143462 0.812919
0 0.429855 0.37926 0.0719419 0.0748656 0.178823
0 0.417982 0.373815 0.0416135 0.055842 0.087373
0 0.414338 0.359132 0.0309832 0.0287673 0.0240015
0 0.447372 0.385295 0.0962085 0.085313 0.0171847
0 0.250479 0.615526 0.0432297 0.093785 0.0126644
0 0.414205 0.3688 0.0297325 0.0463583 0.0111779
0 0.446883 0.394292 0.203483 0.201115 0.0075992
0 0.441218 0.416936 0.0972657 0.150658 0.00700105
0 0.430362 0.401207 0.0679848 0.113336 0.00687357
0 0.465173 0.393385 0.148248 0.107437 0.00481164
0 0.54043 0.538428 0.151994 0.136656 0.00475856
0 0.438596 0.453941 0.112751 0.221109 0.00453244
0 0.40981 0.366643 0.0256034 0.0324289 0.00453127
0 0.565757 0.575006 0.183391 0.170842 0.00419974
0 0.55783 0.597378 0.0965551 0.129776 0.00375945
0 0.408199 0.37985 0.0369648 0.0449034 0.00302168
0 0.398527 0.356171 0.205576 0.22736 0.00265378
0 0.547475 0.61786 0.123552 0.255441 0.00256544
0 0.422237 0.385539 0.0518027 0.0586652 0.00238835
0 0.262561 0.612713 0.079782 0.112095 0.0021716
0 0.476876 0.440098 0.182337 0.188791 0.00183234
0 0.168802 0.61209 0.0181559 0.0133498 0.00175922
0 0.541799 0.598539 0.105105 0.170664 0.00168204
0 0.54247 0.5261 0.252188 0.237932 0.00163809
0 0.571119 0.955347 0.056404 0.0836502 0.00161718
0 0.456267 0.93034 0.111098 0.13443 0.00158743
0 0.450946 0.478198 0.144466 0.289059 0.00156083
0 0.261471 0.616357 0.0453341 0.0915543 0.00155277
0 0.411296 0.351706 0.0206274 0.0187316 0.00146694
0 0.591577 0.958851 0.101062 0.0649303 0.00140633
0 0.236128 0.612771 0.0779932 0.108293 0.00125452
0 0.424144 0.359443 0.0436691 0.0337317 0.0012457
0 0.549816 0.630603 0.203386 0.284178 0.00119312
0 0.50297 0.510079 0.0351285 0.0293019 0.00112773
0 0.956398 0.960146 0.0741001 0.0644493 0.0011169
0 0.567577 0.950217 0.0965615 0.080121 0.00106381
0 0.971623 0.944067 0.051148 0.0716702 0.0010493
0 0.636554 0.950007 0.0646998 0.0597136 0.00101829
