0 0.502314 0.501452 0.0736734 0.0939978 0.774207
0 0.498191 0.49937 0.0590253 0.0669222 0.0498402
0 0.49654 0.498302 0.159641 0.171915 0.045252
0 0.511854 0.511014 0.0656408 0.071378 0.0189628
0 0.729993 0.015519 0.0128908 0.0241774 0.0187033
0 0.751512 0.441209 0.00954361 0.0165549 0.0168185
0 0.734459 0.00745589 0.0149775 0.0114108 0.0165364
0 0.749707 0.441265 0.00995598 0.0202273 0.0109606
0 0.752954 0.438542 0.00950289 0.0143432 0.0108171
0 0.897663 0.00785239 0.0173958 0.0109538 0.010052
0 0.519806 0.525929 0.0337721 0.0406231 0.00987587
0 0.738155 0.00423962 0.011673 0.00847924 0.00974515
0 0.652821 0.0201044 0.00851269 0.0131206 0.00948467
0 0.991543 0.00465945 0.013135 0.0093189 0.00669008
0 0.725642 0.00957981 0.0181218 0.014659 0.00628073
0 0.752536 0.440108 0.013374 0.0224942 0.00599224
0 0.490242 0.479749 0.0497622 0.0559173 0.00588677
0 0.727343 0.0146444 0.0203584 0.0237421 0.00558751
0 0.90142 0.00793161 0.0223648 0.012577 0.00538627
0 0.832389 0.125009 0.0210051 0.0174966 0.00512323
0 0.395644 0.952031 0.0245017 0.062315 0.00468298
0 0.389768 0.952941 0.0253572 0.0513273 0.00431246
0 0.653795 0.0185984 0.0131136 0.0151637 0.00417149
0 0.989716 0.441512 0.020568 0.0674879 0.00375809
0 0.52439 0.534776 0.0238204 0.0289064 0.00335472
0 0.481724 0.47354 0.0371244 0.0326715 0.00313105
0 0.742065 0.00380509 0.0146201 0.00761018 0.0028119
0 0.724848 0.017743 0.0239515 0.0341178 0.00272796
0 0.988822 0.00521854 0.0222935 0.0104371 0.0026935
0 0.730164 0.029044 0.0127603 0.0204122 0.00239374
0 0.987611 0.422491 0.00992146 0.0427402 0.00238572
0 0.936347 0.947984 0.00545635 0.0169556 0.00235446
0 0.729465 0.0206501 0.0209278 0.0341655 0.00235143
0 0.391662 0.961242 0.017497 0.0670011 0.0022199
0 0.895604 0.010143 0.0158972 0.0150043 0.00218231
0 0.95082 0.569792 0.0066946 0.0166766 0.00214575
0 0.397201 0.957301 0.0352017 0.0686287 0.00201096
0 0.653632 0.0153514 0.0117063 0.0128773 0.00199012
0 0.627654 0.0265333 0.0107356 0.0197978 0.00189524
0 0.527677 0.53606 0.016853 0.0241995 0.001835
0 0.991091 0.423645 0.00652981 0.0423073 0.00181658
0 0.395059 0.94973 0.00848827 0.0466675 0.00180911
0 0.743015 0.00495342 0.0148556 0.00990685 0.00177431
0 0.070763 0.928934 0.0418015 0.141736 0.00167229
0 0.625322 0.0303745 0.00945883 0.0128567 0.00165749
0 0.990584 0.42251 0.0188313 0.0686025 0.00161396
0 0.299563 0.960731 0.0773595 0.0504927 0.00158979
0 0.983308 0.956699 0.0333838 0.0866016 0.00154479
0 0.992084 0.00448677 0.0158324 0.00897355 0.00154088
0 0.889672 0.00711849 0.0180092 0.0121189 0.00151304
0 0.472765 0.471062 0.0196462 0.030328 0.00147411
0 0.48945 0.931505 0.144634 0.118795 0.00146286
0 0.572896 0.92515 0.0256455 0.115592 0.00145387
0 0.985694 0.42377 0.0286122 0.0795712 0.00145036
0 0.733198 0.0266719 0.020714 0.0242065 0.00144581
0 0.47823 0.331652 0.00606155 0.0140499 0.00141262
0 0.854138 0.320794 0.00983887 0.023503 0.00139692
0 0.723242 0.911076 0.0288122 0.135463 0.00132791
0 0.622583 0.0269387 0.0118326 0.017849 0.00130661
0 0.0219107 0.533025 0.0106326 0.0295639 0.00129192
0 0.720596 0.898129 0.0424759 0.203743 0.00128707
0 0.500015 0.520188 0.0626446 0.088312 0.00127994
0 0.655722 0.0142109 0.0126524 0.0185956 0.00124811
0 0.902071 0.0107746 0.0178324 0.0141923 0.00122357
0 0.931965 0.947462 0.0112251 0.0263771 0.00120871
0 0.607974 0.923582 0.0839352 0.124772 0.00119351
0 0.989026 0.429434 0.0090704 0.043924 0.00117162
0 0.790237 0.00984841 0.0216965 0.00842652 0.00115831
0 0.968533 0.00502255 0.0231413 0.00838457 0.00114441
0 0.677541 0.54548 0.0227098 0.0445813 0.00109925
0 0.72661 0.0287636 0.018469 0.0232558 0.00109521
0 0.0704375 0.919045 0.0268948 0.145943 0.0010861
0 0.524972 0.0203341 0.0147258 0.0205998 0.00107551
0 0.0258211 0.533231 0.00848625 0.0183874 0.00107041
0 0.656092 0.0243763 0.00888605 0.0198381 0.00106076
0 0.477949 0.489691 0.0460767 0.057959 0.00104468
0 0.750417 0.436165 0.00998545 0.0168771 0.00100201
