0 0.227666 0.0541006 0.0444294 0.0620619 0.744917
0 0.390559 0.531547 0.0328295 0.036389 0.700525
0 0.618654 0.473398 0.01749 0.0370341 0.654125
0 0.096255 0.385815 0.0317017 0.0700265 0.478335
0 0.285243 0.272908 0.0127247 0.0128039 0.124199
0 0.617863 0.476528 0.0251019 0.0485231 0.0699081
0 0.390855 0.540103 0.0299454 0.0357902 0.0612409
0 0.224161 0.0563267 0.0583476 0.0933639 0.0569515
0 0.0962129 0.384881 0.0470839 0.0917766 0.0283917
0 0.185394 0.00556087 0.0157357 0.0111217 0.0245277
0 0.236119 0.0600208 0.0457377 0.0613006 0.0209427
0 0.617783 0.483965 0.0173048 0.040576 0.0207153
0 0.619725 0.466226 0.017789 0.0247119 0.0176154
0 0.391752 0.542853 0.0360854 0.0533109 0.0145142
0 0.231979 0.0709864 0.036644 0.0540645 0.0122406
0 0.38575 0.533905 0.0356102 0.0512281 0.0112371
0 0.178969 0.359198 0.0782122 0.204972 0.0110506
0 0.642811 0.122822 0.00836182 0.010915 0.00970629
0 0.165972 0.135895 0.0140075 0.010632 0.00889258
0 0.396682 0.535643 0.032738 0.037846 0.00823199
0 0.0978122 0.389364 0.0663553 0.129195 0.00786784
0 0.239462 0.0870798 0.180625 0.17416 0.0078287
0 0.196657 0.0792898 0.161147 0.15858 0.0076195
0 0.242252 0.281902 0.0379629 0.127348 0.00745943
0 0.22152 0.0400389 0.0331594 0.0503573 0.00698981
0 0.181312 0.404543 0.0915988 0.258485 0.00684948
0 0.21707 0.0526009 0.0435687 0.0617309 0.00682769
0 0.232541 0.0436132 0.0592687 0.0667796 0.00643704
0 0.167823 0.137759 0.0169053 0.00862656 0.00531394
0 0.216863 0.0472339 0.0290493 0.0485766 0.00495462
0 0.643241 0.122628 0.0142337 0.017908 0.00476429
0 0.243923 0.0555841 0.0702187 0.0659325 0.00416641
0 0.095956 0.413481 0.0507961 0.137984 0.00405396
0 0.247542 0.284658 0.063529 0.117635 0.00388108
0 0.201449 0.386728 0.147484 0.25206 0.0038613
0 0.167133 0.136272 0.0187848 0.0141868 0.00376545
0 0.0339011 0.38074 0.0276416 0.0899128 0.00363194
0 0.195751 0.527292 0.0145456 0.0104314 0.00329765
0 0.641774 0.121193 0.00791149 0.0120188 0.00325579
0 0.615162 0.486921 0.028957 0.0439887 0.00305414
0 0.379681 0.5294 0.0395259 0.0344921 0.00303664
0 0.614797 0.488648 0.0207379 0.0326093 0.00279002
0 0.172619 0.344288 0.0567762 0.160116 0.00271353
0 0.28582 0.272327 0.0186027 0.0227998 0.0026645
0 0.110402 0.385199 0.0479437 0.0798109 0.00242033
0 0.607639 0.188223 0.021551 0.0117806 0.00234839
0 0.0793752 0.384994 0.0579427 0.0873645 0.00230393
0 0.609232 0.47237 0.028327 0.0380677 0.00223961
0 0.394643 0.529201 0.0423713 0.0516959 0.00212429
0 0.640729 0.126154 0.0109566 0.0114458 0.00199862
0 0.641353 0.12606 0.00806742 0.0161756 0.0019928
0 0.0954569 0.429284 0.033797 0.159903 0.00194131
0 0.154669 0.392114 0.167848 0.277523 0.00192169
0 0.0965988 0.393266 0.183219 0.27112 0.00178351
0 0.393532 0.543395 0.0748184 0.101299 0.00178336
0 0.231394 0.284847 0.0495397 0.107942 0.0017334
0 0.0359987 0.379915 0.04051 0.103579 0.00172616
0 0.183101 0.00505871 0.0235768 0.0101174 0.00172512
0 0.284284 0.265115 0.0175863 0.0262594 0.00171592
0 0.239435 0.0484897 0.0828531 0.0969794 0.0016849
0 0.0899498 0.375015 0.0308023 0.0819633 0.00166972
0 0.0997961 0.396987 0.0251261 0.0683172 0.00166838
0 0.615626 0.46338 0.0178593 0.026427 0.00166491
0 0.225622 0.0722737 0.0427758 0.0724871 0.00160623
0 0.285259 0.271789 0.0267879 0.0294826 0.00156897
0 0.220654 0.30187 0.0936176 0.163024 0.00155811
0 0.238357 0.0711298 0.0328433 0.046222 0.00151828
0 0.184192 0.00878606 0.0201946 0.0160603 0.00146255
0 0.619866 0.478851 0.0509519 0.0575762 0.00142192
0 0.158709 0.430674 0.122104 0.268664 0.00141483
0 0.198155 0.528912 0.019278 0.0147337 0.00139927
0 0.211671 0.0338724 0.0832348 0.0677447 0.00135042
0 0.609931 0.187336 0.0242678 0.0167215 0.00134901
0 0.165468 0.319781 0.0520088 0.108315 0.00130945
0 0.174419 0.00677404 0.0273983 0.0135481 0.00129036
0 0.063039 0.372441 0.0901939 0.121764 0.00125486
0 0.257835 0.268184 0.0573435 0.0980657 0.00118093
0 0.641127 0.124836 0.0149855 0.0170997 0.0011761
0 0.074606 0.399062 0.149212 0.19055 0.00115118
0 0.134396 0.385396 0.104677 0.126396 0.0011235
0 0.623492 0.48518 0.0214809 0.0514949 0.00107839
0 0.196746 0.425848 0.194267 0.335618 0.00105902
0 0.19104 0.00528932 0.0178014 0.0105786 0.00101988
0 0.20442 0.33693 0.134041 0.187535 0.0010101
0 0.114094 0.859074 0.180993 0.150511 0.00100119
