0 0.84276 0.506141 0.298399 0.198532 0.716803
0 0.856576 0.55612 0.286849 0.329721 0.0494636
0 0.838657 0.510771 0.170315 0.232582 0.0425864
0 0.808469 0.467195 0.309092 0.162797 0.0276017
0 0.373076 0.775732 0.0119216 0.00713563 0.0116261
0 0.152121 0.0202344 0.01963 0.0204643 0.00666861
0 0.376087 0.776212 0.0150612 0.0127254 0.00609653
0 0.373893 0.776219 0.00866432 0.00922036 0.00454265
0 0.37271 0.778163 0.0113545 0.00932159 0.00446516
0 0.778285 0.446405 0.19835 0.104542 0.0041687
0 0.635203 0.851166 0.0179691 0.0108309 0.00387271
0 0.762984 0.544282 0.461262 0.27603 0.00368404
0 0.742335 0.429219 0.126909 0.0569144 0.00269584
0 0.637575 0.851919 0.0230618 0.0160847 0.00222611
0 0.153579 0.0201411 0.0443517 0.0316071 0.00218734
0 0.753915 0.437638 0.131363 0.0857297 0.00195486
0 0.793633 0.636242 0.412735 0.4127 0.00193319
0 0.832325 0.426103 0.296257 0.107061 0.00191622
0 0.315404 0.436231 0.00782785 0.013268 0.00187642
0 0.15588 0.0154251 0.0210439 0.0157835 0.001827
0 0.775847 0.724471 0.0092937 0.00814333 0.00173128
0 0.368982 0.397543 0.110927 0.0851883 0.00168357
0 0.147811 0.0152838 0.0400409 0.0290746 0.00158453
0 0.148092 0.0165096 0.0669899 0.033018 0.00157279
0 0.156338 0.0222938 0.0211742 0.0234955 0.00146978
0 0.828688 0.417001 0.342624 0.224588 0.00146239
0 0.173023 0.928322 0.0172854 0.0176094 0.00145527
0 0.81259 0.466066 0.168824 0.143519 0.00135451
0 0.166705 0.787437 0.00850823 0.00969162 0.00132919
0 0.887207 0.604744 0.198404 0.384242 0.00126719
0 0.173438 0.93228 0.0208781 0.0195118 0.00119489
0 0.775907 0.724543 0.0132252 0.0114758 0.00118738
0 0.154781 0.0194797 0.0296372 0.0268337 0.00112749
0 0.182508 0.75455 0.120028 0.0809686 0.00106974
0 0.874168 0.553973 0.251664 0.187792 0.00105037
