0 0.510904 0.494351 0.194343 0.22422 0.742239
0 0.751932 0.681691 0.470442 0.0860703 0.453535
0 0.942329 0.648914 0.103519 0.0281358 0.283885
0 0.720517 0.692827 0.443735 0.0559625 0.226571
0 0.42054 0.922129 0.0465261 0.0363405 0.199982
0 0.233203 0.382797 0.024819 0.0130531 0.16732
0 0.725606 0.662293 0.548787 0.147636 0.14369
0 0.562951 0.396574 0.0425994 0.0172347 0.05029
0 0.694699 0.697093 0.297406 0.0466547 0.041016
0 0.941187 0.653215 0.104321 0.0548092 0.0405303
0 0.685585 0.608846 0.628831 0.230854 0.0322866
0 0.667772 0.694014 0.664455 0.0938343 0.0246976
0 0.712815 0.718487 0.518589 0.113711 0.0187128
0 0.651417 0.658597 0.697166 0.195016 0.01798
0 0.423828 0.927083 0.0815886 0.04098 0.0176171
0 0.649271 0.552953 0.701458 0.336072 0.0146726
0 0.94096 0.640212 0.0998127 0.0360853 0.0146214
0 0.504953 0.526345 0.155878 0.172826 0.014475
0 0.506588 0.434574 0.175553 0.106008 0.0118459
0 0.941934 0.64569 0.0604956 0.027238 0.0117609
0 0.643776 0.747978 0.712449 0.230718 0.0104458
0 0.424173 0.927945 0.0558614 0.0521425 0.0100397
0 0.925964 0.653786 0.107364 0.0238599 0.0099543
0 0.856776 0.619388 0.0750027 0.0191893 0.0098609
0 0.669384 0.741662 0.59957 0.174849 0.00822859
0 0.668635 0.459985 0.66273 0.293301 0.00789234
0 0.553099 0.472783 0.0830488 0.0362848 0.00756787
0 0.233189 0.379406 0.026448 0.0166918 0.00747433
0 0.935625 0.651612 0.0597431 0.0248239 0.00688191
0 0.602945 0.796842 0.79411 0.279276 0.0062807
0 0.963311 0.644922 0.0733783 0.0198147 0.00627594
0 0.507081 0.470469 0.164108 0.159117 0.00551409
0 0.71562 0.682925 0.300004 0.0694202 0.0050101
0 0.756256 0.689727 0.314714 0.0465612 0.0049862
0 0.71597 0.69844 0.169136 0.0612457 0.00496311
0 0.933766 0.653663 0.132468 0.0805112 0.00492296
0 0.415645 0.94344 0.136815 0.0979372 0.00474298
0 0.556828 0.479694 0.0986725 0.0650708 0.0045955
0 0.536672 0.46929 0.133852 0.0893271 0.00437737
0 0.497677 0.556649 0.109519 0.110907 0.00428088
0 0.477325 0.495095 0.123363 0.195279 0.00427936
0 0.603749 0.700811 0.792502 0.214038 0.00425746
0 0.413987 0.921018 0.1208 0.108375 0.0041748
0 0.229471 0.384394 0.0342345 0.0183864 0.00397409
0 0.883585 0.6147 0.150995 0.0312643 0.00383288
0 0.932754 0.611328 0.046871 0.0198512 0.00383203
0 0.769663 0.634688 0.460674 0.118385 0.00376757
0 0.236854 0.38532 0.0339575 0.0162544 0.00375815
0 0.916759 0.615419 0.124315 0.0316978 0.00359199
0 0.936849 0.617471 0.070693 0.0225089 0.00343572
0 0.857709 0.619738 0.14322 0.0268168 0.00339097
0 0.810714 0.660113 0.378573 0.0821895 0.00332459
0 0.535605 0.342557 0.0299985 0.0187023 0.00324539
0 0.864335 0.614947 0.0827421 0.023234 0.00313755
0 0.942142 0.65882 0.0903793 0.0373345 0.00309135
0 0.744051 0.785564 0.511898 0.310533 0.00305527
0 0.838443 0.624634 0.21871 0.0463405 0.0029051
0 0.856499 0.617298 0.0531723 0.0167419 0.00284127
0 0.407055 0.914812 0.0727033 0.0441122 0.00276881
0 0.558203 0.857779 0.883595 0.257385 0.00270044
0 0.606709 0.704247 0.105409 0.0210144 0.00257459
0 0.579618 0.500392 0.485215 0.317157 0.00247435
0 0.934605 0.625359 0.085495 0.0317433 0.00235577
0 0.411989 0.912083 0.049872 0.0344513 0.00233095
0 0.93615 0.611002 0.0495861 0.012902 0.00231879
0 0.466629 0.424541 0.0858744 0.0734918 0.00230591
0 0.905645 0.650417 0.188711 0.249502 0.00230287
0 0.47439 0.584194 0.0555703 0.0573337 0.00229822
0 0.834212 0.680021 0.258142 0.0493504 0.00229483
0 0.570758 0.494846 0.3223 0.168297 0.00228918
0 0.836953 0.670048 0.277556 0.0801407 0.0022587
0 0.505236 0.427735 0.230782 0.198908 0.00215319
0 0.63073 0.702972 0.131025 0.0209324 0.00214336
0 0.558196 0.391532 0.0414427 0.0253192 0.00203001
0 0.425244 0.915209 0.0544789 0.0459742 0.00194961
0 0.950254 0.641324 0.0865746 0.0236801 0.0019155
0 0.565044 0.639441 0.829327 0.474225 0.00189689
0 0.925259 0.633229 0.149481 0.0962029 0.00188871
0 0.947985 0.959029 0.0814627 0.0714708 0.00187325
0 0.486928 0.574456 0.0759935 0.0771269 0.00186392
0 0.819361 0.690016 0.143882 0.0294764 0.0018141
0 0.549281 0.926368 0.901439 0.147265 0.00180818
0 0.396597 0.914347 0.451381 0.171307 0.00179783
0 0.562853 0.406078 0.0524906 0.0719351 0.00179717
0 0.903438 0.630489 0.168356 0.0434231 0.00178907
0 0.931064 0.642191 0.135566 0.0522907 0.00176635
0 0.477509 0.562452 0.0808656 0.110251 0.00174379
0 0.963804 0.643557 0.0521601 0.0165745 0.00173761
0 0.924288 0.654268 0.0563383 0.0194634 0.00168104
0 0.9435 0.122475 0.00939007 0.00753982 0.00168089
0 0.560658 0.504992 0.146632 0.105527 0.00167038
0 0.533362 0.554647 0.158261 0.124627 0.00164614
0 0.436173 0.498497 0.19437 0.236349 0.00163368
0 0.841014 0.63684 0.242815 0.0944482 0.0015733
0 0.805062 0.679187 0.389877 0.0549662 0.00152642
0 0.456477 0.412604 0.0618555 0.0502177 0.001521
0 0.553579 0.396819 0.0433036 0.0224495 0.00146622
0 0.2239 0.385656 0.0545314 0.021684 0.00143648
0 0.497645 0.944947 0.531221 0.110105 0.00141437
0 0.891899 0.665582 0.216201 0.0577811 0.0013996
0 0.537652 0.584523 0.447367 0.381851 0.00137553
0 0.43522 0.923301 0.046233 0.0271864 0.00132857
0 0.593708 0.700914 0.0872927 0.0187416 0.00132307
0 0.568762 0.402897 0.0533282 0.0300353 0.00132251
0 0.534196 0.5706 0.273355 0.231052 0.00132045
0 0.926397 0.609766 0.0707855 0.0234236 0.00129411
0 0.61719 0.699232 0.0950895 0.0195041 0.00128719
0 0.457757 0.60336 0.0186288 0.0250011 0.00127838
0 0.428477 0.93302 0.0390435 0.0335754 0.00127574
0 0.944643 0.1245 0.011031 0.00713203 0.00123905
0 0.57225 0.397023 0.0351166 0.015156 0.00119306
0 0.419321 0.497747 0.349992 0.246631 0.00118749
0 0.553069 0.412871 0.11886 0.061027 0.00118142
0 0.64207 0.484183 0.0188815 0.0101493 0.00117115
0 0.434379 0.927921 0.0346229 0.0246254 0.00116554
0 0.939616 0.669537 0.102933 0.0580943 0.00113856
0 0.549371 0.408918 0.0849108 0.0439287 0.00112652
0 0.60499 0.503268 0.0384657 0.0275636 0.00112467
0 0.458766 0.593494 0.0246096 0.0354654 0.00111777
0 0.629645 0.940744 0.740711 0.118511 0.00111533
0 0.5682 0.492343 0.122845 0.0458263 0.00110522
0 0.455333 0.397387 0.0667768 0.0300293 0.00109387
0 0.534254 0.339906 0.0229849 0.0166001 0.00107132
0 0.55581 0.443454 0.148044 0.112136 0.00102588
