0 0.236718 0.766953 0.0420044 0.0364166 0.697237
0 0.189884 0.809043 0.0346622 0.0265127 0.695623
0 0.352031 0.464863 0.018087 0.0150861 0.640979
0 0.377354 0.586 0.0241352 0.018002 0.494188
0 0.346336 0.657384 0.0177175 0.0251762 0.487462
0 0.234328 0.770397 0.0302479 0.0325355 0.432643
0 0.311663 0.716178 0.0251518 0.0129098 0.422718
0 0.627945 0.737925 0.0417345 0.015978 0.40613
0 0.435457 0.434766 0.023593 0.014546 0.329254
0 0.275402 0.714858 0.0245168 0.0154187 0.284961
0 0.974789 0.0285332 0.0446575 0.0243537 0.27564
0 0.533845 0.427755 0.0388705 0.0369868 0.258706
0 0.24208 0.768811 0.0365892 0.0276918 0.204128
0 0.252894 0.774089 0.0168849 0.0188288 0.196829
0 0.526478 0.420626 0.0303935 0.019331 0.176872
0 0.366046 0.626617 0.0146531 0.0153986 0.127913
0 0.541517 0.43809 0.0171725 0.0227715 0.108083
0 0.255537 0.775261 0.0121072 0.0141049 0.0990642
0 0.396127 0.446435 0.0910883 0.0317361 0.0956081
0 0.545024 0.44051 0.0133405 0.0161941 0.0864307
0 0.189055 0.812704 0.0381493 0.0479082 0.0781287
0 0.188983 0.814587 0.0272413 0.0266224 0.0766045
0 0.196248 0.805296 0.0193197 0.021702 0.0692911
0 0.350389 0.466896 0.0185018 0.0216287 0.0595064
0 0.349503 0.65102 0.0195794 0.027049 0.0593927
0 0.278593 0.716352 0.0394206 0.0196767 0.0526527
0 0.970249 0.0342435 0.0352972 0.0240724 0.0473058
0 0.243372 0.7687 0.0451215 0.046767 0.0457045
0 0.977814 0.0343846 0.0417007 0.031132 0.0437848
0 0.964476 0.0339378 0.0189741 0.0168247 0.0421892
0 0.494993 0.768218 0.0304826 0.0140895 0.041892
0 0.269211 0.729356 0.0241066 0.0243492 0.0412046
0 0.309586 0.720094 0.0231648 0.015334 0.0391033
0 0.352809 0.464126 0.0270056 0.0235472 0.0387941
0 0.403509 0.449442 0.0916583 0.0494262 0.0376321
0 0.185411 0.804413 0.0287137 0.0245258 0.0366305
0 0.53835 0.4382 0.0307728 0.0272996 0.0349225
0 0.270441 0.720464 0.027891 0.0355444 0.0348227
0 0.974354 0.0338585 0.050396 0.0520884 0.0345141
0 0.237425 0.758817 0.0294734 0.0406521 0.0306768
0 0.658463 0.0385115 0.0154872 0.00961781 0.0301654
0 0.38137 0.449452 0.0310464 0.0180449 0.0288323
0 0.393275 0.448453 0.0680382 0.0249454 0.0286776
0 0.342515 0.659027 0.0169157 0.0259212 0.027871
0 0.635728 0.73566 0.0325886 0.0159879 0.0269608
0 0.353971 0.469362 0.0164437 0.0179595 0.023671
0 0.258317 0.776459 0.0164445 0.0124905 0.0224693
0 0.311514 0.717618 0.0314512 0.0175671 0.0224172
0 0.226845 0.775013 0.021617 0.0307962 0.0218855
0 0.226388 0.774633 0.0388957 0.0380586 0.0213097
0 0.375396 0.591168 0.0210621 0.0294603 0.0211281
0 0.37059 0.613778 0.0220355 0.0403811 0.0205785
0 0.30239 0.269645 0.00935097 0.0116121 0.0195286
0 0.526578 0.433013 0.0609581 0.0437178 0.0192863
0 0.292545 0.714896 0.0377316 0.0155057 0.0184104
0 0.265731 0.739383 0.0173952 0.017502 0.0183339
0 0.292838 0.71521 0.0237132 0.0194724 0.0168247
0 0.34819 0.659668 0.0284828 0.0504107 0.0162071
0 0.279295 0.720047 0.047701 0.0296992 0.01583
0 0.17985 0.808836 0.0219865 0.0279457 0.0155942
0 0.41759 0.437603 0.0840135 0.0268726 0.0144839
0 0.303715 0.269351 0.0121317 0.00746298 0.014176
0 0.433435 0.438312 0.0290299 0.0219478 0.0137066
0 0.374611 0.451675 0.0246818 0.0163655 0.0133777
0 0.356527 0.649726 0.023618 0.0390868 0.0129244
0 0.985563 0.027833 0.0288748 0.0239629 0.0128983
0 0.424391 0.436951 0.0463858 0.0192929 0.0126706
0 0.2487 0.76273 0.0342482 0.0357484 0.0108548
0 0.616837 0.735703 0.0232867 0.0150095 0.0106921
0 0.376882 0.590646 0.0311213 0.0507291 0.0104116
0 0.267043 0.718306 0.0248635 0.0182179 0.0104003
0 0.628011 0.740854 0.0483182 0.0543292 0.0102294
0 0.403365 0.44214 0.0569324 0.0370115 0.00971426
0 0.345466 0.665742 0.0178592 0.0295323 0.00935773
0 0.616431 0.739511 0.0241033 0.015255 0.00890963
0 0.406934 0.439662 0.0827232 0.0428371 0.00883223
0 0.270285 0.728902 0.0392363 0.0755409 0.00881242
0 0.251101 0.772626 0.0313515 0.0257244 0.00876544
0 0.538348 0.442653 0.0241508 0.0304599 0.00844891
0 0.624695 0.741555 0.0381977 0.0240738 0.00844869
0 0.314924 0.714825 0.0253721 0.0249995 0.00839319
0 0.315019 0.719601 0.0225571 0.0167367 0.00829867
0 0.961427 0.0370374 0.0136715 0.0204745 0.00810399
0 0.23214 0.782831 0.032111 0.0381232 0.007988
0 0.178805 0.301398 0.015191 0.0162404 0.00746908
0 0.197979 0.802826 0.0609653 0.0525658 0.00731398
0 0.977796 0.0447957 0.0426844 0.0477795 0.00727049
0 0.30426 0.269694 0.0146885 0.0125056 0.0068962
0 0.288278 0.713447 0.0264029 0.0143569 0.00685953
0 0.544192 0.445534 0.0148569 0.0250784 0.00655554
0 0.523012 0.417029 0.0193399 0.0192544 0.00570477
0 0.398907 0.455562 0.132237 0.08847 0.0055594
0 0.0426682 0.947164 0.0145333 0.00835953 0.00550129
0 0.740621 0.188509 0.0170191 0.00745506 0.00549586
0 0.276514 0.721956 0.0296397 0.0303177 0.00548157
0 0.34091 0.661531 0.024183 0.0270242 0.00547989
0 0.494555 0.770172 0.0233796 0.0116786 0.00543768
0 0.34748 0.470249 0.0184709 0.0178826 0.00538732
0 0.661614 0.0376633 0.0201458 0.0135107 0.00529319
0 0.364937 0.456596 0.0528118 0.0330256 0.00505198
0 0.240659 0.762824 0.0887444 0.121629 0.00493081
0 0.405054 0.463599 0.0934769 0.0850459 0.00489217
0 0.357985 0.466808 0.0398598 0.0524556 0.00483814
0 0.259885 0.769677 0.0219353 0.021373 0.00465006
0 0.0880619 0.993976 0.0140344 0.0083437 0.0046283
0 0.227151 0.778148 0.0461001 0.0549496 0.00440469
0 0.390797 0.665271 0.0148982 0.0187125 0.00422109
0 0.988086 0.0235179 0.0238288 0.0213247 0.00410193
0 0.279756 0.720151 0.0553864 0.0538828 0.00405018
0 0.196567 0.811859 0.0239679 0.032728 0.00383912
0 0.623704 0.734011 0.0387144 0.0254575 0.00375133
0 0.228603 0.763274 0.0270443 0.0357697 0.0037253
0 0.493616 0.770664 0.0343967 0.0208235 0.00366997
0 0.17689 0.301845 0.0158251 0.00988379 0.00365413
0 0.189955 0.821025 0.0310954 0.0420172 0.00364695
0 0.989656 0.0357904 0.0206886 0.0329267 0.00354698
0 0.377715 0.450659 0.0476846 0.021559 0.00353551
0 0.375013 0.583598 0.0287653 0.0310965 0.00329568
0 0.242522 0.753429 0.0262856 0.0452567 0.00320729
0 0.372303 0.615634 0.0335465 0.0743263 0.00320552
0 0.741319 0.190023 0.0218308 0.011664 0.00318159
0 0.527393 0.416906 0.0228814 0.0224797 0.00317922
0 0.383769 0.585236 0.0235805 0.0248947 0.00316486
0 0.0805751 0.459853 0.0124234 0.00995808 0.00314284
0 0.62772 0.744841 0.0590116 0.0326772 0.0030714
0 0.138411 0.637656 0.0116293 0.0146948 0.00296151
0 0.139562 0.772518 0.0118853 0.00914292 0.00295047
0 0.514428 0.448502 0.10921 0.0934873 0.00277502
0 0.359014 0.64805 0.0368074 0.0689011 0.00275136
0 0.633959 0.732865 0.0429121 0.0594223 0.00274156
0 0.276706 0.741961 0.114751 0.0726751 0.00268584
0 0.263699 0.731801 0.0287451 0.0330699 0.00268039
0 0.971345 0.0461128 0.0573108 0.0922256 0.00262542
0 0.0850991 0.992861 0.015681 0.00964031 0.00256579
0 0.43142 0.451015 0.343085 0.19556 0.00254714
0 0.0830819 0.272418 0.0207509 0.0106678 0.00253678
0 0.0442688 0.947181 0.0171224 0.0130777 0.00253633
0 0.368036 0.633017 0.0201472 0.0297598 0.00246942
0 0.631947 0.729029 0.0384146 0.0380201 0.00246695
0 0.201836 0.801653 0.017856 0.0211306 0.0024434
0 0.360178 0.462576 0.037913 0.0243379 0.00242794
0 0.310618 0.726719 0.0421335 0.0848704 0.00240811
0 0.628227 0.323409 0.00818367 0.00907688 0.00239195
0 0.429794 0.442627 0.0845313 0.0344874 0.00234978
0 0.371202 0.627275 0.0200906 0.014616 0.00233027
0 0.973336 0.0492483 0.0533276 0.0702525 0.00229356
0 0.740982 0.190637 0.0162387 0.00905085 0.00226754
0 0.547108 0.436559 0.0145761 0.0264054 0.00223544
0 0.274935 0.738035 0.0437537 0.0527107 0.00223052
0 0.0407419 0.946674 0.022134 0.00916729 0.00222958
0 0.538108 0.446469 0.0383695 0.0662466 0.00221587
0 0.75452 0.152009 0.0128973 0.0102644 0.00220039
0 0.0917558 0.993962 0.0201077 0.0104729 0.00217407
0 0.178314 0.81153 0.0373031 0.0288687 0.00216649
0 0.279457 0.756405 0.0940225 0.0714933 0.00203651
0 0.345126 0.672149 0.0325484 0.0724233 0.00203252
0 0.446404 0.435232 0.114572 0.0321323 0.00198929
0 0.433033 0.428499 0.0225399 0.0225456 0.00193942
0 0.265911 0.752833 0.0346697 0.050453 0.00192722
0 0.524232 0.823731 0.0142513 0.0103073 0.00191224
0 0.526429 0.437447 0.0422286 0.0461097 0.00189702
0 0.525138 0.425761 0.0429883 0.0547766 0.00182246
0 0.34406 0.671894 0.0187177 0.0312516 0.00182085
0 0.240922 0.752694 0.0282151 0.0222935 0.00181614
0 0.963722 0.0250654 0.028347 0.0256569 0.00177559
0 0.507326 0.429189 0.126595 0.0642394 0.00169492
0 0.4427 0.469419 0.200659 0.102583 0.00168092
0 0.2001 0.801654 0.101553 0.145885 0.00165323
0 0.664369 0.785578 0.011828 0.00991058 0.00161837
0 0.243485 0.746085 0.256931 0.283347 0.00157636
0 0.357734 0.0140737 0.0142529 0.0126751 0.00157202
0 0.627183 0.744827 0.0357893 0.0377069 0.00156619
0 0.251488 0.779006 0.0427474 0.0522366 0.00153435
0 0.0407345 0.94735 0.0208824 0.0160828 0.00151512
0 0.08461 0.274243 0.0167863 0.0110764 0.00150846
0 0.627393 0.321874 0.0112845 0.0100719 0.00150497
0 0.433145 0.441918 0.0482593 0.0585855 0.00149335
0 0.982816 0.0106506 0.0343685 0.0213011 0.00149073
0 0.274013 0.738978 0.0343654 0.0384344 0.0014881
0 0.235352 0.75297 0.0298578 0.0260678 0.00148217
0 0.143083 0.772469 0.0147851 0.0173501 0.00147613
0 0.241382 0.783707 0.0592288 0.0498536 0.0014704
0 0.39331 0.664383 0.0165526 0.0238202 0.00145642
0 0.284693 0.723717 0.10938 0.0671996 0.00145537
0 0.083087 0.459466 0.0173096 0.0174438 0.00140836
0 0.370266 0.453989 0.083486 0.0666164 0.00138664
0 0.544175 0.439716 0.032879 0.0547323 0.00138349
0 0.293947 0.722299 0.0736507 0.0422477 0.00135999
0 0.444439 0.436309 0.061936 0.0297318 0.00135712
0 0.264354 0.168523 0.0103439 0.00612254 0.0013437
0 0.372955 0.600837 0.0315868 0.0416484 0.00134014
0 0.753938 0.153307 0.0100115 0.0144892 0.00133387
0 0.317305 0.719012 0.0457534 0.0609747 0.0013287
0 0.301885 0.266335 0.0101941 0.0169382 0.00131573
0 0.627521 0.325149 0.0109815 0.00872555 0.00131205
0 0.380791 0.460086 0.0788544 0.0437907 0.00131093
0 0.378112 0.578932 0.0247713 0.0285385 0.00127946
0 0.253717 0.783479 0.0196705 0.0251141 0.00127367
0 0.363106 0.653918 0.0499026 0.0418577 0.00127052
0 0.367499 0.614424 0.058886 0.0651473 0.00126018
0 0.281059 0.746608 0.143817 0.131808 0.00125755
0 0.086273 0.273174 0.0221238 0.0148839 0.00124324
0 0.642991 0.736566 0.0529024 0.0283513 0.00123322
0 0.176369 0.298588 0.0151093 0.0178645 0.00121882
0 0.962648 0.0351091 0.0747041 0.0702181 0.00121881
0 0.349969 0.475099 0.0355655 0.0739408 0.00120336
0 0.378065 0.596044 0.0203706 0.0449645 0.00119276
0 0.265103 0.169333 0.00986333 0.00968409 0.0011606
0 0.443146 0.430616 0.208326 0.07646 0.00115806
0 0.652567 0.0398365 0.0141658 0.013778 0.00115054
0 0.347832 0.650539 0.07302 0.071596 0.00114802
0 0.957202 0.0336035 0.0400026 0.0330677 0.00113716
0 0.376177 0.472627 0.100252 0.0670414 0.00112569
0 0.138531 0.775568 0.0154553 0.0115896 0.00111745
0 0.989211 0.00804209 0.0215772 0.0160842 0.00109083
0 0.631384 0.323564 0.0165578 0.0157393 0.00108119
0 0.968129 0.0437953 0.063742 0.0875907 0.00107626
0 0.074404 0.994788 0.0152932 0.0091074 0.00105298
0 0.723746 0.804879 0.0237613 0.0170757 0.00102359
0 0.0818183 0.991711 0.0128269 0.0109047 0.00100136
0 0.285896 0.707517 0.0526917 0.0423078 0.00100076
