0 0.515264 0.475228 0.0447499 0.0516042 0.785555
0 0.382958 0.817716 0.0156568 0.0439392 0.299234
0 0.518421 0.466019 0.0371497 0.0411529 0.17973
0 0.513111 0.483958 0.0626409 0.0904945 0.0727103
0 0.381151 0.822059 0.0221428 0.0536699 0.0501858
0 0.384513 0.810729 0.0141197 0.0328873 0.0433566
0 0.523221 0.460847 0.03643 0.0271275 0.0252773
0 0.504674 0.477774 0.0403711 0.0538233 0.0214044
0 0.950563 0.958924 0.0818306 0.0716185 0.0210674
0 0.493139 0.454735 0.169772 0.22541 0.0100549
0 0.383616 0.808036 0.0203841 0.0433289 0.00713836
0 0.378212 0.805371 0.0169412 0.0312477 0.00676402
0 0.534355 0.490253 0.189223 0.2326 0.00634965
0 0.390893 0.818984 0.0215817 0.0371159 0.0063292
0 0.515567 0.458447 0.0380246 0.0339221 0.00553546
0 0.511261 0.505313 0.051821 0.0860184 0.00422152
0 0.807575 0.012984 0.0120262 0.0116808 0.00361364
0 0.379222 0.836631 0.0203571 0.063805 0.00357369
0 0.821678 0.37472 0.0626318 0.0979516 0.00308766
0 0.381138 0.803185 0.0176167 0.025507 0.00304497
0 0.866531 0.757784 0.1282 0.109605 0.00301143
0 0.210102 0.743432 0.0717975 0.136232 0.0029866
0 0.521109 0.454387 0.0354948 0.0303502 0.00266729
0 0.38369 0.80743 0.0289555 0.0678778 0.00241819
0 0.488972 0.484443 0.0869209 0.0789515 0.00222716
0 0.528975 0.955678 0.0211179 0.0490721 0.00212468
0 0.808955 0.0119855 0.01752 0.0140955 0.0021013
0 0.649803 0.905445 0.0970994 0.189111 0.00197441
0 0.530095 0.95411 0.0162209 0.0364115 0.00194224
0 0.384138 0.824613 0.0522784 0.0705606 0.00189372
0 0.394746 0.831936 0.0395865 0.0659388 0.00181491
0 0.530442 0.960548 0.0470826 0.0789033 0.00180801
0 0.535524 0.949893 0.0141545 0.0693762 0.00179596
0 0.947659 0.676345 0.101301 0.14965 0.00175853
0 0.521563 0.486672 0.0464633 0.0628508 0.00171816
0 0.654399 0.928795 0.097895 0.118075 0.00170135
0 0.668386 0.961743 0.0292663 0.0677572 0.00162926
0 0.650764 0.844609 0.555161 0.310783 0.00161289
0 0.367231 0.818746 0.062494 0.0839455 0.00155939
0 0.539059 0.954595 0.00646467 0.0320353 0.00143733
0 0.659279 0.907982 0.0631966 0.151405 0.00139831
0 0.661678 0.968414 0.0218349 0.0442787 0.00139077
0 0.663635 0.971833 0.0111572 0.0297997 0.00136736
0 0.827878 0.37552 0.0471659 0.0756304 0.00135038
0 0.368995 0.795444 0.0162195 0.0184258 0.00134744
0 0.913362 0.718778 0.013814 0.0195901 0.0013422
0 0.517931 0.458512 0.0452637 0.0591754 0.00126873
0 0.660702 0.972321 0.0101744 0.0263716 0.00126093
0 0.368474 0.794968 0.011907 0.0147224 0.00124633
0 0.681913 0.270947 0.00435581 0.0371807 0.00124401
0 0.51135 0.510604 0.0675811 0.112672 0.00124101
0 0.494438 0.670248 0.110699 0.128883 0.0012405
0 0.626966 0.67667 0.0141282 0.0123968 0.00122189
0 0.810005 0.395558 0.0752415 0.170048 0.00120822
0 0.95804 0.65867 0.0744637 0.125621 0.00119025
0 0.536614 0.956528 0.0169185 0.0453098 0.0011532
0 0.86256 0.0148584 0.249297 0.0297167 0.00114994
0 0.649898 0.893262 0.101819 0.135911 0.00113796
0 0.521054 0.453882 0.0410352 0.0186711 0.00113275
0 0.864246 0.00263341 0.238788 0.00526683 0.0011266
0 0.517434 0.964006 0.0191903 0.0719872 0.00111349
0 0.387358 0.840447 0.0308153 0.0945448 0.00108375
0 0.375381 0.839619 0.0183707 0.0407215 0.00108191
0 0.898122 0.934676 0.203757 0.130648 0.00107785
0 0.527759 0.452899 0.024456 0.0229183 0.00107772
0 0.6591 0.972165 0.0154942 0.0368498 0.00103898
