0 0.861694 0.650722 0.122557 0.218824 0.882792
0 0.770665 0.0760189 0.138137 0.150005 0.851394
0 0.213324 0.622813 0.0822989 0.149073 0.845257
0 0.436101 0.790452 0.0826907 0.0891909 0.819326
0 0.492174 0.820871 0.0822863 0.11056 0.805073
0 0.196761 0.554241 0.106918 0.128934 0.776528
0 0.614231 0.904876 0.147729 0.114042 0.673757
0 0.325828 0.71037 0.0838887 0.0650351 0.58192
0 0.950953 0.374005 0.019236 0.0280372 0.314245
0 0.647619 0.876571 0.0785834 0.0456346 0.261707
0 0.951284 0.377425 0.0175634 0.0182274 0.21458
0 0.642472 0.885376 0.0951647 0.0628239 0.193661
0 0.201421 0.583741 0.157161 0.189641 0.116139
0 0.210745 0.590557 0.0896863 0.144114 0.100774
0 0.448685 0.801771 0.166633 0.166469 0.0896995
0 0.433134 0.787241 0.0598086 0.0704683 0.0762062
0 0.489438 0.811749 0.168502 0.173999 0.0659014
0 0.206799 0.627043 0.156998 0.180156 0.0650685
0 0.623502 0.909662 0.0966156 0.0982887 0.0627656
0 0.184704 0.552667 0.151659 0.162105 0.051366
0 0.774018 0.0768455 0.0974237 0.123846 0.0482327
0 0.44869 0.783626 0.0634254 0.0745852 0.0393248
0 0.951957 0.364215 0.0185787 0.0425478 0.0348176
0 0.211816 0.550842 0.085774 0.104355 0.0343209
0 0.467972 0.824543 0.156543 0.133283 0.030472
0 0.562516 0.940704 0.0388047 0.0447903 0.0295636
0 0.455257 0.764176 0.033033 0.0375763 0.0287747
0 0.343049 0.697164 0.0565679 0.0369842 0.028217
0 0.488639 0.8142 0.0590296 0.0676773 0.0254778
0 0.301872 0.70238 0.157684 0.176823 0.0229705
0 0.559902 0.941051 0.0288053 0.0336863 0.0198421
0 0.95334 0.383341 0.0184874 0.0231495 0.0183221
0 0.764194 0.123191 0.13502 0.219798 0.0179755
0 0.220512 0.591295 0.0641603 0.104859 0.0165182
0 0.355865 0.69334 0.0258328 0.0271773 0.0159473
0 0.477629 0.827628 0.0610733 0.106772 0.0156378
0 0.640768 0.880097 0.109526 0.098213 0.0151338
0 0.303568 0.710598 0.126224 0.0801362 0.0140651
0 0.645502 0.903678 0.107305 0.112482 0.0139841
0 0.953349 0.372265 0.0279755 0.0518445 0.0129274
0 0.906067 0.578417 0.0236773 0.0601069 0.0127943
0 0.57688 0.929685 0.0701177 0.0547916 0.0124821
0 0.451433 0.774426 0.0410514 0.0495316 0.0121469
0 0.829183 0.639268 0.18031 0.226498 0.0112633
0 0.337374 0.730671 0.197347 0.183859 0.0109252
0 0.212902 0.612896 0.0588051 0.0636153 0.00980293
0 0.330366 0.702584 0.057899 0.057701 0.00979934
0 0.617727 0.879253 0.136081 0.0589441 0.00960567
0 0.457303 0.803695 0.119402 0.110722 0.00953449
0 0.226289 0.585868 0.0492084 0.0612232 0.00900489
0 0.58612 0.927496 0.077206 0.0786974 0.00838232
0 0.608571 0.879293 0.19862 0.162265 0.0083676
0 0.911515 0.563625 0.017074 0.0436287 0.00806559
0 0.861365 0.667663 0.137333 0.12597 0.00711521
0 0.212598 0.645016 0.0675005 0.115955 0.00701862
0 0.220359 0.565502 0.0665873 0.0888398 0.00647967
0 0.637805 0.880136 0.054313 0.0399939 0.00619765
0 0.632904 0.887964 0.0604609 0.0392096 0.0058324
0 0.905369 0.586286 0.0286234 0.091242 0.00581039
0 0.883752 0.615454 0.0801577 0.151154 0.00525712
0 0.338732 0.723545 0.0867085 0.104328 0.00487318
0 0.471438 0.809887 0.0611862 0.10737 0.00480635
0 0.509146 0.83218 0.111344 0.121111 0.00473926
0 0.201832 0.541348 0.0578677 0.0719287 0.00471341
0 0.739652 0.0858329 0.154654 0.154983 0.00464316
0 0.18916 0.469587 0.0207782 0.0209833 0.00454808
0 0.454161 0.802443 0.053176 0.102188 0.00438164
0 0.630221 0.918255 0.194341 0.149724 0.0043186
0 0.870135 0.664548 0.0873266 0.140677 0.00429068
0 0.228702 0.57187 0.042572 0.0579279 0.0042729
0 0.351425 0.698942 0.0399617 0.0300503 0.0042674
0 0.790491 0.050959 0.104377 0.0931528 0.00419896
0 0.427724 0.80709 0.0780746 0.102955 0.00412885
0 0.837787 0.668971 0.136252 0.209507 0.00408855
0 0.184118 0.670173 0.0289744 0.0427325 0.00402959
0 0.311875 0.724025 0.103032 0.0648735 0.00402666
0 0.879911 0.623787 0.188259 0.233855 0.00391027
0 0.239773 0.579777 0.0271435 0.0503004 0.00386351
0 0.578294 0.900472 0.217427 0.152332 0.00381732
0 0.766033 0.0549089 0.118873 0.102374 0.00379971
0 0.949887 0.384377 0.0171703 0.0299828 0.00378311
0 0.741914 0.29692 0.0129873 0.0101696 0.00377332
0 0.859035 0.700024 0.108164 0.179336 0.00373225
0 0.637375 0.861361 0.210762 0.227399 0.00371173
0 0.35725 0.689524 0.020507 0.0234704 0.00370336
0 0.959303 0.377322 0.0258116 0.0231696 0.00343697
0 0.599335 0.903447 0.0869271 0.0975054 0.00342078
0 0.189213 0.667875 0.0385844 0.0571605 0.00335833
0 0.207629 0.528956 0.0813133 0.0779301 0.00332693
0 0.186656 0.577783 0.105972 0.104996 0.00326593
0 0.323733 0.738098 0.0850032 0.109183 0.00326244
0 0.33141 0.692728 0.0860745 0.0600032 0.00318613
0 0.557007 0.947385 0.0240606 0.0279202 0.00315713
0 0.177749 0.587844 0.0767463 0.0670985 0.00312509
0 0.244762 0.57358 0.0261075 0.0301563 0.00305514
0 0.233642 0.511162 0.0265264 0.0290099 0.00299833
0 0.407632 0.765472 0.211542 0.183703 0.00297358
0 0.423219 0.812602 0.0647471 0.0637421 0.00260149
0 0.362092 0.71437 0.114961 0.0737995 0.00242079
0 0.448348 0.822214 0.0897483 0.133707 0.00239594
0 0.473217 0.818059 0.0538323 0.063805 0.00237748
0 0.460846 0.759021 0.0244312 0.0282758 0.00236457
0 0.201895 0.65668 0.0649376 0.0732017 0.0023073
0 0.447812 0.763664 0.0462839 0.0441879 0.00229577
0 0.230887 0.519157 0.03641 0.0368551 0.00219695
0 0.845249 0.705471 0.0895636 0.126194 0.00218457
0 0.0380024 0.957342 0.0559889 0.0667313 0.00215169
0 0.478393 0.787878 0.112382 0.102079 0.00210445
0 0.273111 0.700054 0.169415 0.0991928 0.00209376
0 0.798288 0.0691752 0.129605 0.133583 0.00208284
0 0.596045 0.887291 0.143831 0.0889256 0.00199542
0 0.960039 0.37071 0.0339283 0.0410949 0.00188555
0 0.523311 0.834043 0.204132 0.187742 0.00187828
0 0.990053 0.342631 0.0131451 0.0196781 0.00181244
0 0.499265 0.798735 0.0665988 0.0686243 0.00179198
0 0.662185 0.870227 0.087653 0.037429 0.00178347
0 0.191274 0.634928 0.0685389 0.102343 0.00173866
0 0.902087 0.602178 0.0398926 0.106417 0.00162385
0 0.670316 0.888653 0.266697 0.222693 0.00160422
0 0.290337 0.666595 0.177936 0.163888 0.00159863
0 0.954487 0.355577 0.0241306 0.0431086 0.00158581
0 0.914923 0.563717 0.0191956 0.0341911 0.0015533
0 0.900192 0.654335 0.199615 0.238316 0.00152776
0 0.626473 0.878281 0.0445951 0.0432398 0.00152626
0 0.490492 0.857013 0.0834768 0.134781 0.00152555
0 0.743765 0.296752 0.016993 0.014537 0.00151795
0 0.573668 0.936529 0.0517108 0.0529943 0.00149858
0 0.820328 0.0735777 0.210673 0.147155 0.00146652
0 0.993169 0.340022 0.00933094 0.0242707 0.00144702
0 0.826278 0.0971165 0.294913 0.194233 0.00137776
0 0.6605 0.871872 0.102559 0.101162 0.00128859
0 0.851028 0.343808 0.0217964 0.0241963 0.00127357
0 0.609074 0.93354 0.127166 0.132921 0.00126237
0 0.900292 0.593532 0.0248119 0.0815596 0.00125726
0 0.760207 0.10203 0.122005 0.123968 0.00124803
0 0.817666 0.0289147 0.0407337 0.0397073 0.00124758
0 0.211726 0.548133 0.05693 0.0649918 0.00122572
0 0.729784 0.0669757 0.208997 0.133951 0.00121938
0 0.820464 0.0190534 0.0330385 0.0261152 0.00121157
0 0.409126 0.110064 0.0406114 0.0165018 0.00119836
0 0.156672 0.607262 0.0357749 0.0320542 0.00115656
0 0.289965 0.656995 0.221308 0.229006 0.00114048
0 0.368048 0.717836 0.144383 0.11383 0.0011199
0 0.312674 0.706743 0.0564442 0.0588283 0.00111138
0 0.798702 0.100652 0.182641 0.175641 0.00111064
0 0.311584 0.722781 0.064544 0.0544376 0.00110385
0 0.426256 0.775835 0.0816304 0.0839526 0.00109413
0 0.410623 0.110774 0.0428285 0.0103862 0.00105988
0 0.769749 0.650007 0.332603 0.232712 0.0010534
0 0.852108 0.719585 0.128191 0.254578 0.00104343
0 0.335378 0.685216 0.12541 0.141295 0.00104178
0 0.862797 0.598543 0.12771 0.171339 0.00103051
0 0.175678 0.567763 0.0601069 0.0863104 0.00102358
0 0.614313 0.896783 0.0577189 0.0656937 0.00101206
0 0.216005 0.597129 0.058738 0.0611831 0.00101135
0 0.351681 0.702433 0.0522715 0.0573678 0.00101096
0 0.227261 0.530411 0.04755 0.0612312 0.00100078
