0 0.240507 0.543185 0.05895 0.0376252 0.801448
0 0.404554 0.5187 0.0472679 0.0333741 0.755216
0 0.626784 0.53296 0.348029 0.119272 0.684428
0 0.342734 0.495204 0.042184 0.0383438 0.680566
0 0.686976 0.475425 0.0808022 0.0629259 0.412434
0 0.247323 0.54828 0.0447027 0.0319532 0.161763
0 0.694718 0.485348 0.122967 0.0989377 0.0837624
0 0.245819 0.550057 0.0632326 0.0382859 0.065336
0 0.629279 0.541485 0.156498 0.0985229 0.0561132
0 0.98087 0.493292 0.0357103 0.0514256 0.0444831
0 0.240269 0.548581 0.0733763 0.081356 0.0422751
0 0.236534 0.535139 0.0635746 0.0380048 0.0377558
0 0.337369 0.490031 0.0331597 0.0314363 0.0369305
0 0.413436 0.522484 0.0320477 0.0279998 0.0315432
0 0.334802 0.495938 0.0335055 0.0303832 0.0249417
0 0.712124 0.496456 0.171354 0.116745 0.0240377
0 0.642625 0.570633 0.337198 0.169752 0.0206278
0 0.342519 0.507598 0.0375791 0.0323234 0.0169477
0 0.696462 0.497826 0.263041 0.218724 0.0160164
0 0.403728 0.529243 0.0768187 0.0953436 0.0143345
0 0.581695 0.509369 0.319974 0.0819732 0.0143157
0 0.352571 0.504715 0.063384 0.0425302 0.0105546
0 0.348474 0.506397 0.0806279 0.10196 0.0092699
0 0.403493 0.509831 0.0441774 0.0371255 0.00897451
0 0.254939 0.541782 0.0706359 0.0378151 0.00865989
0 0.240681 0.547565 0.205915 0.251927 0.00791587
0 0.606519 0.487419 0.329663 0.115521 0.00730739
0 0.332347 0.509653 0.079957 0.08599 0.00674595
0 0.69175 0.50961 0.24204 0.137394 0.00667165
0 0.654829 0.463402 0.254829 0.211979 0.0062068
0 0.712169 0.476371 0.136113 0.0730881 0.00586967
0 0.228081 0.535711 0.0437479 0.0309813 0.00569643
0 0.417254 0.520836 0.0558388 0.0298361 0.00569339
0 0.675625 0.471895 0.0565011 0.052696 0.00562421
0 0.721419 0.534405 0.186145 0.0912182 0.00539949
0 0.347926 0.489546 0.0361495 0.0359027 0.00537764
0 0.577352 0.509535 0.428257 0.163068 0.00523928
0 0.339121 0.484264 0.0425425 0.0349368 0.00422546
0 0.242874 0.530136 0.06517 0.0560255 0.00388434
0 0.390953 0.516228 0.0672328 0.0337452 0.00384115
0 0.58911 0.52176 0.160338 0.0990967 0.00372025
0 0.331888 0.499823 0.0668976 0.0417347 0.00360406
0 0.390897 0.498977 0.21893 0.284658 0.00345699
0 0.328998 0.492378 0.0360481 0.0305243 0.00344434
0 0.517205 0.644071 0.613694 0.325535 0.00328363
0 0.871323 0.532205 0.0694897 0.0217532 0.00293272
0 0.765463 0.570291 0.0864645 0.038161 0.00271921
0 0.262573 0.550654 0.0170482 0.0195932 0.00259358
0 0.533611 0.513328 0.173553 0.0624425 0.00245669
0 0.483039 0.511344 0.0639235 0.0530073 0.00243497
0 0.569984 0.586895 0.564678 0.221611 0.00235975
0 0.510478 0.512718 0.340563 0.074697 0.00234151
0 0.392873 0.505567 0.0491729 0.0456351 0.00230254
0 0.416131 0.522957 0.127773 0.0443742 0.00228789
0 0.726734 0.529058 0.274498 0.164204 0.00225956
0 0.392948 0.505892 0.0815085 0.0377975 0.00225096
0 0.391241 0.517225 0.029285 0.0349043 0.00210478
0 0.263503 0.549761 0.0376742 0.0273561 0.00208304
0 0.510273 0.514967 0.12009 0.054115 0.00207543
0 0.350041 0.507958 0.036609 0.0364919 0.00205122
0 0.61236 0.547008 0.170865 0.140325 0.00198042
0 0.662494 0.52685 0.13935 0.0921058 0.00195798
0 0.470748 0.507748 0.0446156 0.0394689 0.00187871
0 0.406623 0.533223 0.0486624 0.0465626 0.00185403
0 0.266205 0.537349 0.123846 0.0866278 0.00185231
0 0.980573 0.483291 0.0315193 0.0464672 0.00179941
0 0.679426 0.550175 0.259156 0.115161 0.00172358
0 0.298445 0.500937 0.216623 0.227478 0.00163081
0 0.406557 0.509426 0.0607542 0.0528552 0.00161487
0 0.878863 0.532349 0.0414793 0.0212234 0.00159115
0 0.390108 0.509889 0.0371463 0.0271178 0.00146836
0 0.228291 0.547659 0.0756162 0.0378979 0.00146143
0 0.508156 0.529025 0.444054 0.117447 0.00143032
0 0.738482 0.561024 0.142207 0.0658085 0.0014051
0 0.634654 0.512867 0.0790506 0.0438235 0.00140426
0 0.419198 0.523626 0.0726559 0.0500362 0.00133727
0 0.470508 0.511241 0.067459 0.0421605 0.00132794
0 0.758609 0.567991 0.102473 0.0563231 0.00128775
0 0.632176 0.51053 0.0479933 0.038193 0.00128519
0 0.970716 0.516472 0.0575878 0.103106 0.00125067
0 0.34263 0.48338 0.0486357 0.0583106 0.00123208
0 0.681543 0.458486 0.0779338 0.0557786 0.00121118
0 0.646701 0.472953 0.220254 0.065281 0.00120197
0 0.637024 0.572269 0.154177 0.146592 0.0011817
0 0.328702 0.486641 0.0267084 0.0295944 0.00118088
0 0.614995 0.497988 0.15238 0.0743103 0.00117762
0 0.866739 0.532139 0.0766897 0.0321763 0.00116035
0 0.26139 0.543789 0.0324453 0.0284393 0.0011391
0 0.850287 0.532907 0.102437 0.0384676 0.00113221
0 0.274652 0.542792 0.145581 0.0493954 0.001114
0 0.710234 0.477341 0.0656558 0.0662781 0.00108302
0 0.492388 0.509441 0.099787 0.0463424 0.00106357
0 0.710497 0.553056 0.18816 0.0834832 0.00105689
0 0.509121 0.542025 0.599829 0.200948 0.0010326
0 0.468235 0.498835 0.0409899 0.0208255 0.00101559
0 0.778749 0.576972 0.068285 0.0299878 0.00100832
