0 0.499841 0.502635 0.0414943 0.0286305 0.743886
0 0.526559 0.298442 0.0173671 0.0402822 0.572666
0 0.526206 0.295667 0.0136104 0.0296056 0.389702
0 0.498631 0.506325 0.0424597 0.0521537 0.120781
0 0.00611613 0.318285 0.0122323 0.0380802 0.0594142
0 0.52805 0.30936 0.0193379 0.0400053 0.0476782
0 0.00874366 0.324944 0.0135873 0.0454285 0.0374137
0 0.528192 0.301152 0.0244734 0.0502742 0.0372117
0 0.492181 0.504995 0.0331573 0.0291279 0.0329642
0 0.507949 0.503384 0.0335917 0.032975 0.0326536
0 0.00567826 0.31123 0.0109024 0.0256079 0.0290521
0 0.0103443 0.323682 0.0206886 0.0543807 0.014029
0 0.534299 0.303533 0.0272832 0.0472397 0.0103415
0 0.00603642 0.0120243 0.0120728 0.0168209 0.00708708
0 0.491209 0.498909 0.0283746 0.0249003 0.00609089
0 0.49719 0.517379 0.0394765 0.0419526 0.0049878
0 0.50038 0.518533 0.0659087 0.0852489 0.00404706
0 0.489702 0.510047 0.0484371 0.0368773 0.00386378
0 0.876966 0.98079 0.0109383 0.0304159 0.00357969
0 0.00464789 0.301017 0.00929579 0.0469925 0.00318066
0 0.00927999 0.309744 0.0151418 0.0353365 0.00286229
0 0.00354584 0.307752 0.00664787 0.0267763 0.00283408
0 0.00359204 0.318103 0.00700276 0.0429612 0.0027727
0 0.00433225 0.0123055 0.00866449 0.0222003 0.00267186
0 0.005962 0.33963 0.011924 0.0534932 0.00233055
0 0.19341 0.0340606 0.0118066 0.0180618 0.00209069
0 0.512542 0.510434 0.0465705 0.0426991 0.00187744
0 0.497894 0.520374 0.0476525 0.0652306 0.00183213
0 0.511366 0.503792 0.0791846 0.0879891 0.00174615
0 0.504912 0.491366 0.032956 0.0354148 0.00173859
0 0.00467173 0.317853 0.00934346 0.0308571 0.00168884
0 0.527852 0.317834 0.0236075 0.0415788 0.00168807
0 0.878838 0.97223 0.0295526 0.0505287 0.00168311
0 0.497264 0.491333 0.0385458 0.025351 0.00166168
0 0.0101912 0.315549 0.0203825 0.0826934 0.00163586
0 0.529601 0.322231 0.0182878 0.02984 0.00159438
0 0.526654 0.309661 0.0529631 0.0596362 0.00154124
0 0.483398 0.504316 0.0613308 0.0388094 0.00151645
0 0.879738 0.979491 0.0220932 0.031171 0.00147959
0 0.00442834 0.307906 0.00885668 0.0192114 0.00146249
0 0.496155 0.493897 0.0585579 0.0396546 0.00144674
0 0.982449 0.819729 0.0188412 0.0219707 0.00140866
0 0.0173586 0.331788 0.0291015 0.0575826 0.00139765
0 0.00737283 0.29951 0.0130298 0.0693473 0.0013516
0 0.534448 0.312785 0.0241988 0.0412673 0.00134072
0 0.976254 0.818786 0.0282442 0.0320032 0.0013179
0 0.486753 0.512323 0.0901958 0.104 0.00128078
0 0.874284 0.981894 0.0108763 0.0259054 0.00127343
0 0.00352432 0.299115 0.00704864 0.0331573 0.00124256
0 0.544146 0.308364 0.0389087 0.053446 0.00121751
0 0.73764 0.971368 0.0412153 0.0486015 0.00117438
0 0.5288 0.115229 0.011209 0.0168532 0.00116333
0 0.522305 0.320289 0.0294615 0.0429276 0.00110487
0 0.19579 0.0363117 0.0144086 0.0210224 0.00110172
0 0.979792 0.881144 0.0181793 0.0241678 0.00109769
0 0.37132 0.49585 0.00989785 0.0126508 0.0010976
0 0.492524 0.496566 0.219581 0.316489 0.00107055
0 0.302335 0.806618 0.0298389 0.0521923 0.00104741
0 0.973143 0.879749 0.0340279 0.0377327 0.00104455
0 0.875417 0.969665 0.0140678 0.0428932 0.00104083
0 0.976002 0.826165 0.0294909 0.0290718 0.00102328
0 0.415103 0.971125 0.0452484 0.05105 0.00100767
