0 0.0508215 0.4196 0.101643 0.148444 0.698781
0 0.161164 0.257098 0.0527048 0.0564163 0.481346
0 0.153075 0.258145 0.0820171 0.0655744 0.446302
0 0.216746 0.178933 0.02504 0.0185358 0.262415
0 0.257306 0.136157 0.0280584 0.0311453 0.209646
0 0.0848294 0.3729 0.0271758 0.0373496 0.18132
0 0.0637068 0.416353 0.127414 0.182437 0.115764
0 0.00838555 0.474459 0.0167711 0.0345995 0.102761
0 0.138099 0.261339 0.136218 0.0751101 0.0657528
0 0.0588907 0.398995 0.0851851 0.10643 0.0561722
0 0.256664 0.137541 0.0344906 0.0455399 0.0279785
0 0.252467 0.139924 0.0251427 0.0261855 0.0272359
0 0.0304618 0.348036 0.0115313 0.0130965 0.022923
0 0.0438865 0.444098 0.0855058 0.153394 0.0226053
0 0.0896643 0.373158 0.0217909 0.0301353 0.0223777
0 0.0317966 0.351826 0.0123588 0.0125206 0.0183573
0 0.171884 0.249519 0.0634531 0.067389 0.0154587
0 0.00795541 0.419821 0.014895 0.0160184 0.0153486
0 0.0822817 0.37462 0.0424938 0.0416263 0.0148781
0 0.155287 0.243177 0.0958706 0.0826801 0.0144897
0 0.139849 0.250684 0.183085 0.190554 0.0139244
0 0.0307377 0.348398 0.015473 0.0163384 0.0128638
0 0.0477114 0.467307 0.0954229 0.234579 0.0121882
0 0.149335 0.260151 0.0484967 0.0548497 0.0115711
0 0.122192 0.269365 0.103148 0.0574563 0.00932396
0 0.0354755 0.412986 0.070951 0.106797 0.00904776
0 0.0704105 0.415125 0.0891116 0.143728 0.00869516
0 0.0114797 0.471998 0.0229593 0.0411209 0.00828443
0 0.136719 0.262607 0.0859152 0.0590677 0.00747934
0 0.0209044 0.420647 0.0418088 0.0536459 0.00711812
0 0.178281 0.250432 0.189489 0.217444 0.00696451
0 0.223005 0.165552 0.0458708 0.052756 0.00686126
0 0.219489 0.178127 0.0359276 0.0588833 0.00660741
0 0.0576319 0.387672 0.115264 0.156365 0.00645601
0 0.113459 0.277683 0.064101 0.0342203 0.00640346
0 0.00918681 0.421559 0.0182318 0.0266125 0.00638514
0 0.33201 0.0439098 0.0430562 0.0687617 0.00613267
0 0.156536 0.237645 0.114426 0.117761 0.00585987
0 0.10938 0.280218 0.0475416 0.0266613 0.0057175
0 0.0257108 0.426142 0.0514216 0.116364 0.00535366
0 0.478272 0.646011 0.0142326 0.019645 0.00521168
0 0.0052194 0.477039 0.0104388 0.0288295 0.00511373
0 0.154676 0.270694 0.0468731 0.0531357 0.00509598
0 0.135826 0.617367 0.0158133 0.00979671 0.00439355
0 0.224378 0.172176 0.0282629 0.0305856 0.00418697
0 0.129398 0.0984514 0.0146022 0.00861015 0.00376852
0 0.0120184 0.477391 0.0240368 0.0612466 0.00364274
0 0.214065 0.184582 0.0257884 0.0266157 0.00360629
0 0.254377 0.145842 0.0280332 0.0350628 0.00347144
0 0.0909919 0.374701 0.0356109 0.0548394 0.00345121
0 0.127631 0.279899 0.136334 0.11608 0.00336636
0 0.478271 0.644639 0.00679483 0.020995 0.00304909
0 0.344435 0.0399951 0.0705032 0.0799901 0.00301986
0 0.00492409 0.419633 0.00984818 0.0169778 0.00298921
0 0.0692019 0.481525 0.138404 0.292507 0.00296235
0 0.434006 0.300543 0.102884 0.131711 0.00291599
0 0.0184642 0.470756 0.0349624 0.0701438 0.00278244
0 0.00987894 0.413236 0.0197579 0.0317583 0.00275334
0 0.00713413 0.472524 0.0142683 0.0253963 0.00273546
0 0.0751934 0.300944 0.0187809 0.0195797 0.00268414
0 0.477899 0.644612 0.0132932 0.0317991 0.00263505
0 0.0443554 0.508549 0.0887108 0.359196 0.00253934
0 0.0813389 0.375529 0.0756749 0.0821736 0.00247599
0 0.0282186 0.352657 0.0171895 0.0158991 0.0024628
0 0.227272 0.163456 0.0601797 0.0755476 0.0024502
0 0.0064169 0.420626 0.0128338 0.0113704 0.002308
0 0.0456141 0.402636 0.0570553 0.0552564 0.00230124
0 0.186742 0.219561 0.122686 0.121169 0.00227245
0 0.0287569 0.352268 0.0116455 0.0213222 0.0022164
0 0.0169502 0.419628 0.0339005 0.0259987 0.0022099
0 0.0225636 0.408383 0.0451273 0.0688335 0.00219141
0 0.07873 0.373033 0.15746 0.238322 0.00206186
0 0.25914 0.141428 0.0564091 0.0447102 0.0020451
0 0.245499 0.147483 0.0662931 0.0589782 0.00201003
0 0.246642 0.14757 0.0315244 0.0342725 0.00197016
0 0.0347671 0.476824 0.0695342 0.186619 0.00196782
0 0.134617 0.32774 0.14548 0.266228 0.00193795
0 0.33452 0.0357994 0.0333081 0.0544985 0.00187149
0 0.135748 0.619486 0.0192068 0.013967 0.00185291
0 0.480544 0.649131 0.0216376 0.0285006 0.0017846
0 0.208138 0.184576 0.039861 0.0368422 0.00176917
0 0.146543 0.221852 0.246568 0.180506 0.00169022
0 0.236698 0.0435026 0.0127003 0.00867209 0.00168466
0 0.102851 0.281863 0.0315837 0.0241337 0.00159534
0 0.0901503 0.378005 0.0308631 0.0325532 0.00156466
0 0.185874 0.218604 0.154988 0.161594 0.00150247
0 0.135263 0.254928 0.0547513 0.0583929 0.00150223
0 0.0408504 0.421644 0.0574516 0.0645816 0.00149769
0 0.325455 0.0474101 0.0824971 0.094511 0.00148564
0 0.21358 0.198604 0.048012 0.0594479 0.00143303
0 0.0079064 0.484356 0.0144891 0.0373222 0.00139661
0 0.253023 0.13265 0.0601778 0.0577584 0.00138203
0 0.130983 0.098052 0.015646 0.0127796 0.00137071
0 0.11312 0.290878 0.216011 0.194001 0.00135702
0 0.325129 0.0519162 0.0602645 0.0769045 0.00131601
0 0.163455 0.238863 0.0612497 0.0804667 0.00128202
0 0.115648 0.286307 0.0863382 0.0612304 0.00123794
0 0.920007 0.0957728 0.153501 0.103652 0.00122441
0 0.224458 0.187033 0.03939 0.0414198 0.00122215
0 0.173073 0.270038 0.0952479 0.107311 0.00118107
0 0.949794 0.959785 0.0813778 0.0634254 0.00109872
0 0.0197192 0.407289 0.0394384 0.0441365 0.00109541
0 0.740032 0.326773 0.0573481 0.0865438 0.00107715
0 0.0338097 0.450061 0.0576396 0.0884275 0.00103075
0 0.0907852 0.365414 0.0284537 0.0249202 0.00101809
0 0.11715 0.26822 0.0549793 0.0454914 0.00101689
