0 0.558747 0.638007 0.057685 0.10323 0.785495
0 0.430572 0.262323 0.128525 0.254091 0.741773
0 0.668764 0.891519 0.0209617 0.0407631 0.669609
0 0.33384 0.102702 0.0307693 0.0346515 0.581088
0 0.653947 0.840493 0.0294719 0.0220716 0.397524
0 0.619616 0.786256 0.0138956 0.0205244 0.388926
0 0.660878 0.864365 0.0331543 0.0654127 0.335236
0 0.668248 0.885572 0.0298228 0.0571222 0.171637
0 0.656898 0.850453 0.0367989 0.0444435 0.0853142
0 0.342557 0.105512 0.0430821 0.0360709 0.0498204
0 0.660224 0.843453 0.0444097 0.0289568 0.0447497
0 0.42724 0.233628 0.18091 0.36945 0.0414258
0 0.568559 0.660801 0.0373291 0.0479391 0.0406336
0 0.619301 0.786585 0.0222805 0.0260434 0.0361957
0 0.549238 0.64291 0.165689 0.193153 0.0328377
0 0.563917 0.652146 0.050314 0.0670466 0.0319075
0 0.650244 0.839819 0.0202168 0.017893 0.0288285
0 0.443236 0.300442 0.0958322 0.219935 0.0263767
0 0.661696 0.868597 0.0494356 0.0694635 0.0213264
0 0.33704 0.109091 0.0301217 0.0385424 0.02014
0 0.552996 0.638283 0.0521051 0.0686594 0.019202
0 0.543498 0.614029 0.0299442 0.0521237 0.0169152
0 0.55044 0.620917 0.0485084 0.0602715 0.0149259
0 0.344438 0.110977 0.0476293 0.0579301 0.0148754
0 0.659639 0.886237 0.035403 0.0575191 0.0144827
0 0.46692 0.256432 0.228206 0.302491 0.012441
0 0.329209 0.0986579 0.0220441 0.0334613 0.0110756
0 0.391058 0.250741 0.150555 0.317356 0.00964124
0 0.574167 0.667303 0.0289001 0.0473994 0.00801148
0 0.67222 0.899911 0.0136796 0.0386791 0.00768277
0 0.459468 0.281799 0.139363 0.268206 0.00683845
0 0.542583 0.64359 0.0652781 0.108909 0.00545348
0 0.659715 0.875005 0.0618788 0.0998894 0.00506843
0 0.33333 0.106136 0.0472821 0.0537881 0.00500808
0 0.651099 0.848085 0.0273332 0.0361378 0.00480879
0 0.4037 0.261151 0.101345 0.276335 0.00472828
0 0.539604 0.609905 0.0211837 0.0363023 0.00441008
0 0.619574 0.78988 0.0274118 0.0574444 0.00438702
0 0.665226 0.897349 0.0257689 0.0438454 0.00418874
0 0.363511 0.116312 0.0829814 0.0777873 0.00400122
0 0.32355 0.0472087 0.0143397 0.0336924 0.00391478
0 0.619099 0.779329 0.0174411 0.0275427 0.00355012
0 0.347616 0.100926 0.062845 0.0506873 0.00351025
0 0.570974 0.673197 0.023635 0.0353771 0.0034912
0 0.44475 0.32603 0.0678449 0.177067 0.00336669
0 0.570588 0.644616 0.0540005 0.0931499 0.00309544
0 0.56418 0.670114 0.0406518 0.0493089 0.0029447
0 0.330975 0.0902508 0.028876 0.0485444 0.00292561
0 0.657299 0.834391 0.0342578 0.0314579 0.00278331
0 0.667482 0.84647 0.0365289 0.0264669 0.00259563
0 0.413858 0.0355059 0.0139222 0.0188859 0.00255881
0 0.32612 0.0595714 0.0192576 0.0629237 0.00250796
0 0.338885 0.117581 0.0348958 0.0411454 0.00248401
0 0.528807 0.7073 0.0116403 0.0186527 0.00230416
0 0.32352 0.0410147 0.0189059 0.0470417 0.00219962
0 0.434343 0.252379 0.0681256 0.104098 0.00216287
0 0.485877 0.217453 0.312091 0.404225 0.0021405
0 0.37454 0.116922 0.11678 0.122436 0.00211782
0 0.447072 0.277954 0.0791138 0.132644 0.00205001
0 0.455182 0.365205 0.047177 0.0730839 0.00200995
0 0.67228 0.883699 0.073311 0.104595 0.00198539
0 0.673336 0.869108 0.0357303 0.075948 0.0018716
0 0.372374 0.282876 0.251482 0.284905 0.00183186
0 0.585571 0.612256 0.191869 0.20736 0.00178981
0 0.4536 0.354985 0.0866762 0.197334 0.00170779
0 0.674048 0.85302 0.0261862 0.0315931 0.00170197
0 0.671341 0.904417 0.0269588 0.0561993 0.00168663
0 0.671629 0.910579 0.0124475 0.0368095 0.00165396
0 0.653416 0.866919 0.031524 0.053163 0.00164304
0 0.620081 0.796269 0.0156039 0.0303001 0.0015594
0 0.33154 0.975244 0.00944762 0.016477 0.00154365
0 0.433681 0.331436 0.100081 0.342318 0.00153683
0 0.328281 0.0684899 0.025945 0.0770789 0.00151003
0 0.416114 0.219532 0.130225 0.216927 0.00149941
0 0.675062 0.849293 0.0189194 0.02157 0.00146517
0 0.330986 0.089843 0.0261367 0.0319463 0.00144448
0 0.565143 0.670082 0.0459282 0.0839236 0.00142838
0 0.408907 0.94976 0.0391935 0.0701738 0.00142697
0 0.431647 0.200681 0.275897 0.401362 0.0013896
0 0.332241 0.98025 0.013139 0.0147854 0.0013664
0 0.954165 0.962292 0.0673946 0.0623625 0.00135883
0 0.343899 0.106496 0.0904504 0.141703 0.00133639
0 0.736905 0.866112 0.00905066 0.0151276 0.00130582
0 0.39702 0.188236 0.179757 0.324981 0.00129896
0 0.343513 0.12376 0.0591975 0.0711036 0.00128485
0 0.455496 0.347262 0.0668287 0.0932964 0.00126482
0 0.0364281 0.945007 0.0647126 0.100605 0.00123839
0 0.64434 0.852295 0.193335 0.231299 0.00121471
0 0.529294 0.709065 0.0164579 0.0266863 0.00121274
0 0.365004 0.129872 0.0636778 0.0637185 0.00118093
0 0.326512 0.107174 0.0769743 0.125965 0.00115556
0 0.653421 0.881199 0.0420382 0.0735189 0.00112108
0 0.561291 0.624654 0.0543766 0.0572245 0.00111453
0 0.108002 0.943021 0.183192 0.111353 0.00111043
0 0.336871 0.980835 0.0134773 0.0175919 0.00110076
0 0.531541 0.710747 0.0173516 0.0179661 0.00108298
0 0.542609 0.630734 0.0385385 0.0760048 0.00107384
0 0.553359 0.607466 0.0431019 0.0526003 0.0010707
0 0.291349 0.912628 0.117096 0.174744 0.00106803
0 0.34205 0.0826898 0.0691228 0.103283 0.00105504
0 0.330269 0.974812 0.0138605 0.0224794 0.00101366
0 0.700553 0.0201851 0.549994 0.0403702 0.00101254
