0 0.769922 0.858602 0.134404 0.0970255 0.832394
0 0.516969 0.284808 0.0281501 0.035848 0.818591
0 0.975105 0.714305 0.04979 0.112198 0.807095
0 0.114134 0.00763197 0.0228359 0.0152639 0.706033
0 0.628035 0.896328 0.0199104 0.0148453 0.649879
0 0.135595 0.0244176 0.0559586 0.0473528 0.577752
0 0.144026 0.0284196 0.0423854 0.0401384 0.474358
0 0.731155 0.777478 0.0178571 0.0122052 0.414928
0 0.148393 0.0321334 0.0279989 0.0345739 0.225054
0 0.73744 0.88436 0.0526846 0.0371704 0.211918
0 0.121128 0.0123946 0.0352836 0.0247892 0.189792
0 0.829785 0.822542 0.0132219 0.0171957 0.178804
0 0.774155 0.86095 0.0966561 0.078092 0.114859
0 0.976339 0.710037 0.0473223 0.0715878 0.107705
0 0.764067 0.84978 0.157371 0.139217 0.0992853
0 0.746763 0.874338 0.0907038 0.0543072 0.0670526
0 0.118165 0.00913676 0.027108 0.0182735 0.0651308
0 0.62683 0.897549 0.0226618 0.0224028 0.0516278
0 0.82624 0.827931 0.0185678 0.0234427 0.0470048
0 0.79354 0.849322 0.107684 0.0748554 0.0351906
0 0.755143 0.873306 0.113978 0.0822821 0.0347158
0 0.63276 0.89697 0.0206752 0.0181635 0.0322309
0 0.939397 0.704985 0.121205 0.210064 0.0318932
0 0.136978 0.0381009 0.0735817 0.0762018 0.0317987
0 0.518526 0.279194 0.0234164 0.0264045 0.0218834
0 0.517977 0.295399 0.0251712 0.0369308 0.0215884
0 0.734854 0.88928 0.0375707 0.0298965 0.0207599
0 0.731441 0.778062 0.021329 0.0192751 0.0188895
0 0.121984 0.0241275 0.0468813 0.0482551 0.0183458
0 0.510705 0.285177 0.0242895 0.0292713 0.0156639
0 0.811621 0.840923 0.0533619 0.0539341 0.0147009
0 0.730029 0.783495 0.0183245 0.0169102 0.0129455
0 0.10993 0.0102203 0.0285865 0.0204407 0.011773
0 0.951833 0.725996 0.0963337 0.226848 0.0111714
0 0.729632 0.781931 0.0244429 0.0221814 0.00949935
0 0.829552 0.825912 0.0176329 0.0202568 0.00911941
0 0.126968 0.0324777 0.077732 0.0649553 0.00905761
0 0.734094 0.775282 0.0203119 0.0142733 0.00904142
0 0.822712 0.827888 0.024864 0.0283911 0.00724194
0 0.631369 0.898014 0.0343982 0.0536011 0.00686828
0 0.139903 0.0185846 0.0470415 0.0371693 0.00641933
0 0.979328 0.687159 0.0413434 0.0724647 0.00634676
0 0.78264 0.830642 0.118511 0.0808563 0.00634474
0 0.81637 0.839796 0.0434084 0.0378252 0.00631155
0 0.833645 0.824111 0.0177547 0.0151281 0.00606416
0 0.137012 0.0337658 0.0452819 0.0476344 0.00605482
0 0.635329 0.899482 0.0297032 0.0194378 0.00605239
0 0.118569 0.021267 0.0303186 0.0425341 0.00589243
0 0.726382 0.884038 0.0376451 0.0283983 0.00587898
0 0.811036 0.844526 0.0604483 0.0809793 0.00570909
0 0.805093 0.84457 0.0509947 0.0360775 0.00570893
0 0.963854 0.166254 0.0442327 0.0251271 0.0055812
0 0.141383 0.0816585 0.211158 0.163317 0.00523502
0 0.517581 0.288253 0.0458906 0.03834 0.00501888
0 0.728263 0.77549 0.0217297 0.0197055 0.00452655
0 0.767033 0.849836 0.0571774 0.0691584 0.00421465
0 0.973088 0.737936 0.0464523 0.0717012 0.00407373
0 0.624187 0.890831 0.0242895 0.0263206 0.00404398
0 0.807814 0.83541 0.0523474 0.0347542 0.00367503
0 0.156648 0.0303575 0.0683903 0.0501519 0.00350292
0 0.784352 0.822163 0.202496 0.169239 0.00340374
0 0.762475 0.847583 0.0887808 0.0823177 0.00339454
0 0.735065 0.876422 0.0536469 0.035219 0.00339396
0 0.141618 0.042187 0.0493531 0.046242 0.00337544
0 0.750937 0.885063 0.0797516 0.0443277 0.00333986
0 0.515351 0.296724 0.0185385 0.0298674 0.00291764
0 0.524601 0.282274 0.0321833 0.041091 0.00260775
0 0.215454 0.684808 0.0183764 0.0117714 0.00257807
0 0.835092 0.827751 0.0188444 0.0185431 0.00249746
0 0.965299 0.715336 0.0465279 0.06726 0.00248653
0 0.732333 0.861621 0.142161 0.0878019 0.00243345
0 0.160013 0.0300863 0.0399 0.0378734 0.00237361
0 0.986195 0.724086 0.0276101 0.103954 0.00233152
0 0.0997366 0.0765323 0.194654 0.153065 0.0022521
0 0.954368 0.716051 0.0540257 0.096615 0.00218388
0 0.510375 0.285574 0.0390452 0.0600472 0.00216411
0 0.966272 0.748963 0.0369495 0.0476993 0.00213871
0 0.741862 0.895212 0.0510247 0.038879 0.00211887
0 0.726367 0.890605 0.0327784 0.0338533 0.00208553
0 0.793972 0.842941 0.0554968 0.0409361 0.00203738
0 0.512771 0.278173 0.0294784 0.0362546 0.00195824
0 0.625535 0.906321 0.0357794 0.0658543 0.00194948
0 0.979057 0.715042 0.0418865 0.12167 0.00190947
0 0.350612 0.050684 0.0111215 0.0188324 0.00189802
0 0.102183 0.00882994 0.0234402 0.0176599 0.00189706
0 0.100882 0.00728259 0.0370424 0.0145652 0.00183492
0 0.126871 0.0123025 0.0450127 0.024605 0.0018055
0 0.795331 0.836064 0.0789156 0.0554258 0.00179951
0 0.127303 0.0361303 0.0625506 0.0556823 0.00179284
0 0.231956 0.0960165 0.0168188 0.0178251 0.00178886
0 0.278283 0.779481 0.0188404 0.0173495 0.00176717
0 0.729126 0.889037 0.107884 0.0877367 0.00171404
0 0.630689 0.90979 0.0484468 0.0455763 0.00166403
0 0.727109 0.776007 0.0322075 0.022543 0.00163679
0 0.69961 0.792519 0.0202051 0.0164824 0.00163481
0 0.790557 0.87214 0.137824 0.10035 0.00163197
0 0.986024 0.699121 0.0279528 0.0933561 0.00163136
0 0.983188 0.717022 0.0336246 0.0879539 0.00163025
0 0.98255 0.674116 0.034404 0.0339544 0.0016048
0 0.813393 0.853779 0.145858 0.106092 0.00160187
0 0.973773 0.687166 0.0352928 0.0545973 0.00155367
0 0.525403 0.275048 0.0179048 0.0255631 0.00154319
0 0.961778 0.756782 0.0212582 0.0291329 0.00154055
0 0.109169 0.0248376 0.0463203 0.0496752 0.00153133
0 0.693589 0.792558 0.0127337 0.0124052 0.00152701
0 0.253551 0.063458 0.0124008 0.00818594 0.0015216
0 0.525049 0.273882 0.0228277 0.0169173 0.00150694
0 0.142399 0.0438163 0.0579447 0.0696971 0.00148336
0 0.961161 0.742779 0.0280188 0.0434263 0.00147817
0 0.218617 0.685261 0.0220916 0.0175418 0.00147153
0 0.962483 0.148996 0.0659781 0.0850807 0.0014565
0 0.961588 0.745476 0.0174114 0.0367059 0.00143956
0 0.967333 0.184898 0.0509682 0.0361482 0.00143047
0 0.155067 0.0456848 0.026368 0.0289879 0.00141197
0 0.735717 0.777945 0.0349519 0.0657095 0.00140711
0 0.831105 0.817172 0.0148767 0.0144865 0.00140573
0 0.278282 0.779202 0.0110372 0.0217596 0.00140193
0 0.96393 0.153546 0.0523729 0.0626112 0.00136636
0 0.956328 0.716398 0.0734879 0.120093 0.00135581
0 0.969231 0.172378 0.0479204 0.0244215 0.00134486
0 0.613709 0.89688 0.0379348 0.0250023 0.00133329
0 0.816038 0.849712 0.0382494 0.0385885 0.00127177
0 0.162889 0.0243655 0.0998496 0.0487311 0.00125068
0 0.720187 0.786287 0.0606472 0.0345703 0.00123325
0 0.160159 0.0397385 0.0268796 0.0327434 0.00122041
0 0.825969 0.837842 0.0246078 0.0399639 0.00121296
0 0.990365 0.683071 0.0192698 0.0499017 0.00119592
0 0.614183 0.898398 0.0277649 0.018091 0.00118194
0 0.777125 0.843211 0.0559727 0.0649759 0.00113093
0 0.954031 0.732614 0.0379078 0.0622907 0.00111226
0 0.762395 0.894001 0.116583 0.0849464 0.00110849
0 0.826624 0.837933 0.0312254 0.0612844 0.00110439
0 0.937401 0.123929 0.125199 0.124684 0.00109311
0 0.729019 0.786184 0.0337328 0.0724028 0.00107301
0 0.113064 0.0247758 0.0754506 0.0495516 0.00106892
0 0.503538 0.281062 0.0395398 0.0394906 0.00105956
0 0.960008 0.171243 0.0350369 0.023944 0.0010499
