0 0.839327 0.152964 0.0538719 0.0375917 0.677746
0 0.713677 0.164548 0.0832601 0.0233027 0.475196
0 0.090571 0.636049 0.126073 0.421976 0.365336
0 0.153943 0.381021 0.219951 0.179377 0.361911
0 0.922851 0.990493 0.0177498 0.0152554 0.360913
0 0.330244 0.927894 0.0233357 0.0606291 0.225294
0 0.819932 0.361251 0.0112314 0.0125061 0.157623
0 0.366015 0.298971 0.732031 0.428506 0.121359
0 0.330461 0.813523 0.0191872 0.053313 0.118778
0 0.513078 0.149795 0.37987 0.0692218 0.111011
0 0.295575 0.273235 0.0555077 0.0370545 0.0945903
0 0.406572 0.205193 0.685536 0.259989 0.0937468
0 0.714232 0.163934 0.0588434 0.0197669 0.0898122
0 0.150257 0.508678 0.300514 0.660074 0.0854554
0 0.347347 0.215454 0.0976122 0.104567 0.0809514
0 0.317481 0.502906 0.0204902 0.0764707 0.0584501
0 0.835745 0.157862 0.0408758 0.0294202 0.0537304
0 0.541505 0.142594 0.525626 0.0991784 0.052221
0 0.065453 0.0396415 0.127237 0.079283 0.0495273
0 0.147611 0.429335 0.277839 0.360608 0.0479263
0 0.71033 0.170443 0.0868222 0.0234269 0.0478355
0 0.0908319 0.609354 0.110503 0.24877 0.0462875
0 0.103258 0.550877 0.205904 0.573099 0.0428531
0 0.981974 0.164571 0.025614 0.0138909 0.0401621
0 0.82248 0.360109 0.0135659 0.0148853 0.0348445
0 0.472003 0.156305 0.653685 0.144992 0.03464
0 0.864895 0.153647 0.122092 0.0361424 0.0317373
0 0.713076 0.167999 0.0957086 0.0528942 0.0287328
0 0.328337 0.816378 0.0131071 0.0444283 0.0275333
0 0.359453 0.215994 0.494858 0.213202 0.0273979
0 0.363239 0.215042 0.367743 0.162092 0.0264933
0 0.919353 0.159379 0.105529 0.0164039 0.0256497
0 0.199515 0.00545394 0.0257401 0.0109079 0.0239941
0 0.830041 0.157216 0.0780922 0.0873107 0.0219286
0 0.710141 0.160071 0.0985222 0.0229324 0.021415
0 0.535585 0.150116 0.25187 0.0548512 0.0187796
0 0.0847518 0.746114 0.129207 0.198579 0.0182161
0 0.539445 0.165073 0.489152 0.0861674 0.0165824
0 0.907874 0.158118 0.147202 0.0243521 0.0162501
0 0.174514 0.503767 0.295461 0.462773 0.0151904
0 0.711986 0.166749 0.121423 0.0303485 0.015133
0 0.508884 0.139246 0.281156 0.0838539 0.0130291
0 0.333952 0.818592 0.0167203 0.0514457 0.0127994
0 0.615677 0.151711 0.268111 0.0574563 0.0126091
0 0.310584 0.287332 0.531846 0.339904 0.0120475
0 0.434937 0.393183 0.869873 0.637511 0.0119881
0 0.12932 0.406991 0.162692 0.164481 0.0119501
0 0.328384 0.803588 0.0177301 0.0554017 0.0118394
0 0.922489 0.990263 0.0232289 0.0194749 0.0113452
0 0.0762346 0.475544 0.0543526 0.0822292 0.0112967
0 0.194935 0.358766 0.159056 0.124064 0.010681
0 0.297737 0.28153 0.0809609 0.0359269 0.0104569
0 0.135572 0.430998 0.171469 0.264302 0.00992108
0 0.941246 0.160278 0.0668022 0.0136074 0.00984604
0 0.779439 0.970938 0.0164703 0.00969885 0.00983536
0 0.499723 0.124105 0.544221 0.159752 0.00965563
0 0.62411 0.157447 0.392486 0.0498276 0.00940081
0 0.816636 0.360158 0.0150007 0.0132061 0.00926396
0 0.326916 0.806475 0.0266489 0.0656523 0.00923181
0 0.824002 0.363403 0.0151318 0.0121583 0.0092155
0 0.34073 0.215752 0.202634 0.121664 0.00919184
0 0.300563 0.271975 0.0688399 0.0595148 0.00882344
0 0.32812 0.913845 0.0231056 0.0670824 0.00839955
0 0.547452 0.184957 0.724012 0.195448 0.00830872
0 0.323918 0.22905 0.148456 0.112202 0.00780652
0 0.077843 0.470968 0.0694913 0.0572808 0.00774289
0 0.78043 0.971707 0.0208984 0.0142879 0.00762578
0 0.304444 0.986433 0.0155705 0.0222183 0.00760318
0 0.320172 0.512865 0.0178928 0.0670947 0.00736493
0 0.549201 0.237369 0.84277 0.265507 0.00707504
0 0.322915 0.793533 0.0277351 0.0977047 0.00661038
0 0.890716 0.158399 0.173039 0.0393537 0.00658233
0 0.0435682 0.60678 0.029704 0.0368901 0.00645617
0 0.308306 0.508279 0.0330978 0.0768588 0.00643796
0 0.160022 0.373987 0.157834 0.117478 0.00640909
0 0.317316 0.262091 0.324122 0.188515 0.00602985
0 0.918772 0.156012 0.0552574 0.0121929 0.00579218
0 0.723196 0.161511 0.0572426 0.0162757 0.00546986
0 0.918099 0.153065 0.119486 0.0286002 0.00538922
0 0.411611 0.133178 0.823222 0.266357 0.00536918
0 0.876722 0.149493 0.164932 0.0845478 0.00529308
0 0.318431 0.497074 0.0297842 0.0845682 0.0052042
0 0.976574 0.162726 0.0244161 0.0163406 0.00520235
0 0.654104 0.160023 0.211689 0.0326545 0.00518991
0 0.717055 0.155091 0.0833396 0.0377355 0.00510711
0 0.204339 0.357971 0.232116 0.146786 0.00505566
0 0.244301 0.451006 0.477251 0.752647 0.0049775
0 0.313408 0.514422 0.0225826 0.067697 0.00480552
0 0.702255 0.167868 0.0567704 0.0216582 0.00447948
0 0.941231 0.159969 0.0444294 0.00905874 0.00445932
0 0.916834 0.991935 0.0224636 0.0161308 0.00445773
0 0.844267 0.146541 0.229072 0.265647 0.00442668
0 0.141403 0.350788 0.190474 0.145632 0.00440193
0 0.8483 0.159548 0.065401 0.0495754 0.00437472
0 0.799588 0.15036 0.194183 0.220319 0.00435798
0 0.291515 0.279981 0.0489005 0.0280509 0.00435594
0 0.986206 0.163012 0.0194832 0.0138057 0.00430275
0 0.843564 0.14226 0.0577851 0.0417381 0.00420508
0 0.982755 0.169414 0.027801 0.0251277 0.0040531
0 0.325452 0.823724 0.020373 0.0570313 0.00404812
0 0.316443 0.770451 0.0364444 0.140091 0.00400123
0 0.0765646 0.0486696 0.153129 0.0973393 0.00398193
0 0.163568 0.327221 0.2337 0.212685 0.00397505
0 0.090235 0.571576 0.14359 0.251497 0.00397344
0 0.0843683 0.473502 0.0690377 0.105755 0.00397003
0 0.56744 0.157917 0.173684 0.0447167 0.00388373
0 0.0439537 0.607041 0.0178537 0.0427153 0.00386595
0 0.815138 0.363269 0.0135582 0.0172758 0.0037893
0 0.30133 0.985357 0.0232754 0.0188406 0.00376401
0 0.0107864 0.260486 0.0174575 0.0195589 0.00371537
0 0.365495 0.185956 0.0645501 0.0313013 0.00365684
0 0.739854 0.163437 0.089328 0.0193128 0.00362597
0 0.493554 0.153335 0.167052 0.0834119 0.00342677
0 0.97909 0.164517 0.0368265 0.0239707 0.00328723
0 0.204148 0.00464424 0.0209428 0.00928848 0.0032331
0 0.931737 0.158805 0.0491841 0.00948784 0.00320185
0 0.254373 0.352877 0.508746 0.443536 0.00317673
0 0.542491 0.233816 0.51824 0.284478 0.0031598
0 0.340696 0.934711 0.0254019 0.0582802 0.00313081
0 0.862942 0.145055 0.101448 0.0351538 0.00309897
0 0.820137 0.362502 0.0181324 0.0239649 0.00306063
0 0.783555 0.968165 0.0202726 0.014778 0.00305259
0 0.316227 0.772901 0.0481541 0.187005 0.00298938
0 0.848146 0.138514 0.108518 0.10028 0.00297507
0 0.259879 0.599674 0.519759 0.564904 0.00291777
0 0.0462995 0.828242 0.0460274 0.0342108 0.00290772
0 0.105731 0.443068 0.128957 0.115881 0.00278558
0 0.360176 0.194332 0.0720264 0.0442419 0.00278384
0 0.325033 0.51596 0.0186891 0.0638478 0.00277154
0 0.315004 0.675734 0.0371775 0.0581938 0.00276236
0 0.741265 0.161139 0.0693431 0.0154246 0.0027019
0 0.927253 0.982481 0.0318089 0.0350379 0.00267284
0 0.332581 0.228184 0.05624 0.0755747 0.00264321
0 0.47995 0.200733 0.284309 0.246932 0.00260069
0 0.33435 0.937592 0.0215782 0.0666782 0.00256895
0 0.573119 0.292728 0.853761 0.449158 0.00255001
0 0.630011 0.146255 0.711376 0.164426 0.00252087
0 0.389627 0.382624 0.611166 0.441665 0.00251924
0 0.320429 0.933867 0.0644671 0.0942673 0.00250267
0 0.725067 0.159469 0.167198 0.0984776 0.00249782
0 0.363909 0.208642 0.100525 0.0817354 0.00245236
0 0.409935 0.747028 0.81987 0.470244 0.00243155
0 0.875988 0.148385 0.248025 0.201607 0.00238268
0 0.326387 0.893879 0.0194523 0.0299221 0.0023784
0 0.194374 0.0105874 0.0334322 0.0181225 0.00234951
0 0.395942 0.116795 0.621475 0.233589 0.00233296
0 0.124751 0.371897 0.150171 0.136613 0.00232904
0 0.189631 0.647236 0.369216 0.572251 0.00232213
0 0.157002 0.456483 0.243959 0.240721 0.00219213
0 0.0580316 0.822411 0.0648978 0.0455021 0.00217827
0 0.222761 0.349665 0.0971239 0.0840741 0.00217123
0 0.916373 0.151826 0.165012 0.0600826 0.00212683
0 0.485054 0.164957 0.280825 0.0767652 0.00211155
0 0.755445 0.159456 0.193775 0.0353179 0.00209936
0 0.418236 0.150257 0.0717714 0.0192543 0.0020778
0 0.366163 0.0788709 0.732325 0.157742 0.00205584
0 0.330829 0.941701 0.0159534 0.0574949 0.00201529
0 0.821123 0.360574 0.0268821 0.0263318 0.00200001
0 0.242731 0.312679 0.0461751 0.034626 0.00196704
0 0.0627173 0.167338 0.0311003 0.0165858 0.00194074
0 0.325593 0.826674 0.0282669 0.0859731 0.00192284
0 0.0862847 0.687402 0.137888 0.238509 0.00188986
0 0.0804849 0.162105 0.0772964 0.0354173 0.00187803
0 0.234438 0.319056 0.0474274 0.0420494 0.00184052
0 0.908369 0.153417 0.0684078 0.0185598 0.00182738
0 0.826735 0.159282 0.0290575 0.0210426 0.0018167
0 0.915436 0.151467 0.0760902 0.0296416 0.00180232
0 0.0326134 0.82912 0.0203196 0.0289925 0.00179631
0 0.567283 0.136107 0.170866 0.0685718 0.00179572
0 0.913092 0.169089 0.142735 0.04197 0.00178903
0 0.984855 0.180218 0.0192022 0.0297548 0.00175772
0 0.637401 0.167548 0.227095 0.044242 0.00175536
0 0.617524 0.151854 0.140604 0.0537475 0.00173638
0 0.32552 0.898507 0.0224773 0.0774261 0.0017301
0 0.154918 0.507089 0.197241 0.25093 0.00172776
0 0.0453018 0.614326 0.0256734 0.0599393 0.00167404
0 0.0634868 0.0269028 0.126974 0.0511184 0.0016542
0 0.319127 0.522363 0.0144055 0.0437409 0.00156696
0 0.825847 0.161019 0.0197186 0.0213202 0.00156532
0 0.98794 0.181379 0.0162699 0.0211822 0.0015627
0 0.306171 0.497736 0.0454971 0.102996 0.00155754
0 0.661416 0.166641 0.180094 0.0313159 0.00154488
0 0.238474 0.551033 0.45036 0.414957 0.00152783
0 0.780612 0.964695 0.0177816 0.0241104 0.00152521
0 0.327574 0.919298 0.0528972 0.100768 0.00152033
0 0.539653 0.153902 0.164993 0.0689128 0.00151625
0 0.779159 0.969988 0.024282 0.0267025 0.00149616
0 0.829657 0.14857 0.0447273 0.0364042 0.00147749
0 0.314543 0.521007 0.0329562 0.0931376 0.0014715
0 0.527686 0.176082 0.0302573 0.0168636 0.0014578
0 0.444163 0.151682 0.255405 0.0458165 0.0014427
0 0.207938 0.304121 0.415876 0.310951 0.00142426
0 0.254245 0.00892899 0.040373 0.0160356 0.00140686
0 0.735528 0.146303 0.378002 0.234372 0.00140058
0 0.892287 0.170713 0.197213 0.0931447 0.00139301
0 0.89241 0.126882 0.215181 0.111078 0.00137529
0 0.528338 0.169447 0.0821702 0.0392634 0.00136382
0 0.913696 0.539854 0.0168892 0.0136927 0.001354
0 0.635949 0.134688 0.429512 0.103252 0.00135231
0 0.537754 0.127067 0.194686 0.0601691 0.00135145
0 0.09494 0.522651 0.137015 0.46442 0.00134393
0 0.909185 0.15232 0.0490761 0.0115563 0.00133564
0 0.555623 0.120694 0.122613 0.0376037 0.00132907
0 0.921637 0.994661 0.016665 0.0106778 0.00132023
0 0.933798 0.168087 0.107796 0.0320534 0.00131106
0 0.205062 0.00819703 0.0194097 0.0163941 0.00131083
0 0.739136 0.161073 0.0397088 0.0130162 0.0013013
0 0.708749 0.185298 0.180478 0.105981 0.0012874
0 0.270061 0.26193 0.389781 0.270829 0.00127682
0 0.262306 0.752883 0.524612 0.430383 0.0012697
0 0.580883 0.140849 0.273794 0.0706485 0.00126939
0 0.0679925 0.166466 0.050741 0.0224667 0.00124822
0 0.529064 0.179496 0.0256761 0.0125613 0.00122822
0 0.47089 0.155799 0.172944 0.0624125 0.00122114
0 0.310223 0.501015 0.149913 0.164674 0.00120213
0 0.920377 0.159222 0.0523205 0.0145621 0.00119452
0 0.240277 0.310201 0.0330878 0.0282955 0.00118724
0 0.323576 0.865287 0.0304335 0.12689 0.00113404
0 0.510241 0.166684 0.196621 0.0541886 0.00112234
0 0.839915 0.167531 0.0516777 0.038259 0.0011203
0 0.0964372 0.750324 0.14627 0.135125 0.00112007
0 0.0501152 0.608393 0.0303652 0.0665355 0.00111655
0 0.0796951 0.813762 0.10794 0.051915 0.00110954
0 0.916626 0.537111 0.0161726 0.0168657 0.00110712
0 0.953524 0.161911 0.0495876 0.017357 0.00110269
0 0.314042 0.916502 0.059498 0.108326 0.00109849
0 0.859932 0.144405 0.0520271 0.0338069 0.00109129
0 0.0886564 0.451315 0.0789589 0.0718576 0.00108963
0 0.246362 0.441645 0.404716 0.386748 0.00108854
0 0.31164 0.937954 0.112865 0.124092 0.00108308
0 0.737822 0.164921 0.0443677 0.0167105 0.00107598
0 0.0407249 0.616001 0.0207552 0.0444612 0.00106792
0 0.497805 0.278848 0.541189 0.45898 0.00106537
0 0.0910907 0.771377 0.174472 0.208493 0.0010463
0 0.723634 0.178715 0.114794 0.068257 0.00104017
0 0.868568 0.13652 0.0486841 0.0223808 0.0010357
0 0.92789 0.994315 0.0209632 0.0113702 0.00103471
0 0.301137 0.504832 0.315169 0.42774 0.00101844
