0 0.502027 0.501344 0.0329822 0.0541029 0.861886
0 0.503615 0.490857 0.0275246 0.0540938 0.0535118
0 0.498644 0.509344 0.0272246 0.0433456 0.046875
0 0.50384 0.488603 0.0323118 0.0340684 0.0343556
0 0.49241 0.50436 0.0350769 0.0495149 0.00834824
0 0.504035 0.504877 0.0654374 0.100013 0.00826875
0 0.511043 0.484808 0.0204733 0.0375844 0.00610682
0 0.500131 0.494407 0.0496485 0.0555533 0.00449628
0 0.496234 0.520817 0.0160513 0.0335628 0.00436079
0 0.378189 0.0185968 0.0186286 0.0160049 0.00428146
0 0.380699 0.0155751 0.0205714 0.0139859 0.00327262
0 0.491123 0.513096 0.0288076 0.0332005 0.00315374
0 0.491563 0.516745 0.0143848 0.0327275 0.00286999
0 0.494702 0.52067 0.0151118 0.0202862 0.00264314
0 0.501086 0.520944 0.0296717 0.0486773 0.00246705
0 0.506716 0.478788 0.0213582 0.0274515 0.00245454
0 0.378409 0.0183096 0.0140047 0.021479 0.00243061
0 0.50552 0.481283 0.0239882 0.0436555 0.00230584
0 0.492004 0.49684 0.195827 0.288026 0.00200461
0 0.206165 0.902225 0.0114692 0.0108011 0.00184138
0 0.919473 0.457233 0.158911 0.121206 0.00162605
0 0.51056 0.509287 0.0545348 0.0682833 0.00156448
0 0.205238 0.738304 0.0073422 0.0189721 0.0015599
0 0.517869 0.498019 0.044098 0.0548709 0.00134409
0 0.13565 0.015459 0.269739 0.0309181 0.00131463
0 0.289444 0.910467 0.136455 0.135228 0.00118778
0 0.49588 0.479589 0.028703 0.057732 0.00107894
0 0.379718 0.0185494 0.059871 0.0354377 0.00107479
0 0.501017 0.52021 0.020263 0.0372844 0.00104986
0 0.206295 0.900979 0.0148624 0.0158194 0.00104158
0 0.481921 0.505569 0.0500032 0.0545679 0.00102596
0 0.207362 0.900462 0.0142834 0.00991116 0.0010221
