0 0.501423 0.498284 0.0325904 0.0231541 0.746672
0 0.672823 0.580001 0.0153055 0.0185922 0.470014
0 0.0896014 0.0783402 0.0195338 0.012953 0.0661121
0 0.500796 0.503975 0.03639 0.0539851 0.0597104
0 0.672012 0.580735 0.0217391 0.0224264 0.0219083
0 0.676131 0.583144 0.015097 0.0176457 0.0199891
0 0.508066 0.496608 0.0291547 0.0207757 0.0193465
0 0.503407 0.492719 0.0276748 0.0242159 0.0116693
0 0.954271 0.956293 0.0686411 0.0718189 0.0106623
0 0.502305 0.501753 0.052686 0.0357779 0.00734183
0 0.354984 0.870592 0.0910375 0.1692 0.0058398
0 0.554314 0.31508 0.0951194 0.0928672 0.00515914
0 0.0662474 0.448059 0.0154942 0.0137709 0.00494487
0 0.492467 0.497718 0.0260136 0.0225733 0.00491017
0 0.491182 0.501185 0.0394984 0.0290661 0.00436863
0 0.666593 0.581001 0.023803 0.0279461 0.00383504
0 0.665877 0.578805 0.0352518 0.0255754 0.0033378
0 0.491499 0.503252 0.0229773 0.0297347 0.00327365
0 0.919627 0.461894 0.0898647 0.148611 0.00305421
0 0.0649975 0.44753 0.0182834 0.0236074 0.00291871
0 0.746312 0.313724 0.129156 0.126432 0.0027974
0 0.674098 0.578491 0.0302547 0.0620827 0.0024959
0 0.679317 0.750321 0.101946 0.105421 0.00213092
0 0.961292 0.941283 0.0707251 0.112336 0.00203779
0 0.732891 0.308963 0.0539703 0.125662 0.00201583
0 0.476767 0.0117472 0.00952482 0.0115041 0.00201153
0 0.67117 0.737662 0.0744185 0.0643414 0.0018507
0 0.289804 0.706666 0.0241435 0.0377122 0.00184257
0 0.0438372 0.490359 0.0582395 0.128171 0.00181763
0 0.778615 0.798698 0.101212 0.173395 0.00179471
0 0.474001 0.0114825 0.015901 0.0142331 0.00164062
0 0.0907882 0.0835234 0.0227251 0.0195662 0.00161309
0 0.503146 0.519309 0.0411669 0.0526504 0.00155615
0 0.757369 0.777267 0.139742 0.169576 0.00155491
0 0.839227 0.31669 0.115781 0.167687 0.00147663
0 0.734769 0.200051 0.117655 0.161375 0.00146762
0 0.350679 0.881679 0.277484 0.207205 0.0014528
0 0.753607 0.309002 0.0612598 0.124548 0.00138022
0 0.74593 0.324552 0.0904601 0.103053 0.00137806
0 0.991591 0.369525 0.0116934 0.0177518 0.00135536
0 0.0915523 0.0787786 0.0258596 0.0170838 0.00134642
0 0.833589 0.307771 0.0609304 0.161631 0.00131592
0 0.328242 0.167286 0.0229939 0.0787283 0.00129482
0 0.462362 0.311565 0.106545 0.0979475 0.00126257
0 0.476794 0.0130607 0.0147787 0.0131116 0.00124225
0 0.171838 0.540605 0.0139431 0.0162298 0.00120773
0 0.754032 0.800823 0.344898 0.257119 0.00115976
0 0.846155 0.341637 0.0839476 0.135341 0.00115094
0 0.537863 0.306671 0.0517043 0.105596 0.00114173
0 0.990075 0.362717 0.0112473 0.0208649 0.00108339
0 0.733104 0.731804 0.0702032 0.053938 0.00106391
0 0.170916 0.54465 0.0179117 0.0208807 0.00104813
