0 0.489774 0.508856 0.247211 0.210496 0.555801
0 0.49042 0.450049 0.240019 0.346014 0.494469
0 0.526128 0.0253186 0.0616776 0.0443118 0.115802
0 0.445451 0.183157 0.0529616 0.0972323 0.0396254
0 0.467755 0.353125 0.230904 0.518075 0.0192949
0 0.489737 0.524789 0.161907 0.190451 0.0160491
0 0.536659 0.354417 0.339438 0.575216 0.0156597
0 0.463059 0.364951 0.18549 0.383651 0.0142103
0 0.48759 0.411466 0.162415 0.330094 0.0131268
0 0.760406 0.436486 0.0485032 0.0347131 0.0125994
0 0.316722 0.0218873 0.0260748 0.0348627 0.0117063
0 0.96286 0.957426 0.0551498 0.0724762 0.0100876
0 0.517475 0.0321571 0.0788446 0.0643142 0.00931434
0 0.35405 0.507314 0.597212 0.513896 0.00807963
0 0.49481 0.334418 0.14072 0.209959 0.00786974
0 0.522135 0.391546 0.211691 0.434427 0.00764011
0 0.502801 0.319111 0.0885835 0.160403 0.00671398
0 0.422667 0.405215 0.342782 0.438175 0.00646693
0 0.384265 0.0644953 0.0906117 0.0922611 0.00630159
0 0.487877 0.291939 0.120167 0.337907 0.00580002
0 0.468556 0.289199 0.150358 0.432452 0.00469879
0 0.497728 0.576071 0.284174 0.313705 0.00459427
0 0.59332 0.24647 0.376466 0.473876 0.00405569
0 0.448915 0.174135 0.0821489 0.139915 0.00400302
0 0.31775 0.0190195 0.0430206 0.0354936 0.00390331
0 0.52745 0.0171442 0.0592807 0.0342883 0.00353213
0 0.535038 0.550532 0.167292 0.147613 0.00345566
0 0.409125 0.312768 0.447409 0.59177 0.00336473
0 0.53693 0.0217879 0.0845292 0.0435758 0.00315785
0 0.461891 0.179761 0.0889419 0.103427 0.00305864
0 0.418579 0.497008 0.425286 0.403394 0.00301682
0 0.461489 0.359589 0.164777 0.241041 0.00254751
0 0.439306 0.193987 0.0716769 0.13599 0.00243396
0 0.43811 0.182554 0.048131 0.0672606 0.00238187
0 0.49446 0.0576668 0.220199 0.115334 0.0023319
0 0.465556 0.435815 0.221591 0.249424 0.00228724
0 0.283824 0.0823386 0.140023 0.148409 0.00215609
0 0.63399 0.337756 0.568876 0.564803 0.00189279
0 0.966298 0.943788 0.0674037 0.112425 0.00188994
0 0.542924 0.0845457 0.260088 0.169091 0.0018795
0 0.584398 0.447646 0.478787 0.416662 0.00186884
0 0.521575 0.341349 0.150539 0.297365 0.00180819
0 0.761222 0.438406 0.062423 0.0511375 0.00179255
0 0.502772 0.294259 0.103093 0.238549 0.0017587
0 0.262813 0.0151265 0.0189161 0.0151827 0.00159993
0 0.485427 0.120526 0.162593 0.241051 0.00149122
0 0.501463 0.263077 0.292714 0.499428 0.00147145
0 0.458612 0.142776 0.11001 0.210617 0.00145136
0 0.51364 0.0221986 0.0603615 0.0443972 0.00139692
0 0.858413 0.421599 0.0659426 0.129679 0.00132463
0 0.809573 0.415735 0.149538 0.128117 0.00127105
0 0.547469 0.0300989 0.115356 0.0601978 0.00123157
0 0.315511 0.0330734 0.0410501 0.0661468 0.00122482
0 0.45118 0.527737 0.28939 0.288664 0.00119283
0 0.44662 0.152805 0.240637 0.255064 0.00119263
0 0.432072 0.185536 0.0644546 0.0910329 0.00116592
0 0.467762 0.311177 0.146338 0.237095 0.00115565
0 0.469732 0.4749 0.157512 0.243994 0.00111566
0 0.490535 0.569606 0.239211 0.211743 0.00106676
0 0.981305 0.795275 0.0274849 0.0722526 0.00106003
0 0.192978 0.859184 0.0923537 0.0693058 0.00101916
0 0.773511 0.440016 0.0581251 0.0332087 0.00100262
0 0.523927 0.411416 0.17402 0.248384 0.00100091
