0 0.552456 0.955975 0.0911677 0.0824944 0.68017
0 0.910916 0.338878 0.0170847 0.0223473 0.597804
0 0.864166 0.194492 0.0196434 0.0173836 0.523217
0 0.706585 0.314251 0.0155728 0.0188199 0.494892
0 0.333689 0.404807 0.0189719 0.0176246 0.471503
0 0.938934 0.863514 0.017363 0.0206556 0.468407
0 0.640922 0.376738 0.0211752 0.0356638 0.446092
0 0.76933 0.77815 0.0322825 0.0209065 0.298118
0 0.589672 0.590855 0.0179554 0.0181242 0.296098
0 0.989075 0.117409 0.0214115 0.02523 0.201148
0 0.733654 0.621083 0.0155733 0.0254795 0.109516
0 0.645836 0.378572 0.0239563 0.0323846 0.0945517
0 0.538259 0.957936 0.0725145 0.061368 0.0900526
0 0.682351 0.366235 0.0263221 0.0163561 0.0707579
0 0.333892 0.407487 0.0146819 0.0174719 0.0611448
0 0.650815 0.374324 0.0498995 0.0329258 0.0584684
0 0.669352 0.369149 0.0567701 0.0236742 0.0538689
0 0.642195 0.383176 0.0183519 0.0303419 0.0530303
0 0.734844 0.625111 0.0200814 0.0280526 0.0517965
0 0.641544 0.379054 0.029101 0.0467841 0.0508853
0 0.706889 0.314391 0.0219213 0.0253281 0.0474817
0 0.548344 0.933649 0.172458 0.132702 0.0410671
0 0.686345 0.365372 0.0151636 0.0154145 0.0392359
0 0.866063 0.194873 0.0284273 0.0228065 0.0295505
0 0.940089 0.862695 0.0252062 0.0252125 0.0292406
0 0.55268 0.951435 0.0587632 0.0711128 0.0285875
0 0.737883 0.629585 0.0286287 0.040756 0.0265777
0 0.708943 0.311893 0.0156562 0.018328 0.0256172
0 0.589495 0.591216 0.0238762 0.0243657 0.0224445
0 0.329622 0.405423 0.0170663 0.0218133 0.020852
0 0.0669074 0.86619 0.133815 0.26762 0.018242
0 0.119909 0.963303 0.0216493 0.0159855 0.0146734
0 0.706794 0.320229 0.0160833 0.0241781 0.0140603
0 0.987694 0.121653 0.0171843 0.0264301 0.0138854
0 0.663811 0.374916 0.0667538 0.0384634 0.01357
0 0.690127 0.364879 0.0149978 0.0189995 0.0128111
0 0.577078 0.953598 0.131378 0.0895615 0.0127636
0 0.93551 0.86472 0.0198847 0.0252489 0.0126802
0 0.652984 0.373538 0.0632799 0.0515482 0.0120466
0 0.939713 0.87102 0.019021 0.0312483 0.012026
0 0.988135 0.109104 0.0202324 0.0351205 0.0111135
0 0.91225 0.342858 0.0279699 0.0501036 0.0103475
0 0.591298 0.595 0.0180895 0.0278737 0.0102613
0 0.526859 0.966746 0.0569259 0.0437355 0.0100136
0 0.543574 0.968123 0.0806804 0.0637539 0.00999806
0 0.915682 0.337889 0.032592 0.0258155 0.00984539
0 0.827361 0.24343 0.0100386 0.012393 0.00972329
0 0.987753 0.117962 0.0244943 0.0499208 0.00935438
0 0.939254 0.866888 0.0268646 0.0524269 0.00918763
0 0.631288 0.957975 0.245167 0.0840493 0.00890975
0 0.765795 0.774649 0.0316396 0.0235992 0.00864158
0 0.91033 0.345387 0.0184593 0.0264722 0.00818877
0 0.676467 0.371037 0.0366996 0.0233971 0.00781027
0 0.163702 0.281982 0.0125641 0.0103085 0.00728064
0 0.66993 0.365996 0.0612278 0.0388 0.00689468
0 0.729905 0.621797 0.0163307 0.0242002 0.00616212
0 0.633205 0.380246 0.0354123 0.0386486 0.00613839
0 0.638807 0.386628 0.0195334 0.024508 0.00604874
0 0.770935 0.777017 0.0417914 0.0531967 0.00592616
0 0.0758327 0.89285 0.106075 0.2143 0.00568761
0 0.769056 0.782799 0.0253769 0.0211914 0.00535809
0 0.708631 0.31686 0.0275385 0.0529452 0.00530257
0 0.525883 0.965787 0.0398847 0.0361174 0.00508393
0 0.825417 0.243579 0.00847111 0.0162772 0.00462382
0 0.337223 0.408543 0.0176977 0.0198898 0.00455617
0 0.584594 0.592479 0.0224841 0.0280459 0.00442339
0 0.913855 0.345613 0.0212196 0.0342543 0.00430137
0 0.90417 0.342164 0.0167358 0.0319874 0.00413068
0 0.108321 0.975168 0.0241819 0.0378084 0.0041169
0 0.587375 0.597559 0.0215197 0.034181 0.00399265
0 0.867557 0.196494 0.0353142 0.0517216 0.0039846
0 0.871138 0.196628 0.0255772 0.0274799 0.00392374
0 0.104819 0.98515 0.0169775 0.018643 0.00390782
0 0.5897 0.598068 0.0332165 0.0640652 0.00381578
0 0.575222 0.955517 0.0707317 0.0788326 0.00369883
0 0.692787 0.335145 0.0388176 0.058266 0.00363017
0 0.841292 0.457214 0.0189735 0.0153852 0.00362309
0 0.903529 0.33809 0.0310625 0.0261396 0.00358631
0 0.746229 0.639636 0.0332504 0.035603 0.00352819
0 0.828443 0.242578 0.0127087 0.0173919 0.00350541
0 0.670834 0.363222 0.0782173 0.0544622 0.00345083
0 0.53672 0.972877 0.0631676 0.0542469 0.00339134
0 0.115083 0.973672 0.0282852 0.0354643 0.00329386
0 0.0802481 0.909386 0.0780863 0.15099 0.00328718
0 0.533213 0.948365 0.0545652 0.0507069 0.00324563
0 0.555816 0.93806 0.0548021 0.0495977 0.00320141
0 0.635695 0.936983 0.328759 0.126033 0.0029143
0 0.858453 0.198164 0.0280489 0.0270185 0.00281812
0 0.956239 0.335051 0.0196753 0.0194594 0.00280104
0 0.741165 0.624128 0.0211981 0.0318252 0.0027688
0 0.743365 0.635783 0.0370565 0.0546325 0.00276801
0 0.524288 0.957977 0.0396317 0.0339212 0.00272459
0 0.300755 0.289109 0.0159398 0.00565391 0.00265673
0 0.118718 0.966852 0.0254591 0.0255226 0.00264847
0 0.648417 0.385525 0.0324503 0.0412594 0.00260829
0 0.547136 0.91926 0.244553 0.161481 0.00254561
0 0.586047 0.584409 0.0218638 0.0296026 0.0025021
0 0.336924 0.40477 0.0315056 0.0619099 0.00245619
0 0.841944 0.457253 0.0186749 0.0244934 0.00240522
0 0.0342108 0.803401 0.0554349 0.0747378 0.00238809
0 0.523625 0.798276 0.0183057 0.00695686 0.00232548
0 0.0389499 0.808347 0.0460444 0.0498276 0.00232262
0 0.166316 0.283299 0.0166803 0.0159925 0.0022722
0 0.826379 0.209139 0.0156755 0.0153553 0.0022639
0 0.644226 0.36648 0.0253045 0.0276569 0.00218537
0 0.0397172 0.814837 0.0419093 0.028067 0.00208941
0 0.825979 0.240433 0.010113 0.0203051 0.00208404
0 0.507105 0.49218 0.00906725 0.00958633 0.00207198
0 0.326602 0.403613 0.0252639 0.0279211 0.00205406
0 0.103454 0.981833 0.0184272 0.0288975 0.00192609
0 0.11314 0.9722 0.0210956 0.0283365 0.00186589
0 0.301381 0.290554 0.0112545 0.00875049 0.00184678
0 0.142178 0.860108 0.284356 0.270326 0.00183985
0 0.123027 0.964029 0.0203913 0.011949 0.00182198
0 0.0373931 0.794537 0.069145 0.137608 0.00174059
0 0.094616 0.889316 0.189232 0.221368 0.00173711
0 0.857997 0.197017 0.0422585 0.0299108 0.00170685
0 0.588693 0.94677 0.239788 0.106459 0.00169414
0 0.707601 0.29936 0.0236184 0.0436447 0.00167164
0 0.99017 0.101742 0.0196604 0.0448194 0.00166673
0 0.330691 0.409356 0.0307929 0.0668189 0.0016242
0 0.602524 0.960374 0.130506 0.0723112 0.00162377
0 0.935327 0.852072 0.0213589 0.0308479 0.00158456
0 0.903022 0.347665 0.0339371 0.0345444 0.0015551
0 0.962197 0.903336 0.0304056 0.0541864 0.00154912
0 0.881045 0.200175 0.0176142 0.0195487 0.00150355
0 0.52477 0.799337 0.0121924 0.0102365 0.00149109
0 0.843429 0.460017 0.0227703 0.0336305 0.00147525
0 0.268756 0.0405054 0.0162977 0.00789757 0.00146444
0 0.9719 0.343965 0.0226934 0.0201346 0.00141161
0 0.526517 0.799302 0.0189437 0.0155594 0.00140186
0 0.951806 0.334511 0.021414 0.0220905 0.00139306
0 0.65745 0.365281 0.0487302 0.0429593 0.00132432
0 0.693633 0.338167 0.0590874 0.0848639 0.00130976
0 0.675069 0.354612 0.110197 0.12611 0.00129355
0 0.890843 0.151206 0.00909748 0.00937278 0.00129075
0 0.980197 0.347854 0.0253393 0.0195867 0.00128159
0 0.632947 0.380508 0.0502585 0.0620883 0.00127603
0 0.753944 0.648444 0.0283102 0.0340219 0.00127525
0 0.693912 0.360223 0.0357545 0.0370966 0.00126339
0 0.260559 0.910553 0.40741 0.138668 0.00125744
0 0.298997 0.289808 0.0118853 0.00889158 0.00125244
0 0.302887 0.290118 0.018438 0.0118618 0.00123505
0 0.635811 0.966683 0.278826 0.0666348 0.00123286
0 0.890043 0.153215 0.0146603 0.0101732 0.0012271
0 0.903324 0.336897 0.0257645 0.0176751 0.00120785
0 0.982651 0.129263 0.0307108 0.0484825 0.00120637
0 0.715948 0.31534 0.0237977 0.0272691 0.00120378
0 0.67562 0.3782 0.0676354 0.0742288 0.00117498
0 0.844225 0.452469 0.0213688 0.0243039 0.00112678
0 0.749819 0.6332 0.0278873 0.0443828 0.00109908
0 0.693147 0.785297 0.00905666 0.0106438 0.00108379
0 0.54448 0.937543 0.0473858 0.0388914 0.00107924
0 0.750364 0.642471 0.0260465 0.0251389 0.00107617
0 0.716759 0.213489 0.0141157 0.0130091 0.00106834
0 0.969831 0.899651 0.0263742 0.0331455 0.00106369
0 0.532648 0.436217 0.0164939 0.0166626 0.00105968
0 0.869511 0.200789 0.0328596 0.0282244 0.00105814
0 0.69237 0.78747 0.0120483 0.013389 0.00105206
0 0.210409 0.90941 0.420819 0.174119 0.00104325
0 0.0866099 0.812636 0.17322 0.342787 0.00104068
0 0.319004 0.408979 0.0325535 0.0254905 0.00103137
0 0.145259 0.866901 0.0224005 0.0138969 0.00102937
0 0.732559 0.621288 0.0321231 0.0568509 0.00101496
0 0.946596 0.864847 0.0241035 0.0287327 0.00100996
