0 0.517422 0.520939 0.0936137 0.113864 0.805505
0 0.620775 0.550093 0.0281937 0.0786701 0.367074
0 0.398896 0.961429 0.0182826 0.0131178 0.19346
0 0.506515 0.514344 0.148382 0.17697 0.0815662
0 0.482102 0.96621 0.0261959 0.0150049 0.0605852
0 0.623544 0.563792 0.0223687 0.0493053 0.0574076
0 0.510834 0.502863 0.0809867 0.0742364 0.042978
0 0.546438 0.552276 0.0238131 0.0600901 0.0409995
0 0.625293 0.568893 0.0146137 0.0391315 0.0317062
0 0.607283 0.545916 0.0534836 0.0875543 0.0238091
0 0.397274 0.965075 0.0248396 0.022407 0.0153341
0 0.514288 0.511826 0.0582699 0.0629323 0.0124042
0 0.492659 0.486028 0.0461898 0.0421046 0.0109608
0 0.479637 0.967887 0.0297538 0.0216755 0.010702
0 0.642498 0.788492 0.0167751 0.0398743 0.0101951
0 0.544662 0.552704 0.0302638 0.0929479 0.0089666
0 0.59286 0.534454 0.0848381 0.112174 0.0088685
0 0.615407 0.167655 0.0105583 0.00861614 0.00865916
0 0.617847 0.52997 0.0256456 0.0913747 0.00802441
0 0.547313 0.561507 0.019478 0.0511544 0.00780315
0 0.903997 0.0167919 0.016213 0.0193501 0.00726207
0 0.49247 0.506776 0.0682271 0.0891035 0.00709344
0 0.627463 0.573329 0.012486 0.028291 0.00669001
0 0.393339 0.967486 0.0303193 0.0314306 0.0064473
0 0.39091 0.961952 0.022471 0.0169325 0.00641216
0 0.487863 0.483792 0.0349672 0.032902 0.00608928
0 0.620232 0.535703 0.0248875 0.0600903 0.00544421
0 0.503505 0.490646 0.0729379 0.0600653 0.00518884
0 0.0180698 0.976641 0.0312115 0.0467177 0.00501952
0 0.905832 0.0154249 0.0223072 0.0148988 0.0049344
0 0.619563 0.549765 0.0668556 0.120539 0.00482379
0 0.949959 0.955896 0.0861437 0.080324 0.00476366
0 0.537978 0.530801 0.0457829 0.0917362 0.00440706
0 0.53985 0.52837 0.0703848 0.100949 0.00439871
0 0.691231 0.608292 0.00721798 0.0117034 0.00416343
0 0.514476 0.557143 0.0829935 0.16711 0.00386646
0 0.616293 0.168581 0.0150343 0.012284 0.00375094
0 0.689743 0.607957 0.00795298 0.0147892 0.00365778
0 0.549154 0.544888 0.0527424 0.0753293 0.00357985
0 0.720219 0.849203 0.0114013 0.00880871 0.00352589
0 0.0246971 0.972572 0.0403322 0.0437977 0.00337062
0 0.936251 0.950689 0.126953 0.0911177 0.00326283
0 0.549528 0.543075 0.0672001 0.102729 0.00317307
0 0.640667 0.783388 0.0120152 0.0255554 0.00305161
0 0.488284 0.964458 0.0170875 0.0153103 0.00276664
0 0.902484 0.017222 0.0247478 0.0220697 0.00275744
0 0.613966 0.562974 0.0426203 0.0678094 0.0026633
0 0.622103 0.570366 0.0298791 0.069119 0.00247432
0 0.589839 0.540954 0.218447 0.220258 0.00243664
0 0.541486 0.521012 0.107365 0.105946 0.00239638
0 0.605851 0.562083 0.071862 0.113953 0.00225731
0 0.721843 0.851001 0.0127656 0.00891132 0.00225102
0 0.641341 0.79185 0.024925 0.0434356 0.00202296
0 0.537829 0.555118 0.0295784 0.0761833 0.00194867
0 0.490668 0.530701 0.0833663 0.121411 0.00194078
0 0.394727 0.959287 0.0291626 0.0243925 0.00187614
0 0.552347 0.518501 0.161725 0.128473 0.00176695
0 0.526687 0.540938 0.0711275 0.107574 0.00166272
0 0.723001 0.850353 0.0160196 0.0149729 0.00165979
0 0.691291 0.606764 0.0130503 0.0154645 0.00162617
0 0.731384 0.387301 0.00732527 0.0131803 0.00160097
0 0.20268 0.202852 0.0126807 0.00804696 0.00158305
0 0.474338 0.970302 0.0564227 0.0316217 0.00154619
0 0.394639 0.970913 0.0470799 0.0581737 0.00147067
0 0.559653 0.60117 0.0201801 0.0235292 0.00146058
0 0.732153 0.384798 0.00728912 0.0150741 0.00144375
0 0.200727 0.201784 0.00902381 0.0107701 0.00141952
0 0.896721 0.0161659 0.0602964 0.0323318 0.00137162
0 0.652211 0.626963 0.00710878 0.0147575 0.00134221
0 0.896926 0.015551 0.0375109 0.031102 0.00133262
0 0.637963 0.543689 0.24092 0.255291 0.00124023
0 0.143163 0.919017 0.0293529 0.0720081 0.00123903
0 0.0517867 0.796871 0.0997931 0.252268 0.00123063
0 0.653243 0.629561 0.0108104 0.0141562 0.00121473
0 0.0121417 0.981023 0.0190935 0.0342213 0.00118707
0 0.479657 0.971034 0.0448548 0.057931 0.00111967
0 0.508895 0.489143 0.0983557 0.127758 0.00111844
0 0.20318 0.205399 0.00961761 0.0137281 0.00110273
0 0.640137 0.783047 0.0172248 0.0385389 0.00109499
0 0.538999 0.530086 0.0362786 0.0600976 0.00107418
0 0.897001 0.0129879 0.0411863 0.0177686 0.00107146
0 0.40343 0.970383 0.0538494 0.0344732 0.00106103
0 0.499862 0.517303 0.0555792 0.0586106 0.00103565
