0 0.514458 0.494756 0.21509 0.059235 0.514632
0 0.518269 0.495232 0.264237 0.0899781 0.119662
0 0.573143 0.499206 0.37984 0.0699468 0.0794766
0 0.515602 0.49991 0.277104 0.158818 0.0416544
0 0.480583 0.485557 0.1371 0.0517607 0.0399754
0 0.578336 0.494358 0.448586 0.149149 0.0172404
0 0.526148 0.900649 0.0919041 0.0629358 0.0134595
0 0.635267 0.498305 0.529833 0.0948792 0.0107091
0 0.509674 0.907667 0.0500989 0.0564631 0.00932628
0 0.530051 0.551629 0.285727 0.205839 0.00869277
0 0.58138 0.510433 0.292894 0.0498626 0.0084618
0 0.583516 0.520607 0.380884 0.10606 0.00811606
0 0.511898 0.484367 0.150039 0.0587501 0.00796662
0 0.545888 0.528387 0.407433 0.165546 0.00783667
0 0.548837 0.589042 0.422549 0.266702 0.00706423
0 0.642277 0.454427 0.560631 0.170516 0.00651602
0 0.961709 0.942884 0.0602724 0.0969334 0.0060282
0 0.54081 0.910788 0.110074 0.079677 0.00538806
0 0.558445 0.501568 0.134962 0.0409901 0.00425559
0 0.481084 0.487856 0.0936777 0.0449754 0.00390643
0 0.647563 0.538987 0.585075 0.178466 0.00295233
0 0.519415 0.0725302 0.0106056 0.0114589 0.00277507
0 0.520753 0.0743311 0.0117893 0.0185452 0.00231379
0 0.585633 0.86441 0.228103 0.166077 0.00207472
0 0.597849 0.418375 0.449391 0.224115 0.00201979
0 0.959296 0.961245 0.0598261 0.0590324 0.00190675
0 0.940203 0.244052 0.0107943 0.0215584 0.00183481
0 0.552307 0.896009 0.136951 0.0897682 0.00181344
0 0.369941 0.465 0.0226595 0.00813742 0.00179406
0 0.611102 0.858441 0.32853 0.194924 0.00178121
0 0.561609 0.475277 0.296884 0.133192 0.00155076
0 0.654587 0.887713 0.405079 0.187556 0.00148664
0 0.679409 0.499943 0.641182 0.182326 0.00145352
0 0.580085 0.511921 0.148546 0.0405399 0.00137885
0 0.54666 0.899991 0.248815 0.182298 0.00132141
0 0.917302 0.122102 0.022053 0.0442395 0.00131322
0 0.942645 0.239449 0.013608 0.0137397 0.00130838
0 0.538936 0.439467 0.271759 0.196475 0.00130616
0 0.458552 0.479324 0.105303 0.0467341 0.00130364
0 0.928841 0.848995 0.142318 0.172115 0.0012821
0 0.466301 0.480501 0.171983 0.106495 0.00126615
0 0.520215 0.0719881 0.0173732 0.0204675 0.00120612
0 0.942489 0.244558 0.0168972 0.0273146 0.00120213
0 0.693016 0.597743 0.613969 0.249397 0.00118894
0 0.937906 0.891525 0.124189 0.216951 0.00112221
0 0.955039 0.933986 0.0753952 0.132027 0.00111377
0 0.410747 0.500473 0.451395 0.113519 0.00103284
0 0.916292 0.120307 0.0120983 0.036508 0.00102869
0 0.370943 0.464589 0.0204418 0.01339 0.00102253
0 0.511694 0.523891 0.161683 0.118232 0.00100062
