0 0.52655 0.440964 0.164023 0.150946 0.876075
0 0.417197 0.586988 0.0382816 0.0845074 0.791629
0 0.48297 0.475048 0.0707862 0.0761487 0.135359
0 0.31206 0.0336791 0.0635263 0.0673581 0.0784607
0 0.522438 0.449254 0.0946816 0.128192 0.0432444
0 0.500751 0.467189 0.101361 0.0915309 0.0423931
0 0.421712 0.584261 0.0630891 0.113831 0.0382875
0 0.422986 0.575426 0.0445269 0.0930337 0.0259873
0 0.420584 0.564331 0.0286286 0.0682566 0.0218666
0 0.774543 0.168244 0.0108628 0.017235 0.0204011
0 0.308964 0.0192705 0.044836 0.0374321 0.016723
0 0.412986 0.599221 0.0290792 0.0693915 0.0151621
0 0.435511 0.584397 0.070387 0.0889775 0.0116794
0 0.317369 0.0234624 0.0555954 0.0469247 0.00883048
0 0.386129 0.394348 0.0104769 0.0175376 0.00879256
0 0.436493 0.57418 0.0851669 0.132719 0.00825892
0 0.410086 0.612171 0.0171016 0.0388429 0.00819811
0 0.324849 0.0300436 0.0618031 0.0600873 0.00808004
0 0.542654 0.439881 0.0916713 0.135502 0.00667838
0 0.472369 0.486627 0.0508724 0.0542303 0.00666266
0 0.482976 0.463574 0.0984266 0.110425 0.0059954
0 0.559435 0.424459 0.0953357 0.124662 0.00596212
0 0.528777 0.469814 0.129524 0.138616 0.00592165
0 0.775063 0.168535 0.0156357 0.021175 0.00568883
0 0.441849 0.587675 0.186251 0.233175 0.00567873
0 0.397951 0.591185 0.181562 0.2342 0.00551453
0 0.324327 0.0386201 0.0491521 0.0582834 0.00489824
0 0.414637 0.611191 0.0219218 0.0437973 0.00484672
0 0.747971 0.517443 0.00993032 0.0218751 0.00426042
0 0.750165 0.516414 0.016415 0.0445806 0.00422445
0 0.306912 0.00741184 0.0218187 0.012971 0.00409834
0 0.289493 0.0340389 0.101904 0.0680778 0.00375091
0 0.416345 0.556286 0.0286448 0.0532309 0.00374013
0 0.00686055 0.0111217 0.0137211 0.0165922 0.00363571
0 0.74558 0.51814 0.0136145 0.030482 0.00359905
0 0.489893 0.53695 0.183827 0.236458 0.00344302
0 0.422699 0.560171 0.0312948 0.0454082 0.00317642
0 0.452782 0.585868 0.11634 0.103674 0.00311639
0 0.588108 0.386897 0.0204096 0.0238689 0.00290201
0 0.404521 0.582312 0.0316814 0.0723756 0.00278337
0 0.295533 0.067274 0.20379 0.134548 0.00275646
0 0.473704 0.00532153 0.0175972 0.0106431 0.00259978
0 0.600764 0.237646 0.0106128 0.0175334 0.00250579
0 0.584211 0.394096 0.0303687 0.0374477 0.00248623
0 0.511889 0.501466 0.143928 0.253403 0.00241983
0 0.44408 0.983148 0.013959 0.0208609 0.00235951
0 0.300766 0.0262718 0.0662983 0.0525437 0.00234796
0 0.74799 0.51237 0.00835629 0.0236031 0.00224845
0 0.423613 0.598214 0.0332776 0.0929298 0.00218621
0 0.568865 0.441791 0.273283 0.182 0.00216935
0 0.46179 0.492862 0.0277159 0.0383029 0.00206235
0 0.0059465 0.0140927 0.011893 0.0261432 0.0020285
0 0.751252 0.517956 0.00825367 0.0258601 0.00198043
0 0.776922 0.577296 0.0165543 0.0355434 0.0018888
0 0.165529 0.703231 0.0130076 0.0131685 0.00186578
0 0.516397 0.401808 0.147181 0.161901 0.00184108
0 0.601323 0.239185 0.0154057 0.0195014 0.0018271
0 0.557248 0.42275 0.0671326 0.0822765 0.0018131
0 0.416985 0.607316 0.0413137 0.0722878 0.0016478
0 0.465812 0.451146 0.223307 0.206467 0.00164157
0 0.76553 0.579246 0.0141536 0.0378901 0.00156571
0 0.42244 0.551985 0.0264805 0.0415733 0.00156154
0 0.74601 0.520455 0.0228169 0.0373812 0.00152221
0 0.316265 0.00653742 0.0320217 0.0130748 0.00142175
0 0.32667 0.0223062 0.0447672 0.0407003 0.00140942
0 0.770666 0.582059 0.016875 0.0462077 0.00140891
0 0.99346 0.00839595 0.01308 0.0145025 0.0013818
0 0.162856 0.702222 0.0135531 0.0149114 0.00137873
0 0.444098 0.990953 0.0198973 0.01262 0.00137208
0 0.441197 0.982715 0.0174035 0.0248608 0.00137086
0 0.318935 0.0483141 0.0518375 0.051695 0.00134656
0 0.298293 0.00637819 0.0214849 0.0127564 0.00133816
0 0.581387 0.0204682 0.0183618 0.0309702 0.00133032
0 0.484481 0.969561 0.0369879 0.0435431 0.00132534
0 0.773282 0.168704 0.0227355 0.0315859 0.00128813
0 0.758348 0.578556 0.0122547 0.0374387 0.00127559
0 0.573828 0.415311 0.0672441 0.0894422 0.00126465
0 0.426495 0.549861 0.0483824 0.108228 0.00123938
0 0.311524 0.0566303 0.0624575 0.094624 0.00123113
0 0.485861 0.499574 0.120734 0.206596 0.00121814
0 0.405817 0.605331 0.0285799 0.0494013 0.00118027
0 0.434891 0.583496 0.0490607 0.0714314 0.00116621
0 0.765454 0.570248 0.014797 0.0295554 0.00115591
0 0.99384 0.0142997 0.0123204 0.0254432 0.00111988
0 0.475795 0.578876 0.139914 0.150084 0.00109289
0 0.476894 0.00705714 0.0171093 0.0141143 0.00105289
0 0.573104 0.430785 0.168082 0.143329 0.00101706
0 0.464993 0.479632 0.0399683 0.059128 0.00100686
