0 0.891624 0.267556 0.0139971 0.0439868 0.426079
0 0.970737 0.315297 0.0356115 0.0420978 0.381341
0 0.407261 0.205339 0.814521 0.406539 0.321545
0 0.243634 0.126228 0.0313009 0.0100761 0.31345
0 0.991945 0.345918 0.0161099 0.0358447 0.260833
0 0.988969 0.336203 0.0220629 0.0596455 0.238395
0 0.431486 0.291655 0.862973 0.495954 0.218675
0 0.282814 0.298943 0.565628 0.44072 0.216243
0 0.889153 0.267895 0.022979 0.0471965 0.126611
0 0.980355 0.328626 0.0392893 0.070577 0.100232
0 0.21416 0.341004 0.42832 0.353782 0.0557929
0 0.515816 0.153916 0.685224 0.285902 0.0458273
0 0.241226 0.123822 0.0271624 0.0137779 0.0420575
0 0.889084 0.274986 0.0155729 0.031386 0.0363632
0 0.245669 0.124763 0.0225641 0.0112842 0.0355143
0 0.985292 0.0337579 0.029373 0.0591395 0.0275068
0 0.157927 0.391158 0.315854 0.234406 0.0260366
0 0.122677 0.408174 0.245355 0.171375 0.0256807
0 0.994204 0.344712 0.0115929 0.0302911 0.0234563
0 0.988453 0.347944 0.0230943 0.0593567 0.0215147
0 0.246251 0.439604 0.492503 0.606398 0.0205736
0 0.407846 0.120048 0.815692 0.240096 0.0201659
0 0.33407 0.385273 0.66814 0.615601 0.0196542
0 0.967564 0.319391 0.0288139 0.0284641 0.0175247
0 0.446426 0.45379 0.892852 0.729829 0.0142303
0 0.89514 0.269265 0.0144769 0.0326316 0.0138487
0 0.989763 0.0309805 0.0204746 0.0551926 0.0132423
0 0.888695 0.259186 0.019719 0.0409023 0.0127467
0 0.19366 0.253557 0.387321 0.470393 0.0126357
0 0.978242 0.309085 0.0300038 0.036917 0.0126201
0 0.242955 0.126371 0.030829 0.0207175 0.0121544
0 0.973648 0.336706 0.0402676 0.0633314 0.0119887
0 0.567587 0.108915 0.33087 0.183722 0.0107086
0 0.160206 0.440435 0.320411 0.40277 0.0095256
0 0.378437 0.335735 0.648351 0.445529 0.0093948
0 0.0934828 0.43435 0.186966 0.128177 0.00848687
0 0.990092 0.411957 0.0134344 0.0290499 0.00827832
0 0.879876 0.137532 0.146246 0.0263955 0.00810185
0 0.965615 0.481685 0.0251642 0.0327201 0.00775643
0 0.0661344 0.452416 0.128468 0.0759467 0.00773632
0 0.985918 0.323786 0.0280622 0.0580605 0.00770849
0 0.375388 0.0809536 0.750776 0.161907 0.00728849
0 0.884522 0.263887 0.0305559 0.0564445 0.006135
0 0.877297 0.279897 0.0182133 0.0257227 0.00609738
0 0.0431002 0.468609 0.0740203 0.0523746 0.00601117
0 0.991788 0.360766 0.0158893 0.0499799 0.00551053
0 0.887672 0.286125 0.0202806 0.0286285 0.00511833
0 0.835859 0.261404 0.01701 0.0124137 0.00504292
0 0.881132 0.278788 0.0265655 0.0382945 0.00502206
0 0.90383 0.139179 0.0856177 0.0191986 0.00500975
0 0.829384 0.225458 0.0288637 0.0276869 0.00479393
0 0.980268 0.348372 0.0360376 0.071161 0.00466612
0 0.0521318 0.459668 0.0910389 0.0584418 0.0045294
0 0.610977 0.088224 0.276645 0.140688 0.00451248
0 0.973912 0.319237 0.0490974 0.0642799 0.00415715
0 0.892106 0.28626 0.0168743 0.0336953 0.00396997
0 0.995151 0.351184 0.00969867 0.0323039 0.00395619
0 0.986378 0.386715 0.0193877 0.0730888 0.00375041
0 0.861513 0.131376 0.123282 0.024761 0.00344066
0 0.157829 0.491679 0.315659 0.649544 0.00323843
0 0.971717 0.47418 0.0357393 0.0423126 0.00320676
0 0.967148 0.325444 0.0325737 0.0324739 0.0031753
0 0.513565 0.121622 0.520981 0.221125 0.00296266
0 0.243578 0.122165 0.0407947 0.0212861 0.00279686
0 0.289718 0.167361 0.56695 0.334722 0.0026388
0 0.0829796 0.452564 0.151633 0.183682 0.00254555
0 0.492851 0.252842 0.766902 0.505684 0.00246379
0 0.986366 0.369391 0.0272677 0.0781851 0.00242697
0 0.89283 0.276119 0.0280514 0.0489414 0.00236671
0 0.742309 0.016343 0.0283931 0.0168629 0.00231682
0 0.334588 0.440458 0.645162 0.426703 0.00230515
0 0.878002 0.270018 0.0307419 0.0328544 0.00228718
0 0.73615 0.0163724 0.0352344 0.0205904 0.00221717
0 0.0311494 0.469611 0.0537068 0.038793 0.00221028
0 0.834162 0.262091 0.0202571 0.0208509 0.00219399
0 0.601811 0.190431 0.796377 0.318792 0.00219299
0 0.831346 0.230216 0.0422174 0.0396252 0.00216533
0 0.9674 0.33595 0.0651993 0.120458 0.00214189
0 0.966802 0.306628 0.0269027 0.0351748 0.00213093
0 0.881527 0.129175 0.141682 0.0317587 0.00212377
0 0.100468 0.413452 0.148222 0.144165 0.00211132
0 0.129408 0.387685 0.156472 0.164818 0.00206973
0 0.990919 0.229955 0.0172958 0.0227527 0.0020389
0 0.198039 0.343626 0.35129 0.270846 0.00197898
0 0.971238 0.319055 0.0575245 0.149224 0.00197162
0 0.65586 0.0548253 0.189964 0.0951022 0.00196805
0 0.97877 0.303177 0.0233119 0.0326288 0.00184428
0 0.978006 0.307635 0.0344794 0.0547302 0.00184412
0 0.981341 0.383465 0.0315912 0.0874305 0.00182762
0 0.913405 0.141379 0.0576837 0.0149776 0.0017639
0 0.838744 0.259464 0.0179123 0.018347 0.00173063
0 0.0959447 0.445141 0.191889 0.220723 0.00170984
0 0.885071 0.128876 0.150456 0.0594288 0.00169198
0 0.0376625 0.471938 0.0715631 0.0791589 0.00168557
0 0.976473 0.0354451 0.0470534 0.0704091 0.00159868
0 0.742631 0.0127663 0.0257444 0.0121551 0.00158787
0 0.140911 0.29174 0.281822 0.412864 0.00157083
0 0.843044 0.132514 0.0969238 0.0206588 0.00155239
0 0.890417 0.253415 0.0237131 0.0272533 0.00152686
0 0.983863 0.0479311 0.0322733 0.0594747 0.00148857
0 0.872346 0.253975 0.0674019 0.0686745 0.00148768
0 0.106938 0.457558 0.213875 0.319735 0.00147853
0 0.879922 0.134631 0.0804558 0.0193547 0.00147715
0 0.905156 0.137277 0.0563223 0.0193362 0.00146809
0 0.841869 0.223538 0.0595612 0.0293032 0.00146793
0 0.117393 0.493505 0.234785 0.510042 0.0014249
0 0.891586 0.274782 0.0600552 0.0648914 0.00137907
0 0.14136 0.345014 0.28272 0.211246 0.00134787
0 0.876544 0.287374 0.0244889 0.0313696 0.00128615
0 0.734587 0.011248 0.0301554 0.0125093 0.00126699
0 0.988265 0.590252 0.0172718 0.0289011 0.00124063
0 0.843557 0.126155 0.0886266 0.0178129 0.00121573
0 0.84038 0.262917 0.0218756 0.0242101 0.00120364
0 0.058482 0.478836 0.116964 0.16857 0.00119607
0 0.707076 0.0443671 0.0970041 0.0621872 0.00117524
0 0.970478 0.469332 0.0484297 0.0671577 0.00116923
0 0.991625 0.223301 0.0167506 0.0306187 0.00116414
0 0.0349792 0.460006 0.068663 0.0484518 0.00116332
0 0.243339 0.134689 0.0411245 0.0851709 0.00109691
0 0.51815 0.370222 0.9637 0.740445 0.00109141
0 0.885021 0.142325 0.146985 0.0424674 0.00107297
0 0.881319 0.278847 0.0369648 0.0655117 0.00107197
0 0.985135 0.309996 0.024324 0.0424651 0.00107179
0 0.731294 0.0328381 0.0475322 0.0382182 0.0010507
0 0.975925 0.446076 0.0425363 0.0917061 0.00103677
0 0.988836 0.357366 0.0223282 0.0904939 0.00103495
0 0.112422 0.373063 0.224844 0.193715 0.0010314
0 0.564432 0.106888 0.165325 0.142865 0.00102517
0 0.854032 0.219669 0.0626101 0.0338409 0.0010185
0 0.683243 0.0421851 0.132109 0.0692069 0.0010126
