0 0.501339 0.500446 0.0374794 0.0312692 0.664121
0 0.502879 0.501182 0.0430991 0.0458143 0.0702484
0 0.502843 0.508576 0.0345146 0.0364015 0.0339946
0 0.35143 0.39837 0.00857344 0.0139104 0.0195042
0 0.508372 0.49691 0.0317491 0.0258129 0.010562
0 0.352314 0.398634 0.0130173 0.0170941 0.00835569
0 0.35293 0.397281 0.0103883 0.010255 0.00704172
0 0.516163 0.524597 0.0225129 0.0180955 0.00702272
0 0.520455 0.630705 0.011911 0.0136633 0.00667547
0 0.491611 0.497944 0.0244894 0.0306259 0.00666775
0 0.491142 0.501593 0.0456784 0.0311329 0.00501338
0 0.352917 0.399986 0.00847902 0.0174002 0.00491759
0 0.517266 0.631523 0.0143846 0.0186969 0.00328969
0 0.522096 0.631285 0.0164077 0.018574 0.00280674
0 0.552019 0.621878 0.00956097 0.01653 0.00277591
0 0.517705 0.525608 0.0189303 0.0108416 0.00273909
0 0.496909 0.491295 0.0306352 0.0241999 0.00273804
0 0.101951 0.612776 0.0103199 0.0103806 0.00259525
0 0.512719 0.52417 0.0244149 0.0268085 0.00250537
0 0.504444 0.492107 0.0307355 0.0347304 0.00243846
0 0.104202 0.615058 0.00756221 0.0150403 0.00192187
0 0.10324 0.614486 0.0147989 0.00966272 0.00171187
0 0.501388 0.508058 0.0849242 0.104394 0.00164751
0 0.0850321 0.0377213 0.0232869 0.0133966 0.00161172
0 0.191458 0.538163 0.0207969 0.0104311 0.00159067
0 0.104568 0.614133 0.017773 0.0170749 0.00149122
0 0.217523 0.598063 0.187726 0.167186 0.00141262
0 0.498032 0.494657 0.0563625 0.0384656 0.00125938
0 0.477736 0.0615753 0.00796795 0.0103942 0.00114646
0 0.505874 0.519334 0.0364527 0.0368256 0.00114606
0 0.555101 0.621481 0.0142388 0.0214008 0.00109739
0 0.473122 0.958917 0.113888 0.070813 0.00107902
0 0.914411 0.949141 0.0474873 0.0817467 0.00104678
0 0.748377 0.0134246 0.479069 0.0268492 0.0010034
