0 0.582765 0.866437 0.83447 0.267126 0.608832
0 0.612744 0.896923 0.66115 0.206154 0.211627
0 0.866599 0.874586 0.0132298 0.0129551 0.196252
0 0.561033 0.939333 0.015589 0.0157814 0.0789028
0 0.530516 0.811049 0.938968 0.377901 0.0691496
0 0.221782 0.28973 0.0161053 0.0112477 0.0533319
0 0.550085 0.866969 0.624995 0.266062 0.0477069
0 0.714845 0.926096 0.570309 0.147808 0.0287111
0 0.411139 0.84919 0.488113 0.223626 0.020102
0 0.216128 0.2897 0.0299625 0.0145313 0.0191404
0 0.211155 0.287176 0.0280021 0.020704 0.01522
0 0.518108 0.535083 0.0161894 0.0110413 0.0129019
0 0.381753 0.809754 0.359116 0.149666 0.0117765
0 0.703366 0.301299 0.508105 0.221157 0.0117386
0 0.554854 0.719569 0.890291 0.435978 0.0115552
0 0.221865 0.752428 0.0213659 0.01512 0.0112907
0 0.612463 0.265922 0.439691 0.207544 0.00989735
0 0.607354 0.94128 0.785292 0.117441 0.00841161
0 0.281554 0.768727 0.125952 0.0367073 0.0077841
0 0.234378 0.756292 0.0497035 0.0237666 0.00746238
0 0.645771 0.27635 0.34533 0.158241 0.0065738
0 0.222618 0.749393 0.0183008 0.0154792 0.00524707
0 0.866043 0.875748 0.0202568 0.0202206 0.0050645
0 0.735632 0.306526 0.388275 0.164219 0.00491911
0 0.597311 0.762744 0.665397 0.420923 0.0044589
0 0.766865 0.941311 0.46627 0.117379 0.00445802
0 0.29845 0.773824 0.15726 0.0505902 0.00445271
0 0.566931 0.552465 0.022026 0.0101564 0.0043643
0 0.870873 0.875576 0.017524 0.00770664 0.00405707
0 0.225604 0.290795 0.0167113 0.0146533 0.00400375
0 0.209402 0.287796 0.0366476 0.0270285 0.00392238
0 0.562723 0.937606 0.0271034 0.0242365 0.00386217
0 0.594941 0.614971 0.810118 0.263024 0.0037655
0 0.681125 0.283562 0.262626 0.123579 0.00375267
0 0.557291 0.93904 0.027395 0.0190977 0.00375056
0 0.515446 0.533474 0.0195816 0.011523 0.00370193
0 0.227781 0.74944 0.0400521 0.0160978 0.00353484
0 0.565794 0.287378 0.625183 0.18713 0.00339606
0 0.355743 0.794272 0.292298 0.104253 0.00331363
0 0.202104 0.283112 0.046684 0.0327205 0.00322154
0 0.559613 0.938335 0.0168432 0.0261301 0.00320823
0 0.220241 0.295705 0.0189596 0.0159944 0.00320704
0 0.563564 0.550319 0.019689 0.0105986 0.00305635
0 0.872197 0.873021 0.0174191 0.01404 0.00251427
0 0.568854 0.552262 0.0227208 0.0163806 0.00237399
0 0.827651 0.947384 0.32953 0.0911482 0.00215495
0 0.735781 0.952076 0.517412 0.0958486 0.00209119
0 0.265135 0.771063 0.10657 0.0514163 0.00205792
0 0.689256 0.857704 0.596665 0.284592 0.00203594
0 0.311288 0.782492 0.205721 0.0591897 0.00199721
0 0.558253 0.934491 0.0282716 0.0304867 0.00167447
0 0.467625 0.527904 0.0352233 0.0153732 0.00165519
0 0.5531 0.507518 0.701662 0.225944 0.00157871
0 0.783414 0.343718 0.425832 0.226901 0.00149634
0 0.589109 0.555727 0.784754 0.20967 0.00148984
0 0.466651 0.526158 0.0202328 0.00770464 0.00148512
0 0.667734 0.469793 0.0138459 0.019497 0.00145932
0 0.213406 0.291992 0.0358038 0.0245872 0.00145539
0 0.383411 0.45209 0.0188153 0.00690279 0.00133493
0 0.283292 0.787377 0.136209 0.0704464 0.00132387
0 0.427776 0.515259 0.126847 0.0547723 0.00128835
0 0.516143 0.403181 0.649835 0.210328 0.00128832
0 0.430165 0.837393 0.362111 0.15253 0.00128179
0 0.734971 0.3058 0.266516 0.114264 0.00124312
0 0.702795 0.384545 0.594411 0.252889 0.0011773
0 0.457093 0.517043 0.198631 0.0493812 0.00117701
0 0.277744 0.772688 0.0898267 0.0265385 0.0011708
0 0.555005 0.509669 0.517165 0.155441 0.00116427
0 0.216832 0.747355 0.012678 0.014912 0.0011164
0 0.337108 0.243435 0.0171336 0.0082129 0.00110491
0 0.297512 0.790342 0.217716 0.0937706 0.00104644
0 0.242278 0.757585 0.0675325 0.0293833 0.00103408
0 0.523577 0.535474 0.0332339 0.0159237 0.00101693
0 0.549804 0.548808 0.533352 0.125283 0.00101267
