0 0.521874 0.51731 0.118671 0.0733862 0.84767
0 0.448399 0.454587 0.0215636 0.0238525 0.63296
0 0.185904 0.193417 0.0358126 0.0167863 0.460752
0 0.779171 0.0214492 0.015039 0.0115399 0.253923
0 0.777143 0.0222105 0.0246101 0.010275 0.17798
0 0.18379 0.195466 0.0272314 0.0147087 0.143648
0 0.510426 0.503636 0.16032 0.152376 0.0684339
0 0.448549 0.459695 0.0296186 0.0533624 0.03779
0 0.469167 0.488077 0.0213711 0.0177126 0.0274746
0 0.765108 0.0213595 0.0327559 0.0140861 0.0176682
0 0.974037 0.578475 0.0421558 0.0531051 0.0135249
0 0.78347 0.0211686 0.0187532 0.0120781 0.0130676
0 0.515432 0.510342 0.0606285 0.0685394 0.0120058
0 0.442446 0.45585 0.0206681 0.0273932 0.0117568
0 0.531469 0.53136 0.189761 0.159828 0.0116297
0 0.504631 0.488355 0.135136 0.0929026 0.00980986
0 0.477334 0.4943 0.0309927 0.0268143 0.00948696
0 0.482961 0.49547 0.0965883 0.0803422 0.00925564
0 0.462853 0.480771 0.0213113 0.0264627 0.00907214
0 0.186105 0.200571 0.0430534 0.0730906 0.0085725
0 0.772274 0.0213771 0.0290333 0.0244535 0.00765048
0 0.777429 0.0222609 0.0217628 0.0210728 0.00749559
0 0.46433 0.481869 0.0282213 0.0354936 0.00668076
0 0.4503 0.469858 0.0316415 0.0369022 0.00529786
0 0.78053 0.0144548 0.0205404 0.0172813 0.00485296
0 0.195642 0.193482 0.0263831 0.0174267 0.00480044
0 0.490981 0.496638 0.0762639 0.0439829 0.00479606
0 0.525598 0.534643 0.125237 0.0771734 0.00439527
0 0.475573 0.48829 0.0305453 0.0222037 0.00416501
0 0.545824 0.519904 0.140345 0.0896366 0.00391284
0 0.518032 0.502501 0.091337 0.0902915 0.00372895
0 0.480945 0.503707 0.120866 0.115395 0.00357458
0 0.464798 0.48773 0.0235292 0.0297299 0.00347866
0 0.973892 0.568131 0.0344164 0.051447 0.00347508
0 0.191344 0.197389 0.0409423 0.0480963 0.00339125
0 0.263581 0.523455 0.0182452 0.00812559 0.00314007
0 0.265244 0.525405 0.0193528 0.00884466 0.00287519
0 0.963028 0.598048 0.0692471 0.104172 0.00270955
0 0.771482 0.0150857 0.044573 0.0301714 0.00263508
0 0.48605 0.50406 0.0416451 0.0497994 0.00241003
0 0.975929 0.612864 0.0439249 0.122437 0.00213002
0 0.528531 0.50344 0.144597 0.102206 0.00207315
0 0.970891 0.587835 0.0436947 0.083035 0.00204992
0 0.505191 0.471443 0.209575 0.178177 0.00193082
0 0.328937 0.0819585 0.0151877 0.00862434 0.00185025
0 0.329474 0.0807865 0.0111652 0.00816968 0.00182835
0 0.545334 0.52146 0.108784 0.0640784 0.00180712
0 0.770622 0.0122357 0.0376939 0.0244713 0.00178374
0 0.184637 0.198654 0.0528829 0.0331265 0.00176353
0 0.459781 0.455725 0.0442846 0.0381519 0.00175212
0 0.451464 0.475107 0.0429074 0.0652039 0.00173567
0 0.466637 0.484005 0.0482762 0.062886 0.0017242
0 0.453416 0.465017 0.0658878 0.053482 0.00162497
0 0.2664 0.525099 0.0219456 0.0148476 0.00155398
0 0.465078 0.469938 0.048146 0.0527507 0.00153239
0 0.185887 0.182895 0.0291684 0.0316231 0.00148935
0 0.481305 0.471709 0.123471 0.0602341 0.00148307
0 0.501646 0.523694 0.0964079 0.0735658 0.00141612
0 0.440476 0.450305 0.0311466 0.0254149 0.00129946
0 0.466211 0.499782 0.23608 0.190057 0.00129066
0 0.74639 0.562178 0.0172534 0.00844431 0.00125576
0 0.175431 0.196626 0.0427991 0.0223754 0.00123328
0 0.528175 0.534674 0.0855254 0.0624997 0.00120916
0 0.963792 0.973735 0.0724168 0.0482088 0.00118213
0 0.951786 0.606682 0.0857754 0.143992 0.00112321
0 0.966619 0.562509 0.057316 0.105949 0.00108621
0 0.747362 0.564251 0.0167296 0.00891733 0.00107326
0 0.438525 0.461018 0.0634572 0.043301 0.00100843
