0 0.507857 0.531168 0.41895 0.307493 0.429571
0 0.654215 0.42994 0.0687392 0.191258 0.239137
0 0.436389 0.603518 0.230525 0.123079 0.110785
0 0.621825 0.431132 0.136076 0.203234 0.0841377
0 0.462124 0.604311 0.289506 0.173169 0.0587908
0 0.522925 0.462508 0.358929 0.269655 0.0460327
0 0.667164 0.38335 0.0423403 0.0807451 0.0394728
0 0.504103 0.634279 0.402459 0.421693 0.0365206
0 0.464679 0.596099 0.40423 0.227836 0.0255879
0 0.12562 0.851265 0.00798972 0.0154528 0.0252017
0 0.490819 0.535827 0.34012 0.186945 0.0219571
0 0.668058 0.371007 0.0346974 0.0592924 0.0180281
0 0.586124 0.452268 0.188434 0.223234 0.0129705
0 0.158642 0.275945 0.00982795 0.0146397 0.0109796
0 0.125904 0.850005 0.0115927 0.0191605 0.0101564
0 0.670372 0.418294 0.0493126 0.157412 0.00863729
0 0.590701 0.479837 0.361585 0.316174 0.0080495
0 0.678302 0.431464 0.227064 0.26214 0.00757734
0 0.519769 0.171519 0.010428 0.0101683 0.00751118
0 0.673235 0.358928 0.0304771 0.0431941 0.00719733
0 0.630301 0.448439 0.09735 0.16282 0.00548313
0 0.444187 0.573416 0.246931 0.121058 0.00499827
0 0.354495 0.634817 0.0784446 0.0625154 0.00452699
0 0.364319 0.662245 0.0804572 0.0307919 0.00447221
0 0.351254 0.65207 0.0744625 0.0438699 0.00446522
0 0.343829 0.643566 0.0617683 0.0486897 0.00426525
0 0.826631 0.171795 0.0139086 0.0386673 0.00424594
0 0.521789 0.171958 0.0161931 0.0145377 0.00386812
0 0.389661 0.608796 0.158975 0.115821 0.00361641
0 0.622433 0.599803 0.755134 0.549405 0.00333782
0 0.630418 0.474453 0.197993 0.273719 0.00328385
0 0.589792 0.649858 0.526663 0.548124 0.00327084
0 0.448833 0.598538 0.167746 0.0971376 0.00320803
0 0.946207 0.95701 0.0943241 0.0783596 0.00311335
0 0.580828 0.54583 0.628562 0.387317 0.00301955
0 0.356977 0.625553 0.0945871 0.0911548 0.00279171
0 0.930935 0.944717 0.138129 0.110565 0.00259628
0 0.38013 0.667256 0.0344065 0.0211485 0.00241341
0 0.553804 0.423485 0.464387 0.306277 0.0024082
0 0.159734 0.278478 0.0107329 0.014269 0.00224956
0 0.479158 0.592456 0.17091 0.177667 0.002241
0 0.294776 0.0164975 0.0145508 0.0139513 0.00217406
0 0.521074 0.17347 0.00986424 0.0127894 0.00206242
0 0.96337 0.758208 0.0709877 0.127158 0.00180092
0 0.169075 0.149905 0.0166887 0.016209 0.0017216
0 0.336791 0.632141 0.0528563 0.0458582 0.00170579
0 0.611054 0.478302 0.145138 0.214398 0.00165277
0 0.315818 0.168132 0.00931482 0.00744085 0.00160335
0 0.666515 0.441831 0.0622584 0.129535 0.0016012
0 0.51135 0.510787 0.172456 0.214548 0.00151181
0 0.359717 0.619793 0.119327 0.121537 0.00148604
0 0.654151 0.398039 0.0649509 0.116719 0.00145592
0 0.486811 0.536105 0.171251 0.14289 0.0014357
0 0.294235 0.0199153 0.0119911 0.0193229 0.00136586
0 0.316104 0.168574 0.00797787 0.0117875 0.00135096
0 0.0544685 0.0235282 0.0101296 0.0216961 0.00130252
0 0.312942 0.166525 0.00737686 0.0104448 0.00130174
0 0.542051 0.483756 0.162028 0.221093 0.00129927
0 0.513002 0.633809 0.328403 0.236364 0.0012901
0 0.434658 0.607179 0.0907601 0.109342 0.00124974
0 0.343622 0.652729 0.0533714 0.0323087 0.00122971
0 0.517138 0.170035 0.00998421 0.0152334 0.0012248
0 0.61445 0.518292 0.0889818 0.0227346 0.00121426
0 0.371172 0.664931 0.0532685 0.0252631 0.00120978
0 0.159814 0.279303 0.0133802 0.0207672 0.00119172
0 0.517129 0.17024 0.0142485 0.0111616 0.00118455
0 0.722966 0.188828 0.00917816 0.0140502 0.00117203
0 0.930835 0.903257 0.13833 0.178151 0.00112151
