0 0.541634 0.508024 0.610064 0.253728 0.515036
0 0.512059 0.379113 0.051455 0.0651285 0.253683
0 0.521029 0.373296 0.0250693 0.0511183 0.17877
0 0.383359 0.381774 0.149075 0.0633682 0.103902
0 0.506842 0.587851 0.780162 0.403131 0.08313
0 0.505802 0.380464 0.0927354 0.0708394 0.0800441
0 0.189498 0.622061 0.0731892 0.190388 0.0758251
0 0.402313 0.538196 0.653471 0.244106 0.0710606
0 0.447195 0.382324 0.310629 0.0817204 0.0673163
0 0.820505 0.330932 0.0866096 0.110932 0.0602816
0 0.501572 0.38869 0.0386952 0.0468036 0.0594219
0 0.495219 0.394326 0.0217708 0.0344093 0.0578876
0 0.522197 0.363631 0.0219039 0.0365705 0.0491725
0 0.24025 0.48366 0.0185578 0.0136034 0.045726
0 0.500489 0.387839 0.190478 0.115844 0.0278656
0 0.39721 0.638645 0.660272 0.441362 0.0260343
0 0.739213 0.365398 0.230372 0.181999 0.0227994
0 0.452795 0.468627 0.732111 0.27007 0.0222095
0 0.500288 0.690221 0.930194 0.475348 0.0187061
0 0.584003 0.473826 0.7098 0.386074 0.0164886
0 0.795759 0.33693 0.119259 0.132123 0.0155228
0 0.442148 0.397207 0.475501 0.161286 0.0146899
0 0.16026 0.703466 0.0105475 0.0366492 0.0112334
0 0.285446 0.641412 0.335651 0.237955 0.0103813
0 0.818927 0.352026 0.0695879 0.0994956 0.0103596
0 0.390522 0.382191 0.0911964 0.0501984 0.00984972
0 0.376398 0.390168 0.239339 0.0940312 0.00944793
0 0.851257 0.285327 0.0173738 0.0181463 0.00911473
0 0.357534 0.599359 0.486238 0.315508 0.00754939
0 0.410758 0.535567 0.334181 0.175956 0.00676648
0 0.458541 0.382833 0.207629 0.0686261 0.00654261
0 0.797529 0.345295 0.184802 0.170977 0.00645573
0 0.580435 0.529228 0.324536 0.259201 0.00644645
0 0.490854 0.357434 0.442426 0.191604 0.0063968
0 0.534182 0.394892 0.57793 0.265485 0.00635378
0 0.203589 0.626715 0.105778 0.155245 0.00633643
0 0.635678 0.593534 0.728644 0.511866 0.00628501
0 0.174247 0.644141 0.0419492 0.141961 0.00577448
0 0.24021 0.483768 0.0255017 0.0227325 0.00502254
0 0.360547 0.391936 0.178645 0.0718004 0.00485913
0 0.62753 0.537511 0.531103 0.372281 0.00433464
0 0.742877 0.360094 0.156101 0.1603 0.00418649
0 0.134925 0.769227 0.0156257 0.0150897 0.00408631
0 0.837336 0.342364 0.220039 0.199469 0.00403663
0 0.850099 0.289011 0.0223389 0.0208055 0.00402054
0 0.160307 0.700727 0.0162231 0.0360913 0.00380281
0 0.360594 0.460651 0.495865 0.226963 0.00357577
0 0.533347 0.373191 0.299208 0.173195 0.00355724
0 0.624812 0.459666 0.3142 0.150316 0.00334976
0 0.712816 0.360672 0.379045 0.192651 0.00331622
0 0.651423 0.409709 0.671309 0.348909 0.00327352
0 0.201275 0.616629 0.277888 0.22264 0.00308224
0 0.514977 0.361746 0.0312537 0.040231 0.00292424
0 0.304608 0.685333 0.503008 0.35826 0.00255697
0 0.2234 0.623767 0.147448 0.196646 0.00252028
0 0.136733 0.772003 0.0193093 0.0188188 0.00231822
0 0.286073 0.408494 0.572145 0.251824 0.00224955
0 0.255207 0.623197 0.244945 0.19325 0.00221864
0 0.821093 0.327412 0.0538694 0.064279 0.00220885
0 0.18392 0.623625 0.05409 0.134881 0.00216877
0 0.356936 0.363382 0.452575 0.195892 0.00216268
0 0.322351 0.498838 0.644702 0.311918 0.00211445
0 0.49085 0.400996 0.0218245 0.030342 0.00201198
0 0.50427 0.394523 0.0630519 0.0686158 0.00197952
0 0.140026 0.0809412 0.0371258 0.0374477 0.00186618
0 0.483944 0.521677 0.307068 0.17508 0.00185206
0 0.656424 0.43258 0.236333 0.109872 0.00181488
0 0.156705 0.701061 0.0130973 0.0322264 0.00181164
0 0.270721 0.402899 0.541441 0.167591 0.00175161
0 0.759332 0.400078 0.0337649 0.0212176 0.0017038
0 0.490876 0.400228 0.0359111 0.0281454 0.00169983
0 0.495306 0.39908 0.0425624 0.0602873 0.00167197
0 0.241053 0.478862 0.0227726 0.0222403 0.00165308
0 0.499808 0.375033 0.0455585 0.0596843 0.00157064
0 0.938151 0.179366 0.0157333 0.0252979 0.00156448
0 0.137378 0.0826402 0.0350163 0.0243623 0.0014173
0 0.359522 0.422895 0.211813 0.155464 0.00137645
0 0.800116 0.365682 0.106514 0.111959 0.0013305
0 0.691836 0.386237 0.292919 0.150638 0.00131575
0 0.69572 0.429153 0.169826 0.0856477 0.00122882
0 0.133264 0.774472 0.0173767 0.0266438 0.00120961
0 0.489253 0.381798 0.0546307 0.0573761 0.00120806
0 0.187439 0.597257 0.0573672 0.127492 0.00119932
0 0.159269 0.632992 0.176891 0.255818 0.00117813
0 0.521745 0.353347 0.0195859 0.0232474 0.00117207
0 0.935784 0.184006 0.0171625 0.0324202 0.00116625
0 0.686555 0.385165 0.487359 0.250696 0.0011206
0 0.43001 0.427371 0.255258 0.186963 0.00109215
0 0.16106 0.696981 0.0224652 0.0525062 0.00106696
0 0.843559 0.29723 0.03333 0.0339354 0.00106234
0 0.33776 0.457224 0.250393 0.264193 0.00104519
0 0.78647 0.372566 0.133542 0.16093 0.00102526
