0 0.498765 0.499911 0.0741081 0.0598181 0.73567
0 0.512232 0.494045 0.0640915 0.0529116 0.0432813
0 0.518258 0.485699 0.0308773 0.0361613 0.0245991
0 0.491813 0.499455 0.175419 0.207637 0.0186759
0 0.379006 0.570357 0.0201782 0.0141766 0.00805122
0 0.497302 0.49016 0.0572098 0.0524575 0.0077649
0 0.525364 0.48604 0.017897 0.0278744 0.00775693
0 0.519648 0.494209 0.0479998 0.0407971 0.00716203
0 0.488681 0.509174 0.0611136 0.0425778 0.00529506
0 0.785722 0.147896 0.0142941 0.00989854 0.00510863
0 0.792235 0.588624 0.00977497 0.00653744 0.00461677
0 0.377946 0.570244 0.0261307 0.0193982 0.00460151
0 0.0204415 0.990816 0.0183818 0.00987663 0.0042293
0 0.403866 0.56157 0.262015 0.120699 0.00369022
0 0.342357 0.590829 0.123238 0.0554734 0.0034953
0 0.0188824 0.989577 0.0176722 0.0154902 0.00323299
0 0.497967 0.508113 0.0578195 0.0558837 0.00321937
0 0.356426 0.584872 0.146969 0.0765274 0.00304973
0 0.791853 0.746507 0.0149082 0.00765667 0.00295147
0 0.924533 0.898084 0.0175175 0.0129593 0.00294977
0 0.482432 0.497822 0.0927175 0.0498825 0.00289222
0 0.331724 0.594182 0.0801264 0.0377451 0.00278652
0 0.525274 0.488517 0.0246116 0.0341067 0.00242835
0 0.793027 0.589537 0.01061 0.00971556 0.00240768
0 0.79515 0.590731 0.013735 0.00624037 0.00239513
0 0.925175 0.900503 0.0222921 0.0145962 0.00234917
0 0.253526 0.685175 0.0111873 0.00979939 0.00234499
0 0.793159 0.247604 0.149333 0.0833435 0.00230368
0 0.787962 0.147928 0.0176399 0.0141508 0.00230054
0 0.792044 0.590026 0.0140715 0.0061286 0.00228302
0 0.493843 0.520974 0.0553544 0.0519947 0.00223854
0 0.796674 0.589328 0.0186254 0.0123923 0.00213274
0 0.25175 0.683868 0.00960851 0.01373 0.00209968
0 0.0232907 0.990061 0.021336 0.0134716 0.00209122
0 0.448111 0.531179 0.210437 0.107761 0.0020714
0 0.0591888 0.874423 0.0230071 0.0196346 0.00206199
0 0.495889 0.516745 0.0847993 0.0895501 0.00192902
0 0.252698 0.681992 0.0133936 0.0138948 0.00190135
0 0.475586 0.511193 0.0305944 0.0324075 0.00183985
0 0.482711 0.982419 0.0206247 0.0227621 0.00175
0 0.794866 0.747511 0.0201962 0.0146208 0.00168848
0 0.79195 0.746664 0.00916538 0.00726175 0.00167904
0 0.51912 0.503055 0.0990611 0.0667337 0.00161963
0 0.383028 0.570441 0.144766 0.0597064 0.00160019
0 0.0920695 0.0615352 0.0185673 0.0215077 0.00158406
0 0.344381 0.589513 0.084196 0.0364564 0.00155883
0 0.0242007 0.9928 0.0164645 0.00964928 0.00152927
0 0.474052 0.513459 0.0167646 0.0278561 0.00147113
0 0.790471 0.252187 0.170558 0.135041 0.00142766
0 0.381975 0.602209 0.223583 0.130076 0.00138751
0 0.496022 0.482867 0.0769428 0.0710975 0.00133056
0 0.732017 0.791541 0.00925064 0.0279732 0.00131863
0 0.398209 0.592816 0.315536 0.187126 0.00129386
0 0.179894 0.929067 0.00822873 0.0200672 0.00128229
0 0.180291 0.931043 0.0131469 0.0211823 0.00125014
0 0.867195 0.480291 0.0110493 0.0135545 0.00123026
0 0.252936 0.682487 0.00943613 0.0184891 0.00121408
0 0.87105 0.487835 0.0270332 0.0326826 0.00121096
0 0.255511 0.685496 0.0176087 0.0170214 0.00120827
0 0.470127 0.868606 0.0310616 0.0253542 0.00119605
0 0.380685 0.566764 0.0246764 0.0204138 0.00118303
0 0.871114 0.48492 0.0158133 0.0214448 0.00117694
0 0.79114 0.674578 0.00869598 0.0095871 0.00116553
0 0.337152 0.601899 0.155596 0.0863244 0.00114832
0 0.792521 0.589458 0.0160658 0.0131866 0.00113487
0 0.316591 0.603454 0.0736028 0.0364427 0.00110997
0 0.182537 0.9288 0.0109149 0.0152086 0.00109762
0 0.335028 0.624444 0.212384 0.13879 0.00107578
0 0.482275 0.505008 0.120534 0.0743503 0.00104004
0 0.358337 0.571922 0.119259 0.0744867 0.0010399
0 0.69278 0.759533 0.0169878 0.010186 0.00103782
0 0.398012 0.525736 0.320112 0.165844 0.0010249
