0 0.477969 0.257532 0.0234752 0.0233364 0.545411
0 0.552882 0.33295 0.0178864 0.0218781 0.496351
0 0.519513 0.278024 0.015094 0.0254025 0.447445
0 0.513799 0.497774 0.154702 0.0611026 0.245262
0 0.475071 0.26041 0.0159372 0.020938 0.191314
0 0.516293 0.277628 0.024996 0.0275845 0.167718
0 0.485887 0.255521 0.032165 0.0320245 0.148835
0 0.489556 0.494906 0.0925846 0.0507369 0.0870403
0 0.552032 0.258312 0.0253175 0.0331712 0.0827048
0 0.510321 0.274164 0.0435378 0.0320537 0.0748739
0 0.493913 0.264059 0.0506885 0.0417623 0.0474333
0 0.581837 0.515725 0.0190459 0.0208097 0.0425901
0 0.547743 0.263277 0.0334629 0.0346308 0.0411514
0 0.481648 0.262028 0.039367 0.0523704 0.0375759
0 0.482482 0.253563 0.0236645 0.0242697 0.029366
0 0.520945 0.282522 0.0128024 0.0230329 0.0269572
0 0.515879 0.272681 0.0350704 0.0571997 0.0217594
0 0.490515 0.252327 0.0196459 0.0289965 0.0212557
0 0.508529 0.498248 0.209749 0.152699 0.0152896
0 0.45484 0.480476 0.0205106 0.0188538 0.0151576
0 0.479663 0.487982 0.0783058 0.0436868 0.0148057
0 0.522066 0.274736 0.014142 0.025678 0.0142896
0 0.50065 0.270232 0.0709531 0.0439032 0.0127261
0 0.549295 0.328784 0.020156 0.0210947 0.0123705
0 0.552251 0.337957 0.0273759 0.0515644 0.0105413
0 0.578753 0.509082 0.0299864 0.0348489 0.0104638
0 0.546146 0.264095 0.0388693 0.0504053 0.00860024
0 0.739767 0.298999 0.0635746 0.0926574 0.00823485
0 0.558186 0.332609 0.023245 0.0208732 0.00818516
0 0.552368 0.340556 0.0198745 0.0270194 0.00805329
0 0.54064 0.495501 0.157927 0.074006 0.0074928
0 0.482871 0.503541 0.116376 0.0821833 0.00690429
0 0.524228 0.477539 0.193349 0.105218 0.00682589
0 0.516981 0.497038 0.0890562 0.0605452 0.00673869
0 0.473818 0.253941 0.0166354 0.0204176 0.00571967
0 0.521692 0.280716 0.0318781 0.0464149 0.00550423
0 0.274551 0.435508 0.0098278 0.010239 0.00374873
0 0.481242 0.271677 0.0321738 0.0443984 0.00339743
0 0.473964 0.267254 0.0265992 0.0281954 0.00311836
0 0.740176 0.299344 0.0887142 0.121458 0.00311713
0 0.925739 0.902708 0.126401 0.165212 0.00305473
0 0.501656 0.502336 0.0827211 0.0464173 0.00298943
0 0.519654 0.265257 0.0791181 0.0488628 0.00270668
0 0.552454 0.257682 0.0327117 0.0512056 0.00265916
0 0.537382 0.446514 0.161421 0.163777 0.00264783
0 0.284395 0.266401 0.021115 0.0914696 0.0025844
0 0.577281 0.508032 0.0513972 0.0612064 0.00252727
0 0.53364 0.289051 0.0766872 0.0710192 0.00242893
0 0.528844 0.520717 0.159656 0.120712 0.00242449
0 0.496047 0.273431 0.0460006 0.0336774 0.00228695
0 0.548991 0.341349 0.0282166 0.036973 0.00228605
0 0.50253 0.284007 0.0977177 0.0995774 0.00208654
0 0.560141 0.33684 0.0317923 0.030781 0.00200324
0 0.501551 0.253249 0.0592533 0.0474401 0.00199839
0 0.456193 0.479662 0.0262513 0.0251572 0.00198211
0 0.275869 0.264126 0.0283159 0.0929703 0.00194817
0 0.457525 0.500522 0.260301 0.186294 0.00183706
0 0.509348 0.283925 0.0443189 0.0448577 0.0018105
0 0.586013 0.511661 0.0188312 0.0316191 0.00180875
0 0.275019 0.437412 0.0138443 0.0146078 0.00176096
0 0.451356 0.480686 0.0413512 0.0234298 0.001717
0 0.277271 0.266089 0.0182294 0.070546 0.00171651
0 0.91262 0.897843 0.174759 0.202786 0.00167687
0 0.274534 0.441064 0.0145072 0.0137873 0.00166207
0 0.450896 0.476668 0.0252236 0.0254815 0.0016277
0 0.550921 0.328476 0.034707 0.0575769 0.00156216
0 0.582795 0.513724 0.030049 0.0512378 0.00153061
0 0.762185 0.243655 0.0154525 0.0292387 0.00151865
0 0.604524 0.340186 0.0131373 0.0104787 0.0014857
0 0.465981 0.483393 0.0331234 0.026196 0.00144912
0 0.487814 0.481439 0.10111 0.0617253 0.0013368
0 0.517279 0.263798 0.0492067 0.0469956 0.00131251
0 0.496528 0.288534 0.0715949 0.0660152 0.00128433
0 0.48496 0.497933 0.0588552 0.0493339 0.00124715
0 0.948615 0.356819 0.0647144 0.0933189 0.00121587
0 0.749326 0.312885 0.0653773 0.107372 0.00121077
0 0.752837 0.298264 0.378601 0.340982 0.00119469
0 0.601926 0.341041 0.0171433 0.0136683 0.00118542
0 0.549999 0.251646 0.0295727 0.0267979 0.00116613
0 0.950543 0.122451 0.0936113 0.101911 0.00111012
0 0.552247 0.270813 0.0398415 0.0520066 0.00110406
0 0.0272139 0.621434 0.00998063 0.0157408 0.00109438
0 0.51196 0.547396 0.154476 0.15924 0.00101107
0 0.0256277 0.620234 0.0100726 0.0221778 0.00100674
0 0.556759 0.494832 0.101436 0.0594774 0.00100349
