0 0.870411 0.761705 0.0125702 0.0197719 0.606846
0 0.510978 0.486909 0.01637 0.0565193 0.599526
0 0.508985 0.478244 0.014887 0.0448912 0.0849651
0 0.343447 0.318284 0.0127182 0.0165026 0.0668614
0 0.514564 0.48832 0.0169225 0.0476103 0.0469288
0 0.870563 0.761876 0.0232244 0.0217763 0.0445042
0 0.0423716 0.633846 0.0137679 0.0165274 0.0440252
0 0.511429 0.497542 0.0142243 0.0520889 0.0305
0 0.867317 0.760786 0.0154045 0.0170064 0.0279605
0 0.343866 0.32242 0.0146976 0.0218095 0.0271174
0 0.869533 0.76513 0.0166542 0.0225549 0.0223399
0 0.86675 0.764215 0.0148327 0.0280959 0.0190389
0 0.835033 0.478787 0.0121975 0.0170143 0.015697
0 0.51584 0.490627 0.0250531 0.0642017 0.0115186
0 0.504693 0.482204 0.0153029 0.048431 0.00963245
0 0.607893 0.482997 0.00955362 0.0142411 0.0083677
0 0.58581 0.251319 0.0122602 0.0190882 0.00778067
0 0.345747 0.320267 0.0147694 0.0152875 0.00702148
0 0.342048 0.32218 0.02061 0.0261063 0.00617861
0 0.870788 0.766316 0.0289801 0.0591712 0.00502786
0 0.507093 0.501676 0.0203023 0.0606125 0.00486662
0 0.0404878 0.637353 0.0135892 0.0243495 0.00412874
0 0.838675 0.477624 0.0106045 0.0172591 0.00389854
0 0.504039 0.4881 0.0228805 0.0545978 0.00335691
0 0.869628 0.754403 0.0210033 0.0235587 0.00296625
0 0.608829 0.483937 0.0123451 0.019448 0.0026821
0 0.868875 0.770887 0.0197651 0.0326423 0.00251426
0 0.0668978 0.528184 0.00886914 0.011086 0.00240568
0 0.610017 0.484114 0.0149603 0.0122297 0.00234894
0 0.0670994 0.528645 0.00652319 0.0148047 0.0022432
0 0.512085 0.493047 0.0495233 0.0791069 0.00217528
0 0.342162 0.327338 0.0177048 0.0268769 0.00212956
0 0.511075 0.510995 0.0130255 0.0561917 0.00192145
0 0.507167 0.500662 0.0305985 0.0843909 0.00181431
0 0.110736 0.665976 0.162383 0.103878 0.00175089
0 0.319724 0.794759 0.104185 0.0991049 0.00166999
0 0.346507 0.328374 0.0155739 0.0294691 0.00151392
0 0.832573 0.484099 0.0140312 0.0203313 0.00149538
0 0.517585 0.503257 0.0262208 0.0612218 0.00145389
0 0.83494 0.48013 0.0157303 0.0235234 0.00122303
0 0.0401054 0.636332 0.025754 0.0311173 0.00122077
0 0.776997 0.796246 0.0111532 0.0123829 0.00120905
0 0.343684 0.329362 0.0306275 0.0652994 0.001123
0 0.269947 0.165109 0.0140161 0.010983 0.0011023
0 0.0671931 0.526962 0.0118387 0.0173722 0.00105159
0 0.584808 0.253808 0.0169613 0.0236373 0.0010469
0 0.0464695 0.632868 0.0168642 0.0201189 0.00103806
