0 0.912968 0.0538808 0.133023 0.0554349 0.75328
0 0.262148 0.314602 0.145044 0.0765003 0.673202
0 0.987871 0.0130288 0.0242589 0.0260575 0.50269
0 0.837206 0.0504475 0.0209854 0.0225282 0.418935
0 0.592978 0.163287 0.460674 0.198266 0.395953
0 0.970397 0.0113706 0.0395496 0.0227412 0.216465
0 0.847594 0.779404 0.0620783 0.0282338 0.200573
0 0.978156 0.0128833 0.0407999 0.0257666 0.198013
0 0.593752 0.216744 0.425643 0.195105 0.139492
0 0.338663 0.310675 0.31198 0.136305 0.128068
0 0.443084 0.256911 0.116738 0.0469096 0.114508
0 0.694511 0.967696 0.0156176 0.0303673 0.111163
0 0.965423 0.00859243 0.026792 0.0171849 0.0977602
0 0.0763346 0.507733 0.057799 0.0522582 0.0874567
0 0.973352 0.425054 0.0370436 0.0498169 0.0614424
0 0.575863 0.652871 0.0493978 0.0964067 0.0561516
0 0.255248 0.304871 0.186096 0.164334 0.051522
0 0.968411 0.422761 0.0480408 0.0672231 0.0455153
0 0.969745 0.0221067 0.0491055 0.0442133 0.0453525
0 0.596946 0.287439 0.475334 0.403187 0.0441374
0 0.577336 0.678076 0.0413529 0.044872 0.0420528
0 0.979153 0.0188836 0.0416945 0.0377672 0.0417607
0 0.836695 0.767416 0.0796005 0.0605509 0.0415923
0 0.860669 0.0335098 0.0198597 0.0176057 0.040543
0 0.902874 0.0672843 0.173227 0.134569 0.0401001
0 0.433578 0.261157 0.184164 0.0540596 0.0395265
0 0.834547 0.749507 0.0829435 0.0763683 0.0344325
0 0.339457 0.283065 0.359094 0.128174 0.0305446
0 0.0913364 0.51778 0.102236 0.0737502 0.0292531
0 0.960053 0.0216942 0.079056 0.0433885 0.0284816
0 0.543737 0.217346 0.32154 0.128122 0.0278719
0 0.071025 0.505864 0.0436169 0.0373149 0.0260462
0 0.862719 0.0353941 0.0278238 0.0189193 0.0248915
0 0.5713 0.664887 0.0446406 0.0654333 0.023911
0 0.521304 0.208418 0.592022 0.145719 0.0222246
0 0.561982 0.12831 0.628633 0.25662 0.0211479
0 0.845825 0.781511 0.0698202 0.058758 0.0208138
0 0.964145 0.0131407 0.0293789 0.0262814 0.0207863
0 0.441588 0.258436 0.0916986 0.0355154 0.0182416
0 0.508497 0.236269 0.457887 0.114076 0.0176602
0 0.312635 0.297025 0.259453 0.0912612 0.0176446
0 0.96872 0.00648998 0.0309391 0.01298 0.0170057
0 0.0764491 0.634873 0.141279 0.386554 0.0169481
0 0.694754 0.969556 0.023736 0.0347176 0.0168178
0 0.711707 0.121754 0.192917 0.159518 0.0164978
0 0.573406 0.683049 0.0315163 0.032987 0.0159067
0 0.261268 0.313004 0.0963367 0.0689244 0.0155135
0 0.704544 0.120635 0.375495 0.193095 0.0150963
0 0.435832 0.263567 0.320627 0.0615235 0.0137246
0 0.845159 0.970709 0.0110014 0.0164089 0.0134978
0 0.858274 0.0366749 0.0165287 0.0197318 0.0133364
0 0.772043 0.113274 0.0932173 0.142083 0.0129939
0 0.110453 0.537437 0.0460224 0.0349828 0.0129401
0 0.80315 0.0857114 0.0149662 0.0188379 0.0125382
0 0.609415 0.197457 0.335292 0.139529 0.0117636
0 0.389584 0.300616 0.550093 0.180015 0.0114327
0 0.571609 0.687561 0.0245541 0.0206763 0.0107518
0 0.939624 0.0580028 0.120753 0.0468843 0.0106932
0 0.834404 0.756418 0.105541 0.100376 0.0106193
0 0.109018 0.537147 0.0685932 0.040958 0.010561
0 0.0913817 0.525045 0.131866 0.131143 0.010434
0 0.438845 0.256596 0.405214 0.129866 0.0103203
0 0.111963 0.54157 0.0448603 0.0213438 0.0101613
0 0.424698 0.268161 0.272693 0.107171 0.00993291
0 0.917122 0.0595063 0.0922361 0.0539397 0.00961937
0 0.335944 0.292475 0.153345 0.0906543 0.00956715
0 0.987593 0.0216961 0.0248151 0.0433922 0.00942414
0 0.504865 0.297759 0.744594 0.344051 0.00939029
0 0.840635 0.0504787 0.0339592 0.0540522 0.00905409
0 0.278096 0.320112 0.201241 0.0944719 0.00880322
0 0.915465 0.0487572 0.0595837 0.0546403 0.0086853
0 0.72609 0.0166112 0.0265658 0.0325832 0.00864282
0 0.332518 0.349552 0.303287 0.235546 0.00864016
0 0.855367 0.0448364 0.0627134 0.0355608 0.0084101
0 0.954592 0.0652028 0.0513165 0.0371854 0.0083887
0 0.0174852 0.625206 0.0154155 0.0131297 0.00774845
0 0.847169 0.971145 0.0189783 0.0169071 0.00731002
0 0.785706 0.400493 0.0146362 0.0335651 0.00714873
0 0.88885 0.0594271 0.159982 0.0938233 0.00712601
0 0.911943 0.718839 0.0193506 0.0162502 0.00679283
0 0.112729 0.762435 0.013949 0.0213477 0.00679043
0 0.431935 0.0071376 0.0201744 0.0142752 0.00678938
0 0.851215 0.0435902 0.0392952 0.0313443 0.0066026
0 0.868855 0.0401845 0.0447746 0.0315445 0.00648524
0 0.773908 0.118355 0.153924 0.165255 0.00635359
0 0.443905 0.247189 0.646894 0.199166 0.00626719
0 0.237437 0.318607 0.0884883 0.0629459 0.00624817
0 0.0148711 0.622271 0.0113166 0.0135791 0.00605963
0 0.579076 0.638119 0.0678408 0.122032 0.00577442
0 0.569367 0.64693 0.0490047 0.0708892 0.00569233
0 0.971597 0.0178083 0.0410511 0.0356166 0.00545473
0 0.110333 0.533264 0.0887472 0.063526 0.00535782
0 0.967588 0.426322 0.064134 0.0895862 0.00533573
0 0.198548 0.342408 0.0174102 0.0156337 0.00530853
0 0.727826 0.0113716 0.0230288 0.0227432 0.00505294
0 0.943732 0.0385081 0.112536 0.0770163 0.00499419
0 0.842176 0.970755 0.0145571 0.0153139 0.00488259
0 0.802171 0.0938547 0.0209894 0.0399545 0.00488038
0 0.464844 0.250852 0.131326 0.0445413 0.00479213
0 0.659484 0.186744 0.681032 0.302203 0.00426417
0 0.980717 0.00667257 0.0346237 0.0133451 0.00426102
0 0.0795448 0.523827 0.060129 0.0716265 0.00420193
0 0.26036 0.346813 0.133749 0.155991 0.0042002
0 0.858052 0.0522015 0.119542 0.041783 0.00402338
0 0.908843 0.0722629 0.135349 0.0634207 0.00392202
0 0.29333 0.332173 0.275265 0.173049 0.00382534
0 0.832435 0.0558658 0.0292627 0.0258837 0.00378235
0 0.840821 0.785233 0.107232 0.0994718 0.00375936
0 0.801118 0.0838797 0.0205494 0.0321783 0.0037384
0 0.334658 0.323516 0.160413 0.142321 0.00373013
0 0.309365 0.296584 0.139102 0.0700578 0.00371077
0 0.696213 0.970754 0.0295667 0.0478468 0.00367338
0 0.641331 0.960816 0.0752461 0.0203039 0.00360981
0 0.971186 0.650994 0.029858 0.0287535 0.00360432
0 0.203233 0.342412 0.0220005 0.0201869 0.00355359
0 0.484971 0.24195 0.230604 0.102686 0.00354033
0 0.827127 0.734571 0.0795221 0.0601622 0.00349404
0 0.581109 0.672785 0.0744703 0.101617 0.00348503
0 0.0166716 0.623734 0.0104541 0.0170243 0.00341154
0 0.834177 0.779592 0.0886854 0.0355236 0.00339578
0 0.913171 0.0326604 0.121849 0.0653209 0.00337413
0 0.586666 0.676282 0.0323177 0.0421551 0.00334818
0 0.0984444 0.542677 0.196889 0.292664 0.00331758
0 0.962103 0.00573736 0.0245264 0.0114747 0.00314709
0 0.798148 0.0944251 0.0246775 0.0493975 0.00313799
0 0.859142 0.785747 0.0903366 0.0380989 0.00305224
0 0.860736 0.781986 0.078606 0.0206239 0.00298806
0 0.850113 0.0365959 0.018973 0.0170842 0.00292762
0 0.651701 0.994249 0.0121749 0.0115026 0.00286624
0 0.319092 0.263683 0.488572 0.18905 0.00284629
0 0.55455 0.204426 0.175296 0.112684 0.00274659
0 0.0780984 0.633856 0.114646 0.251451 0.00273644
0 0.802275 0.0895526 0.0183676 0.0246434 0.00272707
0 0.953554 0.0615179 0.0359665 0.0278997 0.00269779
0 0.992067 0.0101048 0.0158663 0.0202096 0.00267659
0 0.290599 0.307197 0.153648 0.0681804 0.00266301
0 0.989309 0.00759311 0.021383 0.0151862 0.00257352
0 0.961976 0.0285294 0.0673832 0.0568867 0.00257263
0 0.786057 0.111225 0.375404 0.192681 0.00254543
0 0.143413 0.931494 0.0593959 0.0425911 0.00254202
0 0.220066 0.334749 0.0611125 0.0361609 0.00254048
0 0.84483 0.74851 0.201831 0.210401 0.00252297
0 0.483563 0.244531 0.162607 0.0673361 0.00251724
0 0.852612 0.0513642 0.0744293 0.0341588 0.00250557
0 0.911822 0.72116 0.0252752 0.0167339 0.0024886
0 0.833399 0.0493614 0.0343809 0.0304577 0.0024423
0 0.899063 0.0462053 0.0880274 0.0507022 0.00240237
0 0.881583 0.0457838 0.0770079 0.0411135 0.00235639
0 0.444265 0.327805 0.485239 0.295547 0.00235387
0 0.838618 0.774956 0.0526211 0.0337157 0.00227125
0 0.548519 0.646886 0.173155 0.205049 0.00226235
0 0.113453 0.545477 0.0630867 0.0348748 0.00218799
0 0.0765778 0.696423 0.111017 0.258984 0.00217518
0 0.0992276 0.540813 0.0538481 0.0290878 0.00216696
0 0.00455579 0.984799 0.00574531 0.012855 0.00215675
0 0.251167 0.50601 0.440033 0.591129 0.0021519
0 0.837378 0.0581234 0.026845 0.0349326 0.00215173
0 0.25701 0.290548 0.172058 0.0997694 0.00213195
0 0.989508 0.0215772 0.0209836 0.0431544 0.00210652
0 0.285516 0.383932 0.249245 0.255619 0.00209941
0 0.641904 0.163837 0.161821 0.154515 0.00203964
0 0.979945 0.434202 0.0261898 0.0427769 0.00199073
0 0.967476 0.38276 0.0650471 0.133286 0.0019868
0 0.636576 0.334172 0.585347 0.579798 0.00196162
0 0.592078 0.642883 0.187509 0.21986 0.00194663
0 0.308249 0.295117 0.0921855 0.030858 0.0019126
0 0.861014 0.0448633 0.0778248 0.0589117 0.00190389
0 0.411581 0.267022 0.114769 0.0295835 0.00190177
0 0.845695 0.967183 0.0138668 0.0140295 0.00184055
0 0.784817 0.401331 0.0235399 0.0337305 0.00184005
0 0.441541 0.253385 0.0596361 0.0456156 0.00183089
0 0.825118 0.052255 0.0187426 0.0233673 0.0018037
0 0.967202 0.038637 0.0655952 0.0711703 0.00180043
0 0.788829 0.0924225 0.063991 0.107701 0.00179728
0 0.587316 0.66379 0.0324389 0.0495813 0.00179025
0 0.963898 0.0379362 0.0722032 0.0758724 0.00175783
0 0.461547 0.206613 0.729981 0.200833 0.00173973
0 0.432265 0.0108634 0.0235737 0.0217269 0.00173063
0 0.913046 0.0609751 0.173908 0.12195 0.00171917
0 0.258837 0.655669 0.0122097 0.0174515 0.00171636
0 0.939811 0.0631239 0.079764 0.0480007 0.00171568
0 0.871524 0.764169 0.151326 0.0729526 0.00170736
0 0.663819 0.245653 0.672361 0.466234 0.00169956
0 0.868565 0.0727546 0.212005 0.0931319 0.00169128
0 0.640381 0.958489 0.0538438 0.0200367 0.00164408
0 0.117168 0.645282 0.208783 0.363543 0.00164283
0 0.354603 0.965678 0.08393 0.0507631 0.00162441
0 0.823966 0.0491552 0.0301228 0.0205951 0.00162274
0 0.958995 0.419133 0.0499266 0.0556937 0.00160776
0 0.00465333 0.987554 0.00835116 0.010206 0.00158741
0 0.25626 0.336211 0.145684 0.0880162 0.00158246
0 0.790451 0.39631 0.0233393 0.034558 0.00157126
0 0.962089 0.0660097 0.0360346 0.0316413 0.00156792
0 0.222778 0.323653 0.0755605 0.0506143 0.00155407
0 0.0766934 0.693129 0.0840833 0.201877 0.00152873
0 0.630584 0.226809 0.322194 0.294893 0.00152775
0 0.844921 0.966924 0.0187046 0.0210964 0.00150739
0 0.149972 0.937081 0.0360252 0.0822594 0.00150161
0 0.787162 0.0913489 0.0558596 0.0702567 0.00148674
0 0.0627657 0.497262 0.0305731 0.0336261 0.00148275
0 0.0848777 0.786083 0.0780156 0.0807293 0.00145064
0 0.426777 0.00708163 0.0233381 0.0141633 0.001419
0 0.258662 0.379051 0.166634 0.199338 0.00137922
0 0.259268 0.658422 0.0144272 0.0109374 0.00137568
0 0.856088 0.79164 0.0692043 0.0383783 0.0013751
0 0.985905 0.430063 0.0245802 0.045336 0.00136808
0 0.0753175 0.523036 0.078471 0.09682 0.00136619
0 0.963915 0.0608493 0.0543381 0.0508101 0.0013656
0 0.00367584 0.988018 0.00735168 0.0165543 0.00136058
0 0.681267 0.239383 0.551152 0.376664 0.00136052
0 0.840815 0.966428 0.0273855 0.0254353 0.0013517
0 0.330054 0.737398 0.0956736 0.0957499 0.00134257
0 0.0710586 0.544072 0.123712 0.310466 0.00133957
0 0.85849 0.0285585 0.0199432 0.0190584 0.00130414
0 0.990625 0.0137466 0.018751 0.0274933 0.00130059
0 0.147201 0.940302 0.0598656 0.0721043 0.00129348
0 0.433106 0.00433013 0.0220977 0.00866025 0.00127343
0 0.207726 0.335811 0.0364525 0.0325993 0.00124474
0 0.557593 0.279796 0.32677 0.347449 0.0012416
0 0.100757 0.632274 0.120117 0.308895 0.00123462
0 0.773564 0.0981007 0.0681448 0.119219 0.00123085
0 0.874385 0.785265 0.136622 0.0439528 0.00122933
0 0.840888 0.793149 0.0744595 0.0457172 0.0012207
0 0.992616 0.53897 0.0147295 0.0331393 0.0012201
0 0.39299 0.265382 0.175528 0.0493793 0.00121582
0 0.0807036 0.763662 0.0823973 0.122059 0.00121456
0 0.114743 0.518231 0.167593 0.194981 0.00121088
0 0.65303 0.993149 0.0173389 0.0137022 0.00120299
0 0.835369 0.0407854 0.0215708 0.0250142 0.00120203
0 0.878225 0.00458882 0.0196953 0.00917764 0.00118799
0 0.421217 0.275429 0.184082 0.0699898 0.00117102
0 0.671961 0.133952 0.155241 0.165679 0.00116798
0 0.18365 0.583695 0.0183082 0.0205192 0.00116719
0 0.258576 0.66014 0.0159257 0.0297348 0.00116051
0 0.860793 0.782467 0.0501574 0.0169786 0.00113581
0 0.343924 0.246623 0.321257 0.162428 0.00113532
0 0.473923 0.258598 0.182102 0.0539122 0.00111089
0 0.875386 0.752301 0.180119 0.116511 0.00109679
0 0.76869 0.137313 0.0820202 0.108182 0.0010877
0 0.462151 0.254578 0.0826048 0.0288265 0.00108709
0 0.991379 0.702147 0.0153439 0.0249488 0.00106718
0 0.779062 0.0578102 0.0198291 0.0344657 0.00106632
0 0.650555 0.962304 0.0715069 0.0307528 0.00106191
0 0.874504 0.00508113 0.0209135 0.0101623 0.00105938
0 0.0819203 0.505485 0.163841 0.341861 0.001056
0 0.928195 0.399758 0.143609 0.23807 0.00105553
0 0.908936 0.0976118 0.182129 0.195224 0.00105468
0 0.347313 0.0391917 0.0115127 0.0178804 0.00102585
0 0.907418 0.0980997 0.12556 0.148548 0.0010063
