0 0.485487 0.533345 0.414418 0.207127 0.740617
0 0.491127 0.370392 0.0411406 0.0880925 0.290452
0 0.48524 0.391177 0.0219575 0.0403807 0.121312
0 0.487046 0.379311 0.0289369 0.065132 0.0962995
0 0.501939 0.359471 0.0534048 0.101286 0.0948705
0 0.448023 0.563553 0.333746 0.12774 0.0449349
0 0.43257 0.592075 0.309479 0.0834448 0.0436532
0 0.501099 0.347244 0.0365036 0.0622993 0.0403262
0 0.597412 0.500349 0.589239 0.304058 0.0319918
0 0.935226 0.936067 0.115616 0.123181 0.0290433
0 0.498958 0.347396 0.0284701 0.0475451 0.0280393
0 0.502483 0.363237 0.0763121 0.12662 0.024379
0 0.455094 0.535008 0.177966 0.168619 0.0225232
0 0.413192 0.512827 0.262897 0.201518 0.0189914
0 0.70516 0.486077 0.440214 0.354425 0.0157498
0 0.494617 0.357206 0.0334116 0.0638379 0.0127262
0 0.457196 0.581007 0.435972 0.198157 0.0105011
0 0.799165 0.461713 0.305913 0.372487 0.0101266
0 0.522403 0.361525 0.0833132 0.115362 0.00820293
0 0.448591 0.469613 0.449812 0.314347 0.00757195
0 0.0791082 0.990887 0.00879967 0.0146879 0.00649255
0 0.0777221 0.992851 0.00777655 0.0140474 0.00644109
0 0.635383 0.491885 0.248911 0.3028 0.00556119
0 0.525969 0.344404 0.103926 0.161173 0.00542241
0 0.649953 0.406432 0.700095 0.471418 0.00520742
0 0.49865 0.352061 0.209129 0.223918 0.00507932
0 0.512439 0.540774 0.165048 0.214793 0.00495332
0 0.926647 0.929096 0.146705 0.141808 0.00465846
0 0.447006 0.754261 0.343357 0.467334 0.00458836
0 0.681305 0.484928 0.26158 0.373742 0.00457971
0 0.464282 0.956562 0.0197662 0.0386431 0.00440507
0 0.453623 0.642617 0.385695 0.419003 0.00415272
0 0.805029 0.59603 0.308851 0.574336 0.00398424
0 0.485265 0.395378 0.0304839 0.0493938 0.00386572
0 0.580579 0.518323 0.285081 0.243028 0.00374039
0 0.503949 0.339851 0.0631174 0.111094 0.00365762
0 0.433111 0.625672 0.280473 0.238483 0.00357075
0 0.538648 0.573375 0.570883 0.261475 0.00347706
0 0.480094 0.394032 0.0184139 0.0411596 0.00345848
0 0.696503 0.533076 0.606994 0.492737 0.00335431
0 0.687 0.648388 0.626 0.567719 0.00307143
0 0.382489 0.605729 0.21545 0.0774615 0.00307089
0 0.786765 0.386558 0.205806 0.184236 0.00291091
0 0.737473 0.483889 0.197302 0.390839 0.00287088
0 0.0786305 0.989237 0.0134773 0.0179708 0.00284707
0 0.43448 0.56549 0.169508 0.120636 0.00273404
0 0.521412 0.374255 0.129093 0.140856 0.00272393
0 0.0779147 0.994064 0.0115985 0.0116566 0.00260859
0 0.637084 0.5159 0.185001 0.228866 0.00258792
0 0.432228 0.595818 0.167675 0.0720254 0.00244675
0 0.481403 0.584598 0.343349 0.114985 0.00236452
0 0.292488 0.628339 0.0206847 0.0244587 0.0023488
0 0.480095 0.387094 0.0998772 0.14974 0.00234559
0 0.409333 0.512077 0.166771 0.1662 0.00222105
0 0.527026 0.382815 0.176281 0.213959 0.00203478
0 0.467257 0.960402 0.0167085 0.034169 0.00202984
0 0.488077 0.499178 0.292569 0.201569 0.00180255
0 0.295806 0.624518 0.0228541 0.0356992 0.00170584
0 0.49841 0.375758 0.046305 0.0710702 0.00163742
0 0.593163 0.581046 0.702945 0.373319 0.00151819
0 0.473289 0.399337 0.164597 0.238478 0.00150722
0 0.487116 0.360715 0.0362351 0.064086 0.00149029
0 0.556362 0.48968 0.28822 0.155985 0.00137666
0 0.766361 0.43938 0.181689 0.328417 0.00132108
0 0.837746 0.403927 0.324509 0.265631 0.00131243
0 0.446839 0.937344 0.0146856 0.0368063 0.00126112
0 0.39871 0.415507 0.652836 0.419568 0.00121242
0 0.446877 0.785164 0.240461 0.429671 0.00116014
0 0.537924 0.388315 0.353698 0.322395 0.00115675
0 0.288819 0.622413 0.0227689 0.0378249 0.00114851
0 0.942984 0.956119 0.0965147 0.0877625 0.00108849
0 0.460017 0.625898 0.307881 0.129525 0.00107576
0 0.307147 0.140427 0.0108107 0.0132066 0.00104736
0 0.358728 0.606345 0.13076 0.06557 0.00103965
0 0.600183 0.350677 0.511515 0.506609 0.00102941
0 0.979478 0.741898 0.0255247 0.0588801 0.00101147
0 0.454942 0.952913 0.0324424 0.0505163 0.00101108
0 0.316793 0.614564 0.063029 0.05828 0.00100674
