0 0.504187 0.462677 0.0327421 0.11407 0.484776
0 0.496636 0.527205 0.0175627 0.0263675 0.467857
0 0.69015 0.936368 0.0147278 0.0194586 0.437792
0 0.501574 0.470457 0.0289072 0.0762437 0.428752
0 0.509899 0.445331 0.0305702 0.0961253 0.293769
0 0.501638 0.47539 0.0226338 0.0498539 0.248066
0 0.517068 0.426139 0.0192855 0.0463152 0.193842
0 0.501589 0.474249 0.0184436 0.0352625 0.171489
0 0.502248 0.458295 0.0509753 0.142141 0.0847244
0 0.502516 0.455259 0.0354104 0.0693899 0.0739367
0 0.497226 0.520545 0.019609 0.0280563 0.0717318
0 0.51535 0.436958 0.022559 0.0655741 0.0675817
0 0.650609 0.917839 0.0733338 0.051862 0.0639518
0 0.50149 0.487528 0.0232347 0.0468836 0.0466356
0 0.514131 0.427646 0.0291209 0.0665935 0.0274716
0 0.499099 0.52369 0.0294967 0.0511955 0.0251758
0 0.688851 0.937364 0.0222907 0.027647 0.0230009
0 0.663883 0.924524 0.0693344 0.0530449 0.0215121
0 0.500211 0.504782 0.0194501 0.0270517 0.0203662
0 0.492231 0.528923 0.023025 0.0308787 0.0201562
0 0.630304 0.905732 0.0280148 0.0240253 0.0198283
0 0.642952 0.91225 0.0483647 0.0421553 0.0196845
0 0.497159 0.532654 0.0150632 0.0258372 0.0158599
0 0.520196 0.460579 0.0464788 0.127553 0.0133057
0 0.49177 0.456046 0.083212 0.160822 0.00993937
0 0.521233 0.430595 0.0180826 0.0414533 0.00913375
0 0.655773 0.927136 0.0884117 0.0832407 0.00793053
0 0.495162 0.453872 0.18156 0.236668 0.00707586
0 0.507424 0.423578 0.036555 0.0863938 0.00693613
0 0.624227 0.903348 0.0124727 0.0179041 0.00652551
0 0.633728 0.905903 0.0322392 0.034848 0.00642489
0 0.62685 0.899995 0.0145644 0.0175022 0.0060243
0 0.490318 0.522374 0.0335299 0.0277684 0.00516381
0 0.684912 0.93246 0.0342074 0.0365078 0.00430653
0 0.508235 0.480504 0.0257796 0.0826129 0.00411014
0 0.26833 0.625683 0.0327166 0.0610435 0.00402561
0 0.394854 0.00821939 0.0168459 0.0116011 0.00391974
0 0.667272 0.934663 0.0903325 0.0546167 0.00382026
0 0.122768 0.839747 0.0294488 0.077553 0.00367974
0 0.689826 0.938914 0.0290759 0.0552929 0.00358918
0 0.00506126 0.0124787 0.0101225 0.0179639 0.00347861
0 0.125746 0.845648 0.0175996 0.0631901 0.00346947
0 0.6692 0.930891 0.0525695 0.0329798 0.00325123
0 0.207888 0.439799 0.00600052 0.0135777 0.00324497
0 0.508047 0.465018 0.0311264 0.0548252 0.00313683
0 0.51914 0.470965 0.0770164 0.143624 0.0031093
0 0.207733 0.44042 0.0120254 0.0179248 0.0030983
0 0.505286 0.43895 0.0768689 0.146483 0.00308952
0 0.266265 0.605863 0.0198936 0.0248837 0.00253667
0 0.646001 0.923959 0.046533 0.0429691 0.0023973
0 0.00333259 0.0151611 0.00666519 0.0267389 0.00237952
0 0.207009 0.445091 0.0136255 0.0192067 0.00225586
0 0.26813 0.616954 0.0244158 0.0507249 0.00212641
0 0.66475 0.911114 0.0792397 0.0583084 0.00212337
0 0.208926 0.436909 0.0122373 0.0225224 0.00211079
0 0.634227 0.916125 0.0977294 0.116524 0.00210992
0 0.208988 0.442744 0.00832224 0.0153102 0.00210641
0 0.526906 0.381187 0.0134287 0.0199618 0.0019931
0 0.965279 0.97104 0.0694422 0.0481569 0.00185925
0 0.492116 0.468947 0.0506453 0.104123 0.00184737
0 0.646503 0.893833 0.228924 0.212335 0.00182101
0 0.691446 0.945473 0.015896 0.029204 0.00179374
0 0.975277 0.947133 0.0494452 0.0931829 0.00167629
0 0.50033 0.533251 0.0162739 0.0325619 0.00166886
0 0.400032 0.00769031 0.0217198 0.0106849 0.00160272
0 0.127885 0.831565 0.0283272 0.078171 0.00156527
0 0.653399 0.903055 0.0719005 0.0801689 0.00153713
0 0.471755 0.443014 0.113333 0.152259 0.00151099
0 0.55305 0.463773 0.116292 0.148753 0.00149846
0 0.686996 0.929973 0.0444629 0.0713295 0.0014929
0 0.718022 0.910501 0.0076582 0.0117962 0.0014565
0 0.508534 0.477978 0.0213094 0.0426518 0.00143762
0 0.955311 0.809524 0.0893783 0.0599474 0.00143604
0 0.00497011 0.0151078 0.00994022 0.0300137 0.00138642
0 0.696544 0.940454 0.0212709 0.0218475 0.00137126
0 0.520493 0.431606 0.0682296 0.121552 0.00136672
0 0.49198 0.479418 0.0371132 0.0710855 0.00135119
0 0.518817 0.399536 0.021056 0.0664696 0.00134311
0 0.523075 0.440047 0.0306342 0.078599 0.0013165
0 0.625453 0.899556 0.0248979 0.0273157 0.00130685
0 0.673481 0.938402 0.12713 0.0970947 0.00127298
0 0.972075 0.94311 0.0349787 0.0654819 0.00123758
0 0.71781 0.911122 0.0142579 0.0158669 0.00120847
0 0.696994 0.935008 0.0211663 0.0216499 0.00119077
0 0.664573 0.919675 0.0475082 0.0342382 0.00116711
0 0.513517 0.411403 0.0250299 0.0674253 0.00116419
0 0.271278 0.631762 0.0446504 0.0774299 0.00116076
0 0.637577 0.905605 0.0496455 0.0641666 0.00115887
0 0.118722 0.843371 0.0257269 0.0612461 0.00115224
0 0.0214407 0.520171 0.0294354 0.0718837 0.0011496
0 0.389548 0.00699073 0.0192453 0.0122565 0.00113018
0 0.974217 0.592739 0.0515668 0.10215 0.00111273
0 0.477388 0.482053 0.0976402 0.170572 0.00110861
0 0.97787 0.92752 0.0442595 0.0594259 0.0010875
0 0.659025 0.935536 0.0572519 0.0510689 0.0010812
0 0.210994 0.441504 0.0128578 0.0243909 0.00105855
0 0.71518 0.907635 0.0170092 0.0160036 0.0010534
0 0.502453 0.431672 0.0372905 0.0494817 0.00104796
0 0.6821 0.925656 0.0429871 0.0395271 0.00102853
0 0.121282 0.819448 0.0468546 0.163575 0.00100994
