0 0.141524 0.505694 0.0356819 0.0274568 0.440827
0 0.141877 0.505406 0.0434951 0.0477352 0.0761962
0 0.149489 0.500345 0.0362607 0.0404636 0.0290554
0 0.138848 0.516051 0.0369246 0.0347944 0.0134911
0 0.148102 0.50928 0.0331245 0.0312346 0.00948246
0 0.150011 0.495794 0.0514131 0.0684281 0.00893383
0 0.545558 0.937838 0.120539 0.101981 0.00759146
0 0.683988 0.41129 0.0203089 0.0494723 0.00493738
0 0.163498 0.494477 0.0845874 0.0771001 0.00383724
0 0.139011 0.519816 0.0483177 0.0624357 0.00379029
0 0.513958 0.939088 0.123545 0.106611 0.00367388
0 0.129689 0.506792 0.0396532 0.0399727 0.00360045
0 0.143839 0.505758 0.0848632 0.111949 0.00310488
0 0.559948 0.936639 0.0639199 0.093989 0.0024557
0 0.838157 0.95693 0.088072 0.0646135 0.00203787
0 0.157394 0.472046 0.0740814 0.104512 0.00191359
0 0.160989 0.502821 0.0715256 0.0476017 0.00191042
0 0.226434 0.904481 0.0104016 0.0103022 0.00188038
0 0.685135 0.415265 0.0330651 0.0638441 0.00180714
0 0.0404781 0.963532 0.0603632 0.0593145 0.00170745
0 0.132248 0.49954 0.0556279 0.0466722 0.00155587
0 0.57708 0.939707 0.075526 0.0755348 0.00154113
0 0.540469 0.930863 0.310259 0.138274 0.001533
0 0.176606 0.487731 0.100959 0.105828 0.00151929
0 0.345213 0.744519 0.138807 0.251697 0.00151322
0 0.956981 0.961819 0.0631739 0.0553761 0.00150938
0 0.22566 0.906618 0.0156131 0.0119749 0.0014213
0 0.833269 0.948552 0.1011 0.0969154 0.00140201
0 0.513222 0.0311187 0.0529303 0.0539549 0.001341
0 0.144004 0.488654 0.0394773 0.0481315 0.00132984
0 0.0344026 0.100798 0.0688053 0.150209 0.00132526
0 0.5705 0.918897 0.0491613 0.0395903 0.00127881
0 0.403789 0.961043 0.183731 0.057583 0.00122449
0 0.354993 0.745565 0.278089 0.303561 0.00121626
0 0.125185 0.525902 0.10028 0.0793823 0.00117138
0 0.512056 0.932608 0.0756924 0.119346 0.00116672
0 0.127818 0.514691 0.0324578 0.0396739 0.0011591
0 0.31125 0.948719 0.0376105 0.0747602 0.00113958
0 0.213908 0.953459 0.0515749 0.0917477 0.00112847
0 0.53578 0.925379 0.0867605 0.101422 0.00110722
0 0.144812 0.496209 0.227826 0.306605 0.001107
0 0.806429 0.588517 0.204055 0.39402 0.00109805
0 0.756597 0.550317 0.295673 0.338877 0.00101001
