0 0.504206 0.50475 0.127994 0.0644589 0.592471
0 0.540361 0.527563 0.0389513 0.0170395 0.418747
0 0.52352 0.517105 0.0856215 0.0439831 0.108923
0 0.497311 0.501541 0.170582 0.172114 0.03855
0 0.53887 0.532199 0.0365727 0.0194576 0.033049
0 0.512888 0.519307 0.112392 0.0738741 0.0211794
0 0.531388 0.522909 0.0664898 0.0318386 0.0190451
0 0.499002 0.498615 0.0866518 0.055081 0.0102445
0 0.476112 0.502441 0.0986659 0.0524985 0.00671275
0 0.534183 0.523136 0.0523176 0.0227284 0.0059173
0 0.544515 0.523869 0.0498391 0.0275568 0.00520309
0 0.513936 0.499531 0.0593022 0.0645649 0.00478827
0 0.540654 0.532098 0.0496044 0.0596723 0.00478794
0 0.516252 0.490024 0.131482 0.0956564 0.00471831
0 0.549515 0.524179 0.0371008 0.0171575 0.00387082
0 0.34891 0.0249219 0.0178315 0.017563 0.0034027
0 0.5072 0.549947 0.135716 0.155572 0.00310562
0 0.536364 0.533008 0.0439781 0.0301785 0.0030283
0 0.483555 0.516116 0.141221 0.0811687 0.00273347
0 0.962485 0.958714 0.0574177 0.0698927 0.00240543
0 0.496877 0.490814 0.118472 0.0630804 0.00224393
0 0.352268 0.0220087 0.0231943 0.0222819 0.00207122
0 0.497214 0.475611 0.135975 0.0987845 0.0018569
0 0.461493 0.502685 0.0585988 0.0522477 0.0018009
0 0.519224 0.47078 0.161846 0.142047 0.00177581
0 0.25006 0.0963502 0.0178246 0.0329836 0.00157861
0 0.959797 0.945413 0.0722797 0.105363 0.00153555
0 0.50659 0.576328 0.165869 0.228635 0.00149268
0 0.25064 0.0983978 0.00838752 0.0294426 0.00137245
0 0.545938 0.521129 0.0718421 0.0562269 0.00130601
0 0.525263 0.497938 0.0854747 0.0772045 0.00115374
0 0.355824 0.0177004 0.0731279 0.0354008 0.00113976
0 0.529901 0.531755 0.246825 0.222438 0.00108475
0 0.458611 0.514856 0.0436058 0.0432615 0.001071
0 0.450142 0.505996 0.182333 0.0718664 0.00106276
0 0.352814 0.0175676 0.0429022 0.0351351 0.00103549
