0 0.833067 0.842588 0.0360048 0.0469505 0.806454
0 0.487155 0.237246 0.0259225 0.0398401 0.644713
0 0.0141638 0.151506 0.0283275 0.0347726 0.638115
0 0.438577 0.796479 0.0745808 0.132528 0.412203
0 0.995524 0.10204 0.00895281 0.0193687 0.212403
0 0.372781 0.709306 0.197792 0.302771 0.171629
0 0.865425 0.0784642 0.0142817 0.013123 0.147749
0 0.828542 0.850177 0.0329805 0.0408346 0.0579423
0 0.239178 0.359803 0.0488192 0.0811125 0.0426316
0 0.487367 0.246277 0.0245318 0.0380067 0.0409514
0 0.994144 0.10127 0.0117118 0.0249306 0.0361092
0 0.485238 0.22907 0.0236264 0.0334401 0.0356029
0 0.445438 0.79642 0.178233 0.196143 0.0315652
0 0.0130201 0.159881 0.0228245 0.0363801 0.0293728
0 0.84063 0.844127 0.0353027 0.0362852 0.0250261
0 0.827715 0.838012 0.0273933 0.0459768 0.02385
0 0.992482 0.103815 0.0138168 0.0232499 0.0238127
0 0.995487 0.0973768 0.00902576 0.0225848 0.0236554
0 0.260498 0.0241868 0.0120864 0.0167428 0.0226014
0 0.995545 0.108496 0.00890942 0.0275601 0.0206903
0 0.0109602 0.147134 0.0201692 0.0306421 0.0178105
0 0.02873 0.452438 0.0102572 0.0134489 0.0166198
0 0.0201126 0.153695 0.023991 0.0361049 0.0154355
0 0.832476 0.858057 0.0343613 0.0370085 0.0143835
0 0.991135 0.102911 0.0177298 0.0316945 0.0113091
0 0.479904 0.234228 0.0207951 0.0380308 0.0104496
0 0.0189604 0.153923 0.0379209 0.0441641 0.00998886
0 0.232836 0.359974 0.0657595 0.113242 0.00963673
0 0.268116 0.025955 0.0211802 0.0208535 0.00931945
0 0.0105974 0.139714 0.0211948 0.0298522 0.00900065
0 0.823983 0.849981 0.0656887 0.0913912 0.00770962
0 0.479659 0.242726 0.0186975 0.0417846 0.00716464
0 0.0152738 0.141513 0.0236527 0.0326561 0.00704342
0 0.991716 0.104661 0.0165682 0.0388104 0.00703328
0 0.0117383 0.153955 0.0234767 0.0576099 0.00695868
0 0.481643 0.239543 0.0454583 0.0508172 0.00602215
0 0.265722 0.021924 0.0230067 0.0218423 0.00579563
0 0.832989 0.855528 0.0440434 0.0495537 0.00549397
0 0.992867 0.0971135 0.0142666 0.032913 0.00512643
0 0.863568 0.0770291 0.0195065 0.0191326 0.0048731
0 0.481551 0.24971 0.0324398 0.0430583 0.00436993
0 0.249767 0.370215 0.0365595 0.0625595 0.0040275
0 0.970342 0.273074 0.0321394 0.0497437 0.00396855
0 0.00474857 0.0104462 0.00949713 0.0165146 0.00388297
0 0.0296643 0.449799 0.013428 0.016094 0.00384606
0 0.838922 0.859018 0.0208523 0.0319277 0.00378816
0 0.435665 0.788399 0.0573894 0.0577356 0.00344854
0 0.488115 0.262105 0.0210567 0.0314599 0.00338216
0 0.0038179 0.0157771 0.0076358 0.027256 0.0033594
0 0.0166614 0.159107 0.0333228 0.0574149 0.00319653
0 0.865403 0.0834347 0.0150614 0.018376 0.00313356
0 0.991246 0.0996486 0.0175084 0.0682008 0.00303916
0 0.990742 0.0964698 0.0185163 0.0424195 0.00291466
0 0.0144358 0.166851 0.0280577 0.0423337 0.00284772
0 0.99292 0.0877179 0.01416 0.0299733 0.00284012
0 0.145272 0.0159454 0.0198507 0.0221244 0.00272055
0 0.837998 0.833753 0.0772261 0.115234 0.00268455
0 0.967513 0.271868 0.0235455 0.0346535 0.00267662
0 0.49336 0.00412456 0.0152213 0.0079437 0.00264609
0 0.0124392 0.142049 0.0248784 0.0634268 0.00248108
0 0.317673 0.698115 0.248661 0.396125 0.00240215
0 0.995242 0.114624 0.00951595 0.0492144 0.00235247
0 0.14339 0.00813018 0.0161811 0.0132 0.00234421
0 0.425972 0.774431 0.0985656 0.174228 0.0022637
0 0.27606 0.027583 0.0203404 0.0232932 0.00220696
0 0.832916 0.829651 0.0300285 0.0485058 0.00220675
0 0.99591 0.11373 0.00818043 0.0376794 0.0021914
0 0.264494 0.0266467 0.0285286 0.0282106 0.00213014
0 0.31436 0.691857 0.391067 0.33924 0.00199592
0 0.203258 0.351898 0.164637 0.226874 0.00193924
0 0.994462 0.0871321 0.0110767 0.0250303 0.00190727
0 0.00852612 0.17348 0.0170522 0.0347253 0.0019005
0 0.389494 0.763095 0.17889 0.26166 0.00186038
0 0.400316 0.690983 0.170344 0.241142 0.00172519
0 0.793355 0.847059 0.18042 0.263184 0.00171918
0 0.449161 0.815153 0.0690998 0.128768 0.00167389
0 0.48934 0.00416724 0.0191456 0.00833448 0.00166715
0 0.840933 0.843842 0.208614 0.307711 0.00166468
0 0.425676 0.772616 0.069859 0.14447 0.00163913
0 0.0300261 0.152064 0.0600523 0.111022 0.00161123
0 0.233772 0.334762 0.0400512 0.0681107 0.00160749
0 0.989777 0.113009 0.0204453 0.0891351 0.00149079
0 0.00538765 0.144897 0.0107753 0.0289621 0.00147736
0 0.00567503 0.153758 0.0113501 0.0312266 0.00147605
0 0.0161068 0.171407 0.0322136 0.0680946 0.00147326
0 0.988937 0.113788 0.0221257 0.0481555 0.00146985
0 0.496708 0.230409 0.0279403 0.0370106 0.00146502
0 0.14975 0.215271 0.260848 0.411769 0.00141716
0 0.425484 0.710521 0.276903 0.344493 0.00138677
0 0.135785 0.00597887 0.0282064 0.0119577 0.00138341
0 0.48465 0.793012 0.0171753 0.019875 0.00137504
0 0.971677 0.26709 0.0159525 0.0458525 0.00137481
0 0.47984 0.226212 0.0313156 0.0461775 0.00137034
0 0.815826 0.841131 0.0600155 0.0477791 0.00130144
0 0.139468 0.0133968 0.0231347 0.0267935 0.00130131
0 0.994682 0.0845088 0.0106349 0.039674 0.00127855
0 0.992591 0.124738 0.0148186 0.0527376 0.00127467
0 0.243212 0.377938 0.196148 0.251713 0.00127427
0 0.152094 0.00687747 0.0175762 0.0137549 0.00126536
0 0.25453 0.376553 0.02503 0.0430408 0.00124023
0 0.825828 0.859212 0.0319096 0.0441912 0.00122868
0 0.828306 0.174515 0.00514374 0.0173828 0.00121669
0 0.492163 0.252459 0.032378 0.0400473 0.00118421
0 0.824768 0.85906 0.0505726 0.0645014 0.0011649
0 0.843967 0.853115 0.0446684 0.0397856 0.00115758
0 0.327523 0.697548 0.208756 0.249544 0.00114545
0 0.473602 0.248359 0.0774135 0.105652 0.00112513
0 0.181355 0.244032 0.156711 0.321112 0.00111179
0 0.207488 0.321331 0.119279 0.174967 0.00108525
0 0.972445 0.295739 0.0422907 0.0668175 0.00106862
0 0.270129 0.0284398 0.0426726 0.0336496 0.00105263
0 0.238619 0.335402 0.0810399 0.153494 0.00104338
0 0.996449 0.656282 0.00710154 0.0428358 0.00100733
