0 0.58072 0.343587 0.357337 0.316452 0.785298
0 0.55703 0.43625 0.437922 0.50049 0.0286851
0 0.5827 0.348611 0.166077 0.32704 0.0150616
0 0.555299 0.291535 0.324411 0.243283 0.0103982
0 0.421862 0.17714 0.0336699 0.0324842 0.00882992
0 0.777322 0.52638 0.00783849 0.0168636 0.00810188
0 0.613217 0.405187 0.321025 0.298061 0.00641053
0 0.638503 0.25809 0.517564 0.481447 0.00288111
0 0.854217 0.9196 0.0951939 0.137234 0.00283761
0 0.95695 0.959375 0.0658102 0.0609894 0.00263904
0 0.777252 0.524877 0.0129949 0.0202408 0.00257804
0 0.775128 0.521905 0.0142611 0.0275384 0.00249511
0 0.691234 0.938287 0.104136 0.109521 0.00221496
0 0.645565 0.433978 0.278163 0.476765 0.00212204
0 0.633079 0.0221987 0.0347754 0.0338097 0.00182198
0 0.111623 0.70984 0.223247 0.324689 0.00173066
0 0.165801 0.799057 0.331603 0.379421 0.00169903
0 0.427234 0.18558 0.0459158 0.0545412 0.00150664
0 0.663253 0.429483 0.206462 0.195899 0.00138054
0 0.459533 0.354922 0.601122 0.405733 0.00124201
0 0.60316 0.54092 0.728048 0.772875 0.00122682
0 0.356629 0.736973 0.184796 0.327214 0.00118832
0 0.900054 0.919521 0.157147 0.158635 0.00115235
0 0.51001 0.262496 0.219961 0.205862 0.00106721
0 0.641436 0.484091 0.488771 0.620034 0.00105545
0 0.977892 0.286291 0.0408819 0.0470296 0.00102894
0 0.684151 0.347738 0.623732 0.392805 0.0010286
0 0.949453 0.691233 0.0947689 0.130576 0.00101834
