0 0.500347 0.500055 0.0377873 0.0187365 0.507232
0 0.500023 0.506769 0.0437678 0.0602346 0.013627
0 0.491617 0.499065 0.0243749 0.0165426 0.0127573
0 0.490391 0.500484 0.0355918 0.0208399 0.00839465
0 0.509207 0.501175 0.0297059 0.0167853 0.00711067
0 0.501204 0.508055 0.0346985 0.030193 0.0070965
0 0.510113 0.497965 0.0358534 0.0217505 0.00395567
0 0.604725 0.606498 0.0130209 0.0197436 0.00392631
0 0.499067 0.502786 0.0551048 0.0319525 0.0036169
0 0.932619 0.675647 0.0139568 0.0212247 0.00318219
0 0.962289 0.961905 0.0597729 0.0581402 0.00255944
0 0.497232 0.49082 0.0360179 0.0307972 0.00252568
0 0.717776 0.606192 0.230416 0.208342 0.00182393
0 0.957884 0.931709 0.0712097 0.125599 0.00179526
0 0.503494 0.491044 0.0349022 0.0406321 0.00178644
0 0.676622 0.0249028 0.00889788 0.0302936 0.001635
0 0.606004 0.610276 0.0132969 0.030738 0.00154258
0 0.560816 0.994119 0.00802155 0.011762 0.00146621
0 0.560377 0.994963 0.0112677 0.0100747 0.00142196
0 0.93064 0.675586 0.0126028 0.0160952 0.00136163
0 0.559987 0.990956 0.00733376 0.0119936 0.0012853
0 0.713284 0.636664 0.354572 0.22574 0.00122068
0 0.676263 0.0245799 0.0136275 0.0232428 0.00119243
0 0.7374 0.941257 0.0141631 0.0100569 0.00115893
0 0.930008 0.67249 0.021426 0.0228874 0.00113072
0 0.603148 0.606367 0.0213692 0.0358442 0.00111466
0 0.86042 0.881945 0.219421 0.197818 0.00107651
