0 0.503743 0.496598 0.0859821 0.0432478 0.78242
0 0.677409 0.536004 0.0310111 0.0405841 0.494354
0 0.300219 0.945093 0.139416 0.104245 0.393756
0 0.076468 0.747848 0.0583973 0.0333195 0.149607
0 0.469186 0.506598 0.0170648 0.0330441 0.101494
0 0.503778 0.500675 0.0911861 0.0832904 0.0956993
0 0.518213 0.494332 0.073828 0.032654 0.0776987
0 0.195365 0.702727 0.0592224 0.0606017 0.074245
0 0.68741 0.535204 0.0516236 0.0383936 0.0583595
0 0.298362 0.934033 0.178102 0.131934 0.0533983
0 0.523918 0.492465 0.048407 0.0318738 0.0522503
0 0.596961 0.608166 0.0226948 0.0456035 0.0411339
0 0.701887 0.534801 0.0458832 0.0374145 0.0410737
0 0.556219 0.651006 0.0229248 0.0299038 0.0385245
0 0.477603 0.505604 0.0245955 0.0321124 0.0331448
0 0.0712606 0.751495 0.0696678 0.0567778 0.022525
0 0.506306 0.48363 0.0853809 0.0593796 0.0221738
0 0.27161 0.943742 0.0916857 0.0831005 0.0212159
0 0.598664 0.615591 0.022362 0.0323727 0.0196267
0 0.493605 0.499517 0.180339 0.220429 0.0164041
0 0.519433 0.497285 0.0821065 0.0528955 0.0163976
0 0.832202 0.30756 0.0140919 0.019374 0.0151284
0 0.69611 0.539041 0.0604741 0.0516999 0.0143315
0 0.29793 0.944874 0.0908864 0.0898405 0.0137185
0 0.50566 0.490478 0.0600418 0.0472663 0.0134423
0 0.691915 0.956226 0.0217954 0.0285271 0.0127084
0 0.677372 0.547177 0.0275575 0.051834 0.0123862
0 0.469369 0.503553 0.0278257 0.0346941 0.0123389
0 0.544604 0.975953 0.0254783 0.0282129 0.0122773
0 0.815803 0.0284382 0.0233582 0.0129236 0.0119021
0 0.67609 0.528424 0.024859 0.0334866 0.0117105
0 0.267945 0.934519 0.0694112 0.0676395 0.0116354
0 0.410722 0.733621 0.0390922 0.0289596 0.0101954
0 0.598479 0.605997 0.0294951 0.0603493 0.0101059
0 0.0467167 0.574466 0.03186 0.0541907 0.00927228
0 0.782392 0.663136 0.0241024 0.0219193 0.00914801
0 0.0762752 0.751408 0.0942043 0.0957118 0.0091215
0 0.564705 0.942147 0.0176284 0.0148674 0.00911375
0 0.194446 0.706537 0.077429 0.0879395 0.00803006
0 0.498767 0.508063 0.0859071 0.0500345 0.00802904
0 0.992935 0.646108 0.0124548 0.0207457 0.00791082
0 0.552404 0.646509 0.02502 0.0253566 0.00728477
0 0.624747 0.766798 0.0689773 0.0822043 0.00720535
0 0.472221 0.898446 0.0438333 0.0502342 0.00694056
0 0.410976 0.973021 0.0182227 0.0404299 0.0062171
0 0.913538 0.777426 0.0205349 0.0190203 0.00607524
0 0.991072 0.642557 0.0118883 0.0237445 0.00595907
0 0.753367 0.286578 0.0120745 0.0133385 0.00586743
0 0.484308 0.499508 0.0611452 0.0449897 0.00551046
0 0.844932 0.577543 0.0122173 0.0120526 0.00537517
0 0.559601 0.655378 0.0324919 0.0336484 0.00470372
0 0.600978 0.599013 0.0216944 0.0544651 0.00442023
0 0.261859 0.922279 0.052953 0.0543314 0.004418
0 0.957314 0.960033 0.0691765 0.0654251 0.00432718
0 0.692168 0.549387 0.0861641 0.0933246 0.0042313
0 0.317106 0.934952 0.0888871 0.091547 0.00408417
0 0.691771 0.960094 0.0295176 0.0364113 0.00407281
0 0.0635763 0.746718 0.0560307 0.0288585 0.00406758
0 0.0433655 0.58141 0.043174 0.0697111 0.0040517
0 0.731517 0.265455 0.014322 0.0181714 0.00392605
0 0.694196 0.959703 0.0186047 0.0405453 0.0037435
0 0.674428 0.551429 0.0816936 0.107281 0.00369104
0 0.510789 0.414872 0.0181557 0.0198928 0.00348304
0 0.829134 0.306363 0.0125778 0.0230887 0.00341166
0 0.564774 0.944285 0.0244109 0.0153711 0.0033758
0 0.200769 0.611985 0.0337442 0.0390942 0.00333368
0 0.409659 0.978902 0.021739 0.0421959 0.00299193
0 0.480279 0.500239 0.0452262 0.0344491 0.00292491
0 0.105199 0.749341 0.210397 0.308531 0.002923
0 0.27876 0.931165 0.12253 0.116508 0.00288154
0 0.142539 0.72624 0.155981 0.12639 0.00286478
0 0.0710986 0.741261 0.0589315 0.0376789 0.00286312
0 0.709842 0.53407 0.0324603 0.0303859 0.00285388
0 0.708752 0.543862 0.0808003 0.0556193 0.00284401
0 0.280532 0.92632 0.0914994 0.0766436 0.00277246
0 0.0161679 0.380387 0.00847237 0.016008 0.00271847
0 0.326585 0.917815 0.275595 0.149984 0.0027113
0 0.1037 0.453264 0.0153223 0.00982857 0.00267231
0 0.785177 0.671886 0.031632 0.0394548 0.00265061
0 0.474214 0.507557 0.0422523 0.0464887 0.00263976
0 0.476747 0.88816 0.0358323 0.0417341 0.00263247
0 0.0788231 0.740021 0.0769558 0.058491 0.00233521
0 0.0768735 0.760225 0.0542805 0.0597939 0.00228466
0 0.754348 0.287126 0.0177937 0.0172568 0.00227467
0 0.601041 0.992778 0.0215235 0.0129122 0.00226585
0 0.415867 0.736483 0.0333241 0.0385497 0.00224321
0 0.0359815 0.602977 0.0626043 0.133251 0.00219515
0 0.412444 0.870203 0.0337034 0.026239 0.00218489
0 0.554428 0.654425 0.0361221 0.0531357 0.00212582
0 0.790716 0.682362 0.0474094 0.0574595 0.00211139
0 0.879504 0.237315 0.0100445 0.0133607 0.00207584
0 0.688937 0.548424 0.0612764 0.0673148 0.00206964
0 0.189855 0.700718 0.221072 0.25359 0.0020364
0 0.317766 0.926888 0.127359 0.096801 0.00202673
0 0.992485 0.645217 0.0150295 0.0299414 0.0019375
0 0.308104 0.901154 0.14925 0.138261 0.001935
0 0.982568 0.748651 0.0268471 0.0434773 0.00192226
0 0.179057 0.703083 0.0925263 0.0694575 0.00188538
0 0.465472 0.512678 0.0141315 0.0324339 0.00187468
0 0.516253 0.51685 0.112514 0.0933435 0.00186541
0 0.597576 0.620652 0.0301822 0.0509422 0.00184401
0 0.813654 0.0287677 0.0303869 0.0256702 0.00175851
0 0.151658 0.704353 0.187879 0.193402 0.00174916
0 0.207573 0.943476 0.307484 0.111289 0.0016096
0 0.325792 0.925864 0.179705 0.127767 0.0016035
0 0.394357 0.441496 0.0343607 0.0678002 0.00159466
0 0.072139 0.751134 0.144278 0.345644 0.00156963
0 0.729313 0.267732 0.0149731 0.021068 0.0015539
0 0.687486 0.527214 0.0450782 0.0406609 0.00153647
0 0.734179 0.267532 0.0166657 0.0172686 0.00151865
0 0.0339736 0.63487 0.0679471 0.220485 0.0015046
0 0.79595 0.691098 0.0494251 0.0496576 0.00147738
0 0.672647 0.530041 0.0623487 0.0642337 0.00146323
0 0.677274 0.241469 0.0186456 0.0129493 0.00145961
0 0.548702 0.648709 0.0350201 0.0348789 0.00145047
0 0.0645313 0.767382 0.0869252 0.13457 0.00144542
0 0.0887071 0.748261 0.0416477 0.0321658 0.00144434
0 0.693329 0.546645 0.239315 0.265076 0.00143763
0 0.25635 0.993322 0.0227213 0.0133552 0.00142676
0 0.0148268 0.377939 0.00779943 0.0243731 0.00142615
0 0.416372 0.644236 0.0562359 0.0816995 0.00138936
0 0.194897 0.689653 0.0480796 0.0481661 0.00137456
0 0.465289 0.510685 0.0219905 0.0287303 0.00137214
0 0.0159457 0.380532 0.0135714 0.0180367 0.00136898
0 0.255772 0.0244066 0.0113739 0.0132217 0.00134908
0 0.593631 0.616642 0.0561725 0.07178 0.00131915
0 0.269208 0.951223 0.0636351 0.084164 0.00130236
0 0.878188 0.241117 0.0169987 0.0156125 0.00128006
0 0.596404 0.621324 0.0187471 0.0316409 0.00123039
0 0.287502 0.901036 0.114887 0.108547 0.00120049
0 0.752607 0.290342 0.0123712 0.0161283 0.00118334
0 0.535707 0.490682 0.0402792 0.0302926 0.00117241
0 0.667075 0.53302 0.0289266 0.0351386 0.00117066
0 0.096175 0.745746 0.110751 0.0469124 0.00116702
0 0.136256 0.741634 0.194609 0.185115 0.00115577
0 0.693231 0.962572 0.0341729 0.0539034 0.00115315
0 0.65487 0.749176 0.0231405 0.0352829 0.00114449
0 0.0652803 0.722337 0.112606 0.176796 0.00114035
0 0.706218 0.527801 0.0384318 0.0411563 0.00110623
0 0.253349 0.951071 0.145271 0.0978581 0.00110534
0 0.41085 0.731334 0.0436832 0.0529273 0.0010916
0 0.103695 0.452767 0.0232317 0.0130204 0.00108648
0 0.990823 0.638986 0.013921 0.0357456 0.00108446
0 0.20009 0.615092 0.0424922 0.0542874 0.0010647
0 0.264372 0.913458 0.249306 0.171762 0.00106196
0 0.881037 0.238626 0.0165918 0.0166514 0.00105572
0 0.199778 0.931793 0.399555 0.136414 0.00104608
0 0.751875 0.285399 0.0183781 0.0125146 0.00102578
0 0.0547109 0.745317 0.0284937 0.0249501 0.00102568
0 0.340396 0.94294 0.107579 0.0978756 0.00102466
0 0.841284 0.577611 0.0151304 0.0121062 0.00101451
0 0.143892 0.80014 0.207134 0.298398 0.00100618
0 0.98132 0.404569 0.0301191 0.0571063 0.00100383
