0 0.471404 0.504261 0.110429 0.0954499 0.755978
0 0.538457 0.0146177 0.0165564 0.0180645 0.232185
0 0.340256 0.652758 0.0810135 0.167574 0.164523
0 0.319499 0.689157 0.0204623 0.0413372 0.136168
0 0.713073 0.356014 0.0197817 0.02283 0.11771
0 0.324141 0.668531 0.045376 0.108965 0.0851576
0 0.457148 0.499626 0.148686 0.147429 0.0766298
0 0.319906 0.686808 0.0304035 0.0611763 0.0755281
0 0.535003 0.0136292 0.0163734 0.0165375 0.0541224
0 0.606632 0.845254 0.0141036 0.0165451 0.0449298
0 0.322199 0.687495 0.0356982 0.0920911 0.024054
0 0.355137 0.645704 0.0847725 0.138314 0.0183156
0 0.345794 0.651318 0.192094 0.20251 0.0179583
0 0.322004 0.674098 0.0264214 0.0953013 0.0169705
0 0.503877 0.50063 0.0164423 0.0207728 0.0169393
0 0.5392 0.0138439 0.0267144 0.0244785 0.0158427
0 0.602157 0.846406 0.0167024 0.0156893 0.013237
0 0.716777 0.359293 0.0166778 0.0274418 0.012839
0 0.462798 0.523585 0.107475 0.0831067 0.0127684
0 0.438101 0.506555 0.153926 0.105919 0.012722
0 0.466117 0.0267304 0.0125012 0.00846153 0.0125579
0 0.710499 0.356033 0.0251011 0.0311129 0.0118846
0 0.327273 0.648582 0.0775417 0.134165 0.0117768
0 0.503074 0.500394 0.0230415 0.0255455 0.0110839
0 0.317615 0.696829 0.0207682 0.045626 0.010252
0 0.466102 0.0274785 0.0114304 0.0138605 0.010224
0 0.419652 0.675416 0.0130083 0.0112122 0.00974326
0 0.497411 0.496539 0.0442493 0.0449741 0.00941921
0 0.317148 0.699296 0.0322911 0.0805916 0.00891456
0 0.497277 0.498661 0.0619052 0.0655888 0.00839573
0 0.320835 0.672369 0.0272423 0.0565204 0.00824981
0 0.465973 0.0258363 0.0160863 0.0124918 0.00811823
0 0.465697 0.498341 0.0603831 0.0709813 0.00795142
0 0.115059 0.022643 0.0115045 0.0218691 0.00768844
0 0.508562 0.488545 0.0310501 0.0529026 0.00702396
0 0.608056 0.84234 0.0147145 0.0175201 0.00597216
0 0.514303 0.478754 0.0239791 0.0437778 0.00595425
0 0.508165 0.488201 0.0422779 0.0652222 0.00594392
0 0.316826 0.682781 0.0224802 0.0435535 0.00590977
0 0.419509 0.672435 0.012009 0.0142189 0.00585003
0 0.317911 0.671912 0.0872123 0.1692 0.00583221
0 0.532419 0.0132573 0.0255527 0.0265146 0.00522506
0 0.463542 0.54856 0.110661 0.175315 0.004904
0 0.447824 0.526278 0.091757 0.0645701 0.00488876
0 0.468274 0.481746 0.099779 0.106489 0.0045833
0 0.152189 0.344606 0.00909801 0.0132071 0.00416917
0 0.606425 0.84656 0.0188362 0.0226376 0.00389256
0 0.464274 0.0219913 0.0142404 0.0178363 0.00386209
0 0.484791 0.522528 0.181287 0.1725 0.00381779
0 0.152397 0.346824 0.0137626 0.0191583 0.00381095
0 0.114399 0.0308949 0.0176827 0.0301493 0.00373479
0 0.321836 0.209395 0.0151464 0.013273 0.00346362
0 0.713594 0.356065 0.0338579 0.0542311 0.00341564
0 0.546345 0.0160231 0.0192708 0.0208231 0.00320465
0 0.114979 0.0254034 0.0219838 0.0390427 0.00305494
0 0.418337 0.673447 0.0171955 0.0179611 0.00296496
0 0.499515 0.504895 0.107541 0.0826899 0.0028648
0 0.114686 0.0238154 0.0138811 0.0321685 0.00275958
0 0.52654 0.00902791 0.0276311 0.0180558 0.00273818
0 0.430471 0.527991 0.180309 0.11924 0.002581
0 0.806049 0.301196 0.0233305 0.0150319 0.00251173
0 0.527187 0.0143094 0.0198385 0.0192037 0.00248921
0 0.315436 0.670848 0.0386188 0.0745558 0.00237411
0 0.54099 0.0198897 0.0172913 0.0203219 0.00236039
0 0.339386 0.950451 0.0449103 0.0666218 0.00231716
0 0.151308 0.343493 0.0128253 0.0303876 0.00227775
0 0.148975 0.00360622 0.0167578 0.00712386 0.00219302
0 0.498096 0.49584 0.0327144 0.0211031 0.00218551
0 0.485977 0.47235 0.199857 0.166384 0.00218513
0 0.541315 0.0215871 0.032462 0.0431742 0.00211004
0 0.113445 0.0282913 0.0102808 0.0289898 0.002103
0 0.398209 0.611354 0.212586 0.221605 0.00206868
0 0.446436 0.57603 0.162352 0.24249 0.00195953
0 0.30483 0.677816 0.19009 0.192523 0.001939
0 0.437834 0.527252 0.0615849 0.0544871 0.00193737
0 0.306956 0.688526 0.0609406 0.109195 0.00183781
0 0.321326 0.210522 0.0200379 0.0179968 0.00183148
0 0.803696 0.302571 0.0243423 0.0220728 0.00174692
0 0.516384 0.483525 0.0381719 0.0544895 0.00173606
0 0.822992 0.27886 0.0154064 0.0185303 0.00171959
0 0.511231 0.492033 0.0197156 0.0338739 0.00167324
0 0.322648 0.654928 0.0404777 0.0667633 0.00166414
0 0.742439 0.0491198 0.0240473 0.0378937 0.0016556
0 0.150292 0.0052319 0.020718 0.0104638 0.00165451
0 0.538311 0.0116943 0.0388824 0.0233886 0.00163751
0 0.138658 0.289263 0.0610062 0.136465 0.0016208
0 0.114782 0.0241097 0.0424936 0.0455688 0.00158352
0 0.146946 0.00489424 0.0142654 0.00978848 0.0014998
0 0.32454 0.207924 0.0223928 0.0189735 0.0014529
0 0.326503 0.951928 0.0276889 0.0615042 0.00139348
0 0.713302 0.369353 0.0220237 0.0372913 0.00138193
0 0.34092 0.941488 0.0293534 0.0786301 0.00135354
0 0.549658 0.837762 0.0241186 0.0433153 0.00132765
0 0.416284 0.67217 0.0143255 0.0128812 0.00132546
0 0.321672 0.636442 0.11016 0.158803 0.00129833
0 0.514766 0.500946 0.151839 0.111009 0.00128183
0 0.823901 0.275493 0.0123566 0.019129 0.00124885
0 0.302409 0.660536 0.1373 0.1675 0.00124101
0 0.450922 0.516293 0.0686003 0.0643785 0.00123249
0 0.492052 0.697737 0.0317355 0.0519176 0.00117448
0 0.30223 0.663551 0.099401 0.133688 0.00113746
0 0.597174 0.847392 0.0173926 0.0189693 0.00113094
0 0.421765 0.540099 0.232844 0.17377 0.00111673
0 0.154031 0.341926 0.0196505 0.0165926 0.00110246
0 0.114053 0.951103 0.0569982 0.0977937 0.00109538
0 0.0934161 0.951486 0.0682187 0.0970274 0.00109134
0 0.548943 0.00889118 0.0178488 0.0177824 0.00108553
0 0.313823 0.701721 0.0253385 0.0583653 0.00107972
0 0.139921 0.955282 0.0357852 0.0875322 0.00104946
0 0.738495 0.0537558 0.0160717 0.0323226 0.00101132
