0 0.507831 0.504115 0.129044 0.235104 0.522565
0 0.506186 0.48332 0.174214 0.315789 0.0711805
0 0.633736 0.333126 0.0684513 0.138835 0.0256019
0 0.54381 0.466772 0.271342 0.360239 0.024379
0 0.665441 0.540298 0.0146866 0.0134907 0.0171886
0 0.531318 0.535109 0.117066 0.186553 0.0136656
0 0.571024 0.609339 0.0164577 0.0306114 0.0117117
0 0.546899 0.559849 0.0515326 0.124358 0.0101289
0 0.596331 0.412606 0.375522 0.356417 0.00891891
0 0.473774 0.523543 0.197327 0.238364 0.00886566
0 0.547624 0.514705 0.21516 0.250366 0.00708491
0 0.443055 0.487838 0.270676 0.268333 0.00631311
0 0.622939 0.307236 0.0822204 0.174393 0.00627656
0 0.5844 0.462211 0.299629 0.238072 0.00380684
0 0.634477 0.426239 0.287187 0.161426 0.00370299
0 0.550934 0.569122 0.0377748 0.0759439 0.00360762
0 0.412014 0.510602 0.274309 0.190016 0.00356605
0 0.476076 0.493607 0.131722 0.255247 0.0035242
0 0.555379 0.902077 0.0206436 0.0292696 0.00332054
0 0.624725 0.336741 0.108919 0.16313 0.00320251
0 0.558225 0.592403 0.0401101 0.0673191 0.00293686
0 0.58376 0.534277 0.321419 0.290939 0.00290175
0 0.618263 0.385272 0.301695 0.251179 0.00283963
0 0.537356 0.545992 0.0643432 0.14405 0.00255676
0 0.463796 0.416752 0.314094 0.410057 0.00238583
0 0.580412 0.0235963 0.00999661 0.0128202 0.0023055
0 0.554293 0.910169 0.0294703 0.0418962 0.00212443
0 0.564277 0.60611 0.0272717 0.034995 0.00211664
0 0.566987 0.987735 0.00999956 0.0152197 0.00197273
0 0.532475 0.521414 0.0561569 0.122796 0.00193706
0 0.564537 0.992425 0.0178376 0.00871658 0.00191869
0 0.454266 0.649764 0.0157352 0.0181365 0.00162945
0 0.228828 0.390914 0.240715 0.0765006 0.00162778
0 0.569705 0.607989 0.0229799 0.0369778 0.0015769
0 0.542142 0.569794 0.091339 0.213923 0.00150323
0 0.66394 0.421915 0.225088 0.084476 0.00149964
0 0.826915 0.0928336 0.0274107 0.0100605 0.00147684
0 0.646948 0.303531 0.228798 0.216395 0.00143011
0 0.689005 0.420233 0.189173 0.0611321 0.00133465
0 0.550373 0.498319 0.133931 0.233282 0.00131304
0 0.546221 0.55645 0.0425279 0.0668872 0.00129738
0 0.614684 0.288599 0.113847 0.172567 0.0012765
0 0.661655 0.539759 0.0251781 0.0207747 0.00124866
0 0.606281 0.341306 0.25506 0.228296 0.00121072
0 0.490609 0.422175 0.161765 0.355276 0.00119952
0 0.637838 0.380204 0.228883 0.173519 0.00116402
0 0.548627 0.565399 0.0326891 0.0524577 0.00116052
0 0.552103 0.907034 0.016814 0.0255377 0.00115281
0 0.652197 0.317442 0.154942 0.178639 0.00107598
0 0.436074 0.551696 0.281461 0.191839 0.00105976
0 0.565365 0.992255 0.02275 0.0121307 0.00105135
0 0.894195 0.275197 0.0179825 0.0687588 0.00104145
0 0.633707 0.357522 0.0642743 0.0854497 0.00104044
0 0.354216 0.452973 0.56077 0.261177 0.00101097
