0 0.165131 0.832501 0.065823 0.0384943 0.859054
0 0.851668 0.168495 0.0668568 0.0351183 0.56069
0 0.620463 0.864464 0.034556 0.015284 0.272873
0 0.848074 0.165213 0.0506706 0.0265073 0.0924897
0 0.84578 0.171576 0.0482166 0.0283202 0.0623404
0 0.83724 0.172053 0.0217339 0.021849 0.060098
0 0.166215 0.843463 0.0721424 0.0846479 0.0580571
0 0.86142 0.173689 0.0674545 0.032963 0.0495093
0 0.83264 0.175714 0.0157846 0.0148053 0.0301807
0 0.620414 0.86586 0.0398345 0.0226009 0.026713
0 0.855413 0.186546 0.0793819 0.0935666 0.0233937
0 0.153415 0.829316 0.0357602 0.0279606 0.0168961
0 0.615348 0.861724 0.0283875 0.0180603 0.0160039
0 0.859585 0.165601 0.0838234 0.0918598 0.0114159
0 0.856797 0.185015 0.0650578 0.050341 0.0106785
0 0.337579 0.802671 0.0148679 0.0192139 0.0104267
0 0.146573 0.845605 0.182638 0.24688 0.00892359
0 0.839548 0.161896 0.0276213 0.0191741 0.00827221
0 0.976391 0.319191 0.0331934 0.0197572 0.00811447
0 0.14816 0.549581 0.0131248 0.0134127 0.00799197
0 0.209014 0.549052 0.0213908 0.0178414 0.00726011
0 0.149211 0.825155 0.0268886 0.0193733 0.00649564
0 0.160402 0.835343 0.0796793 0.0547638 0.00590267
0 0.167635 0.844745 0.0654488 0.050033 0.00574264
0 0.345508 0.962189 0.0750692 0.0620077 0.00555639
0 0.831703 0.170184 0.0284098 0.0245682 0.00510617
0 0.842695 0.151609 0.186614 0.279908 0.0050686
0 0.170707 0.82037 0.0867052 0.103767 0.00389891
0 0.829253 0.176948 0.0172554 0.0153422 0.00381959
0 0.621835 0.868684 0.0485668 0.0535236 0.00361272
0 0.148233 0.551222 0.00860736 0.0131657 0.00333083
0 0.149542 0.548765 0.0181633 0.0183156 0.00329026
0 0.499482 0.9584 0.0757975 0.0552151 0.00325321
0 0.974711 0.321335 0.0236593 0.0149915 0.00323973
0 0.853194 0.15916 0.0641279 0.0422046 0.00308095
0 0.658118 0.760278 0.0110939 0.0410063 0.00299575
0 0.266678 0.832423 0.0179821 0.0143759 0.00267098
0 0.839711 0.189255 0.0868084 0.0681307 0.00261041
0 0.284603 0.0257214 0.01224 0.0345183 0.00253436
0 0.845329 0.206263 0.0861816 0.0911782 0.0025216
0 0.866628 0.175723 0.0805561 0.0510737 0.00246579
0 0.315987 0.591023 0.00947556 0.00886326 0.00245986
0 0.337273 0.803358 0.0196808 0.0243366 0.00243206
0 0.619547 0.859286 0.0434212 0.0259056 0.00237753
0 0.282623 0.0274897 0.0193871 0.0351152 0.00228326
0 0.313288 0.590385 0.0121702 0.0107647 0.0022524
0 0.153553 0.825602 0.0516335 0.0264698 0.0022432
0 0.658892 0.763641 0.0139168 0.0235332 0.0021414
0 0.145134 0.0767818 0.0126321 0.0100611 0.00209597
0 0.456933 0.961916 0.0856845 0.0517452 0.00199594
0 0.347855 0.954338 0.0989712 0.0913235 0.00196868
0 0.187175 0.82987 0.0687737 0.0358006 0.00184205
0 0.144067 0.0739249 0.0107252 0.00952407 0.00177866
0 0.840493 0.229834 0.11341 0.155363 0.00172918
0 0.937762 0.949818 0.0431387 0.0936056 0.00172198
0 0.225563 0.181397 0.0136526 0.0137807 0.0015739
0 0.717669 0.739191 0.359911 0.228533 0.00156217
0 0.154931 0.838014 0.054391 0.0454008 0.00149736
0 0.391884 0.557412 0.0131933 0.0114586 0.00147327
0 0.492193 0.771995 0.155238 0.102486 0.00137722
0 0.65817 0.755703 0.0159633 0.0394574 0.00135867
0 0.828351 0.176258 0.0449492 0.0289614 0.00135693
0 0.61838 0.872021 0.0393926 0.0368607 0.0013468
0 0.188744 0.837101 0.0557541 0.0359234 0.00133698
0 0.879607 0.195578 0.21631 0.276724 0.00132276
0 0.28288 0.0275434 0.0254053 0.0482417 0.00129944
0 0.874479 0.174786 0.0568768 0.0273215 0.00128189
0 0.82572 0.656949 0.0194233 0.0303805 0.00124912
0 0.85762 0.213805 0.06726 0.145062 0.00115005
0 0.654195 0.751427 0.0182899 0.0638816 0.00112364
0 0.185378 0.831494 0.0424217 0.0337492 0.00111953
0 0.466454 0.732977 0.0417512 0.0180861 0.00106102
0 0.826769 0.656971 0.0126915 0.026732 0.00105944
0 0.188487 0.798006 0.241259 0.273751 0.00105259
0 0.187356 0.839117 0.02921 0.0352015 0.00105102
0 0.31657 0.591302 0.0143814 0.0142693 0.00102613
