0 0.411557 0.813261 0.100671 0.058453 0.809131
0 0.518332 0.183605 0.0503446 0.027072 0.337697
0 0.454997 0.746805 0.0434076 0.0446837 0.323912
0 0.513526 0.182634 0.0355961 0.0225499 0.178791
0 0.194157 0.196932 0.0321202 0.042107 0.11621
0 0.52475 0.188059 0.0624413 0.0356278 0.0784115
0 0.407378 0.811415 0.0608954 0.0601728 0.0461452
0 0.434437 0.775913 0.102789 0.0947627 0.0423337
0 0.401055 0.800696 0.160612 0.175632 0.035622
0 0.51921 0.188152 0.0556367 0.0518505 0.0315124
0 0.286497 0.388474 0.0185513 0.029723 0.0309126
0 0.453277 0.752849 0.0529958 0.0613558 0.0229874
0 0.424363 0.798867 0.110738 0.0963131 0.0201768
0 0.448799 0.759858 0.0819326 0.104652 0.0162751
0 0.537553 0.190085 0.093608 0.0425225 0.0151317
0 0.528025 0.197658 0.0685652 0.0495872 0.0151258
0 0.462403 0.752125 0.0437093 0.0483295 0.0108994
0 0.187274 0.19563 0.0532126 0.0461208 0.00857801
0 0.540823 0.198276 0.11258 0.0607935 0.00817202
0 0.283034 0.390298 0.0281578 0.031211 0.00788947
0 0.386985 0.815053 0.0437795 0.0531237 0.00753764
0 0.509705 0.178953 0.0296673 0.0242472 0.00646515
0 0.398921 0.804902 0.0849411 0.0597504 0.00607205
0 0.42043 0.767641 0.118583 0.126467 0.00601045
0 0.399649 0.822125 0.0893466 0.0530664 0.00588185
0 0.201667 0.202486 0.0256413 0.0357598 0.0052781
0 0.521396 0.203504 0.0859477 0.0830005 0.00471238
0 0.409509 0.835048 0.104928 0.0861362 0.00437111
0 0.384632 0.806902 0.0354215 0.0445976 0.00422719
0 0.452987 0.740685 0.071867 0.0878021 0.00419253
0 0.426477 0.821304 0.113054 0.0552786 0.00383196
0 0.414128 0.765899 0.182861 0.18637 0.00363895
0 0.438128 0.753604 0.18733 0.26606 0.00363882
0 0.504312 0.183655 0.0265123 0.021179 0.00346684
0 0.423618 0.814154 0.0585707 0.0582087 0.00299254
0 0.046156 0.312631 0.0917603 0.113587 0.00280491
0 0.528139 0.178377 0.0607132 0.0388448 0.00263774
0 0.175205 0.19305 0.0851284 0.0644561 0.00257254
0 0.454813 0.733917 0.0367806 0.0452662 0.0025664
0 0.0440993 0.265953 0.0869949 0.19781 0.00249786
0 0.679462 0.217085 0.0187555 0.0412521 0.00245002
0 0.978825 0.345054 0.00798435 0.0137827 0.00220835
0 0.374787 0.818899 0.0239512 0.0336393 0.00205029
0 0.194061 0.206859 0.04869 0.0491523 0.00204272
0 0.408374 0.791235 0.0957008 0.0676527 0.00199933
0 0.211461 0.00598914 0.0183052 0.0100134 0.00195343
0 0.542974 0.197079 0.236559 0.250741 0.00184321
0 0.446887 0.814605 0.122121 0.0709154 0.00182154
0 0.676313 0.268202 0.0203946 0.0278882 0.00179669
0 0.537873 0.178169 0.116686 0.111104 0.00173544
0 0.554522 0.212621 0.137132 0.0963269 0.0017084
0 0.45502 0.782962 0.103361 0.123963 0.00161954
0 0.389161 0.814618 0.10891 0.0993958 0.00159776
0 0.432888 0.832032 0.204921 0.226301 0.00156072
0 0.465695 0.758606 0.0313474 0.0465212 0.00155855
0 0.125841 0.00349243 0.0164543 0.00698485 0.0015312
0 0.398351 0.797939 0.0656319 0.0471164 0.00149921
0 0.514029 0.198737 0.0471669 0.0499172 0.00144787
0 0.374962 0.827336 0.0179038 0.0317947 0.00138221
0 0.41443 0.800453 0.0584285 0.0530231 0.00134125
0 0.197549 0.208377 0.0265599 0.0348368 0.0013359
0 0.382262 0.825801 0.0375592 0.0327984 0.00132096
0 0.00829819 0.00618328 0.0165964 0.0115392 0.00130437
0 0.282434 0.387666 0.0306684 0.0534827 0.00128626
0 0.67698 0.195358 0.0183241 0.0404834 0.00127422
0 0.119894 0.0039182 0.0127915 0.00783641 0.00124575
0 0.453852 0.418247 0.017007 0.0153682 0.00124029
0 0.0179757 0.00364075 0.0274444 0.0072815 0.00123084
0 0.18694 0.197896 0.0843557 0.0934675 0.00122193
0 0.205148 0.209259 0.0179802 0.0262646 0.00118594
0 0.975761 0.344218 0.0110975 0.0199011 0.00117203
0 0.215546 0.00660242 0.0233891 0.0132048 0.0011514
0 0.375443 0.814813 0.0440274 0.0407627 0.00114015
0 0.186128 0.181575 0.0480145 0.0606731 0.00113814
0 0.979989 0.956646 0.0400213 0.0867072 0.00112773
0 0.521613 0.210929 0.0588691 0.0669651 0.00110932
0 0.675193 0.269141 0.0091382 0.0161928 0.0011051
0 0.440195 0.743396 0.0848339 0.0555186 0.00109366
0 0.678637 0.243428 0.0207485 0.0473524 0.00107821
0 0.536628 0.18308 0.0540215 0.0292873 0.00107629
0 0.37514 0.810956 0.0301968 0.0323292 0.00104965
0 0.536017 0.223771 0.0966762 0.113633 0.00104797
0 0.112637 0.777738 0.0141229 0.0182131 0.00102166
0 0.537819 0.211044 0.0760474 0.0823955 0.00101491
0 0.436712 0.816578 0.0561608 0.0531303 0.00101259
0 0.119607 0.00390339 0.0229061 0.00780678 0.00100086
