0 0.489586 0.504807 0.0382372 0.0401236 0.695606
0 0.497292 0.499952 0.0483131 0.0442627 0.0171976
0 0.492637 0.507691 0.0707767 0.0974788 0.00806591
0 0.480132 0.507519 0.0272343 0.0364126 0.00746059
0 0.483945 0.498726 0.0432826 0.0362078 0.00481542
0 0.497897 0.50985 0.0578201 0.054186 0.00469123
0 0.489711 0.515985 0.0370479 0.0422863 0.00417509
0 0.680155 0.420496 0.030393 0.0450855 0.00353385
0 0.520871 0.494516 0.0344077 0.0413388 0.00336391
0 0.528003 0.48901 0.0215372 0.0280612 0.00327857
0 0.960984 0.960044 0.0582563 0.0621901 0.00316137
0 0.527097 0.483757 0.0190127 0.0227101 0.00306313
0 0.492517 0.491487 0.0447536 0.0562445 0.00246957
0 0.491086 0.496623 0.207071 0.312749 0.00219476
0 0.522959 0.495423 0.0248096 0.0341432 0.00201178
0 0.514042 0.500958 0.0737148 0.0507779 0.00140264
0 0.449039 0.501836 0.191461 0.264907 0.00136175
0 0.483839 0.498195 0.0568625 0.054176 0.00119164
0 0.49268 0.521712 0.0414372 0.074811 0.00111925
0 0.483693 0.515127 0.0584316 0.0595176 0.00111444
0 0.920583 0.954076 0.0426113 0.0842583 0.00110332
0 0.165883 0.780629 0.0987114 0.220163 0.00108702
0 0.800887 0.767058 0.0928993 0.130326 0.0010849
0 0.513236 0.502771 0.0886512 0.0930186 0.00107653
0 0.686018 0.726138 0.0534867 0.139725 0.00105393
0 0.678135 0.412307 0.0411463 0.0537951 0.00101384
