0 0.315582 0.521792 0.0361691 0.0180988 0.729238
0 0.382815 0.491499 0.0200124 0.0264657 0.643868
0 0.317107 0.523811 0.043311 0.0504769 0.0283445
0 0.384394 0.492957 0.0272938 0.0477055 0.0264037
0 0.382501 0.484524 0.0184087 0.0310113 0.0179522
0 0.312164 0.516326 0.0384729 0.024684 0.0162264
0 0.385916 0.496928 0.0171472 0.0285575 0.0125878
0 0.322404 0.523937 0.0222807 0.0170728 0.0108297
0 0.289901 0.149397 0.0105192 0.00782185 0.00692089
0 0.389832 0.49324 0.0208447 0.0247331 0.00662799
0 0.378638 0.488039 0.0274351 0.029218 0.00655608
0 0.304202 0.521879 0.0223793 0.0178986 0.0057271
0 0.798257 0.0230664 0.0150379 0.0113026 0.00569034
0 0.291016 0.149606 0.00914922 0.0109975 0.00418695
0 0.39064 0.491583 0.0339124 0.0254464 0.00378716
0 0.291167 0.149509 0.0154978 0.0132881 0.00319648
0 0.374711 0.499495 0.0384583 0.0372357 0.00317679
0 0.307613 0.527616 0.0454301 0.0273389 0.00254507
0 0.318126 0.525201 0.053877 0.0352637 0.0025065
0 0.314293 0.534058 0.0671974 0.0480729 0.00248297
0 0.833947 0.279468 0.0131388 0.0281384 0.00245853
0 0.382881 0.476968 0.0242023 0.0401088 0.00231838
0 0.799023 0.0228623 0.0143412 0.0179046 0.00231244
0 0.333494 0.514759 0.0840507 0.0439703 0.00208615
0 0.584544 0.0125397 0.0138069 0.0116759 0.0020767
0 0.29377 0.151456 0.0139643 0.00784073 0.00190699
0 0.930796 0.943588 0.118982 0.105821 0.00179233
0 0.301974 0.52354 0.039034 0.0243641 0.00166832
0 0.0483702 0.85419 0.0124706 0.0172424 0.00151829
0 0.602973 0.864799 0.0231882 0.00764313 0.00149933
0 0.58472 0.0120014 0.0181976 0.0151411 0.0014069
0 0.629063 0.0633406 0.0127822 0.0157518 0.00137674
0 0.425793 0.375757 0.0101114 0.0067914 0.00137332
0 0.893113 0.29918 0.0124664 0.0172994 0.0012588
0 0.908022 0.0216976 0.0104927 0.019599 0.00120643
0 0.603121 0.865609 0.0160258 0.0113426 0.0012015
0 0.312387 0.507125 0.0321792 0.0369337 0.00120102
0 0.865844 0.499545 0.200716 0.251288 0.00112611
0 0.830991 0.277679 0.0130342 0.03057 0.00112256
0 0.948942 0.960328 0.0915276 0.0678476 0.00111536
0 0.427635 0.37667 0.0116223 0.00634785 0.00109098
0 0.255973 0.427492 0.0122945 0.0095314 0.00107977
0 0.0452335 0.852152 0.0104607 0.0153297 0.00104556
0 0.37465 0.50368 0.0561553 0.0680156 0.00104351
0 0.603566 0.866 0.0222733 0.0137403 0.00103415
0 0.625188 0.0565474 0.0172317 0.0240698 0.00102621
0 0.255589 0.424664 0.0105155 0.00960226 0.00101953
0 0.93736 0.889931 0.125279 0.188104 0.00100154
