0 0.68531 0.518744 0.0893254 0.0492953 0.734383
0 0.449514 0.502848 0.368255 0.105733 0.600553
0 0.449317 0.507118 0.426908 0.153216 0.213578
0 0.68539 0.527186 0.0980287 0.0843885 0.0945166
0 0.699497 0.524113 0.073067 0.0470489 0.0423422
0 0.356879 0.50478 0.160124 0.104123 0.0378918
0 0.681232 0.515468 0.0591436 0.0402818 0.026553
0 0.537774 0.541385 0.624459 0.166588 0.0223934
0 0.711115 0.0196313 0.0165379 0.0222338 0.0162516
0 0.433411 0.504628 0.167108 0.110007 0.0155776
0 0.684696 0.503241 0.196911 0.2094 0.0151941
0 0.505746 0.582562 0.531913 0.265645 0.00947988
0 0.379616 0.508836 0.249688 0.107344 0.00937903
0 0.0275266 0.826946 0.01411 0.014493 0.00866153
0 0.479523 0.484398 0.41248 0.0703158 0.00681846
0 0.358193 0.497087 0.377005 0.142635 0.00672456
0 0.11306 0.548874 0.0201917 0.0110355 0.00629375
0 0.575464 0.477289 0.137833 0.0366089 0.00603318
0 0.0303905 0.828154 0.0157549 0.015556 0.00469514
0 0.707405 0.0235083 0.0186923 0.0260209 0.00389406
0 0.858673 0.122769 0.0116859 0.00855455 0.00349227
0 0.825474 0.750365 0.00896015 0.0153523 0.0034105
0 0.715791 0.0150507 0.0138041 0.0164658 0.00331511
0 0.575424 0.499885 0.486264 0.0845552 0.00314588
0 0.824657 0.747348 0.00821705 0.0109426 0.00313091
0 0.859019 0.124905 0.0122 0.00836236 0.00312992
0 0.517175 0.473356 0.180869 0.0393674 0.00302137
0 0.458302 0.518954 0.158741 0.131416 0.00298524
0 0.655033 0.542961 0.333896 0.196965 0.00277316
0 0.711568 0.0131293 0.0164479 0.0167795 0.0026205
0 0.484212 0.527079 0.302425 0.174748 0.00245451
0 0.683155 0.505416 0.0840505 0.0473179 0.0022643
0 0.485154 0.471491 0.580603 0.211776 0.00217677
0 0.334476 0.51406 0.122277 0.0834394 0.00213269
0 0.708811 0.0206537 0.0288421 0.0351958 0.00193697
0 0.86094 0.123392 0.0150816 0.0136193 0.00180815
0 0.714117 0.526387 0.0539325 0.0378732 0.00178297
0 0.663533 0.509579 0.0720335 0.0362555 0.00171784
0 0.651268 0.510879 0.147427 0.0446599 0.00170033
0 0.587491 0.505461 0.792643 0.201453 0.00165655
0 0.35675 0.490461 0.241163 0.0928996 0.00158867
0 0.546237 0.481219 0.170816 0.0413095 0.0015809
0 0.826489 0.747818 0.00733204 0.0112924 0.00153621
0 0.36097 0.507823 0.0926202 0.0691268 0.00150295
0 0.828827 0.746973 0.0132271 0.0166882 0.00147752
0 0.710284 0.519283 0.120059 0.0942043 0.0014525
0 0.828122 0.750971 0.0132402 0.0212122 0.00139873
0 0.690313 0.532312 0.0792307 0.0593686 0.00128216
0 0.543761 0.638397 0.616252 0.40174 0.00127519
0 0.653329 0.590735 0.69047 0.236785 0.00126687
0 0.577033 0.481925 0.165005 0.0596065 0.00126601
0 0.701345 0.0175461 0.0368691 0.0350923 0.00122431
0 0.591177 0.481393 0.0954893 0.038079 0.00121872
0 0.501228 0.477877 0.273522 0.0448411 0.00120198
0 0.700068 0.0199995 0.02803 0.0261866 0.00117771
0 0.753374 0.158748 0.00733023 0.0209728 0.00109447
0 0.752861 0.157425 0.0143493 0.0217598 0.00108017
0 0.705359 0.532779 0.0618406 0.0460018 0.00107833
0 0.443802 0.548584 0.344706 0.23222 0.0010739
0 0.316717 0.529092 0.0893487 0.0561196 0.001015
