0 0.601701 0.894874 0.0250433 0.0205864 0.748386
0 0.40465 0.106052 0.0202974 0.0219161 0.64447
0 0.742462 0.609934 0.0132344 0.0364481 0.519003
0 0.396645 0.152502 0.0108878 0.0280219 0.436635
0 0.399432 0.148364 0.013574 0.0326452 0.277837
0 0.397855 0.136643 0.0152669 0.0468405 0.19949
0 0.742261 0.610407 0.0211437 0.039036 0.114039
0 0.400537 0.133241 0.0212867 0.0566698 0.103417
0 0.402334 0.111215 0.0187178 0.0308163 0.0480643
0 0.395192 0.151373 0.0199844 0.0343811 0.0458368
0 0.348901 0.528204 0.011567 0.0166779 0.0429667
0 0.745481 0.608184 0.0136 0.0366055 0.0401703
0 0.400832 0.145468 0.0246967 0.0578171 0.0365486
0 0.397246 0.157977 0.0126071 0.0263466 0.0325287
0 0.402801 0.113204 0.0257668 0.0563622 0.0321976
0 0.60289 0.896738 0.0354736 0.0477045 0.027331
0 0.391622 0.328426 0.00917339 0.0150363 0.0204121
0 0.880161 0.00764524 0.0117096 0.0113957 0.0180169
0 0.401697 0.102967 0.0196814 0.0257354 0.013693
0 0.743464 0.60676 0.0273027 0.0534901 0.0130885
0 0.590991 0.89622 0.0222953 0.0202627 0.0128238
0 0.7759 0.870234 0.00900464 0.0157923 0.0116904
0 0.82184 0.252267 0.0123768 0.0153295 0.0115872
0 0.819935 0.247374 0.00832729 0.00897555 0.0112672
0 0.397383 0.15432 0.0259597 0.0545297 0.0103499
0 0.0438375 0.462279 0.0105939 0.0137711 0.00986365
0 0.761271 0.0157342 0.0099987 0.0172271 0.00965977
0 0.607774 0.894834 0.0249503 0.0184334 0.00926699
0 0.744236 0.619533 0.0245579 0.0629197 0.00920558
0 0.761112 0.0119506 0.0123578 0.0148473 0.00864462
0 0.876034 0.00931922 0.0188566 0.0101755 0.00857839
0 0.391289 0.327519 0.0134457 0.0174922 0.00817899
0 0.744181 0.62158 0.013742 0.0424128 0.00732017
0 0.773772 0.870423 0.0130646 0.0205442 0.0071946
0 0.859282 0.0140954 0.0146326 0.0100876 0.00719203
0 0.409311 0.114313 0.0196159 0.0396033 0.00708172
0 0.820656 0.245636 0.0144785 0.0206712 0.00645261
0 0.489209 0.833836 0.249664 0.167344 0.00643453
0 0.73449 0.609727 0.0254388 0.0386049 0.00621333
0 0.820078 0.249005 0.0118004 0.0168903 0.0061039
0 0.1274 0.520627 0.0124352 0.0159292 0.00602486
0 0.819335 0.249136 0.00484848 0.00814757 0.00595238
0 0.128678 0.519234 0.00687628 0.0123949 0.00586332
0 0.701041 0.00543885 0.0162286 0.0094871 0.00573211
0 0.392296 0.155563 0.014686 0.0342093 0.00570373
0 0.777444 0.866965 0.0108467 0.0200741 0.00551532
0 0.509784 0.862273 0.238669 0.111596 0.00502357
0 0.990998 0.00397149 0.0122944 0.00794298 0.00494268
0 0.95296 0.721047 0.00863285 0.0179908 0.00490931
0 0.0435109 0.460825 0.0128485 0.0192462 0.0047427
0 0.762363 0.0141208 0.0142295 0.0219372 0.00449091
0 0.232959 0.0171865 0.010885 0.0128353 0.00448945
0 0.819373 0.248432 0.0113384 0.030694 0.00441442
0 0.152544 0.156814 0.00860291 0.0139546 0.0038297
0 0.154559 0.0208526 0.0115325 0.0140526 0.00362595
0 0.880921 0.00956281 0.0161758 0.017493 0.00361388
0 0.764561 0.0108958 0.0145284 0.0193527 0.00358378
0 0.859569 0.0138923 0.0176558 0.0169337 0.00353847
0 0.864789 0.0138051 0.0153204 0.0127356 0.00349841
0 0.127872 0.516502 0.0120625 0.018847 0.00349058
0 0.360994 0.00369699 0.0169695 0.00711878 0.00302764
0 0.234366 0.0137675 0.0151434 0.0111801 0.00298834
0 0.613128 0.90238 0.0359248 0.0246021 0.00297902
0 0.150681 0.0193661 0.0206732 0.0149173 0.00294837
0 0.865101 0.0126251 0.0237276 0.0163385 0.0028937
0 0.734256 0.608119 0.0356917 0.0474422 0.002879
0 0.81908 0.239692 0.0193008 0.04122 0.00286628
0 0.151721 0.15832 0.0143348 0.0145099 0.00285516
0 0.989636 0.00294878 0.0181545 0.00589755 0.0028142
0 0.77483 0.869588 0.00550685 0.0197927 0.0027704
0 0.942824 0.858634 0.0116976 0.0203489 0.00267944
0 0.235645 0.0168223 0.0131518 0.0187898 0.00255828
0 0.692553 0.991753 0.0103302 0.0109726 0.00244968
0 0.390322 0.145569 0.0335963 0.0437103 0.00239412
0 0.399941 0.160372 0.0159781 0.0334257 0.0023576
0 0.740466 0.601291 0.0154099 0.0325529 0.00235199
0 0.991475 0.00497444 0.0169186 0.00994887 0.00235152
0 0.774904 0.870244 0.0156445 0.0297899 0.00219961
0 0.150748 0.0172772 0.0272205 0.019116 0.00219508
0 0.156206 0.0188422 0.0185588 0.0180772 0.0021899
0 0.948519 0.85694 0.0110733 0.0215233 0.00212126
0 0.992003 0.859588 0.00537872 0.011655 0.0020742
0 0.410347 0.132876 0.0312902 0.0683217 0.00206776
0 0.953934 0.893988 0.015547 0.0170429 0.00205552
0 0.39144 0.14653 0.0262941 0.0315708 0.00202544
0 0.347435 0.532013 0.0191473 0.0227662 0.00200789
0 0.951671 0.887921 0.0103216 0.0188204 0.00198172
0 0.398333 0.134155 0.0558382 0.0720374 0.00197252
0 0.45821 0.815768 0.169737 0.168683 0.00188113
0 0.154118 0.155465 0.0165185 0.0150286 0.00182652
0 0.81585 0.246385 0.00950584 0.0134049 0.00178854
0 0.365034 0.00531543 0.0179438 0.00936828 0.00177551
0 0.401071 0.103204 0.0342967 0.0557552 0.00177549
0 0.960097 0.717996 0.00931702 0.0420338 0.0017655
0 0.704491 0.00480517 0.0164249 0.00961033 0.00173016
0 0.813635 0.240118 0.0257738 0.0443402 0.00171955
0 0.179936 0.252261 0.0711 0.102225 0.00169161
0 0.346309 0.526776 0.0238042 0.0221268 0.0016185
0 0.388774 0.132782 0.0344405 0.049873 0.00158657
0 0.190351 0.228475 0.0517424 0.0659124 0.00158651
0 0.45049 0.171185 0.0134283 0.0162279 0.00158289
0 0.814783 0.246544 0.0118958 0.0187843 0.00157359
0 0.0411625 0.465098 0.0115286 0.0141864 0.00153455
0 0.606167 0.910982 0.0538695 0.0481472 0.00152437
0 0.732159 0.439162 0.0891575 0.0699397 0.00145255
0 0.390743 0.343295 0.0188174 0.0424102 0.00143247
0 0.740424 0.626661 0.0207682 0.0534106 0.00139341
0 0.122131 0.476164 0.0402206 0.099792 0.00138253
0 0.157253 0.0222651 0.0126293 0.0187801 0.00135471
0 0.598028 0.899003 0.138003 0.0432316 0.00134825
0 0.695498 0.988248 0.0156578 0.013056 0.00134642
0 0.961479 0.893107 0.0176052 0.0143867 0.00131694
0 0.820388 0.234809 0.0115034 0.0396578 0.00129724
0 0.74167 0.620035 0.0517356 0.0587894 0.00127353
0 0.212294 0.167976 0.0205017 0.016112 0.0012535
0 0.588791 0.886985 0.0301112 0.0313002 0.0012426
0 0.895467 0.638517 0.0330488 0.0483175 0.00120435
0 0.388137 0.107594 0.043952 0.0394526 0.00117468
0 0.760233 0.0159378 0.0203638 0.0318755 0.001154
0 0.44536 0.0969552 0.0145206 0.0148355 0.0011516
0 0.386636 0.359244 0.0215054 0.0633528 0.00112428
0 0.509738 0.84713 0.144681 0.123196 0.0011173
0 0.838204 0.35994 0.092997 0.0895165 0.0011111
0 0.533118 0.880466 0.227775 0.0828123 0.00111082
0 0.385952 0.116841 0.0467136 0.0474566 0.00110807
0 0.988578 0.860402 0.00948124 0.0210489 0.00108151
0 0.773759 0.864479 0.00556202 0.0192896 0.0010804
0 0.391471 0.327282 0.0178974 0.0231469 0.00107825
0 0.885088 0.00654499 0.0123882 0.0117681 0.00106896
0 0.690567 0.99314 0.0140765 0.0105986 0.00106101
0 0.388719 0.325404 0.012441 0.0152727 0.0010516
0 0.956749 0.885717 0.0166334 0.0275511 0.00104016
0 0.959917 0.891411 0.0157152 0.0334047 0.00102322
0 0.88581 0.00726769 0.0197235 0.0145354 0.00102294
0 0.167524 0.576259 0.0217764 0.0648756 0.00101445
0 0.949649 0.855482 0.0114231 0.0414104 0.00100954
0 0.159599 0.0216216 0.020638 0.019563 0.00100558
0 0.184498 0.24098 0.0513143 0.141886 0.00100234
