0 0.499811 0.509866 0.0261203 0.129128 0.766099
0 0.499753 0.523886 0.0191559 0.108002 0.13685
0 0.499658 0.504631 0.02668 0.0680562 0.108111
0 0.00914553 0.0206357 0.0182911 0.034139 0.0479689
0 0.497134 0.542601 0.0158323 0.0642568 0.0278418
0 0.492562 0.509175 0.0412273 0.140919 0.0219142
0 0.499493 0.486824 0.0197555 0.0756521 0.0213521
0 0.498308 0.527837 0.0226831 0.0711205 0.0200105
0 0.0117975 0.0255181 0.0178164 0.0391392 0.0138835
0 0.496801 0.552757 0.012094 0.0473654 0.0126123
0 0.510072 0.508549 0.0467152 0.142884 0.0105565
0 0.500307 0.509438 0.0697816 0.168744 0.00944761
0 0.589208 0.0686828 0.0125213 0.0112572 0.00808213
0 0.00655478 0.0143804 0.0131096 0.0238605 0.0076899
0 0.502116 0.470568 0.014023 0.0504154 0.00583802
0 0.587301 0.0677789 0.0110369 0.0169146 0.00419378
0 0.647669 0.145485 0.0115819 0.0152549 0.00404986
0 0.0133298 0.0240505 0.0263114 0.048101 0.00385283
0 0.498541 0.475399 0.0167345 0.0559634 0.0034502
0 0.480851 0.510931 0.0427555 0.127392 0.0033536
0 0.646135 0.146416 0.0125964 0.0215556 0.00319188
0 0.934855 0.974717 0.117523 0.0452684 0.00308392
0 0.0117479 0.0174152 0.0234958 0.0348304 0.00272776
0 0.00906294 0.0297963 0.0181259 0.0528992 0.00264503
0 0.494147 0.501859 0.197864 0.241319 0.00256583
0 0.983388 0.983029 0.0212694 0.0332685 0.00244824
0 0.988843 0.982536 0.0178019 0.0349279 0.00231461
0 0.499544 0.551524 0.0207099 0.071419 0.00230113
0 0.520854 0.512029 0.0497369 0.122711 0.00212964
0 0.0202762 0.0192 0.0405524 0.0383999 0.00206481
0 0.64977 0.143353 0.015728 0.0190727 0.00162713
0 0.981294 0.980186 0.0374123 0.0396291 0.00144866
0 0.496513 0.561653 0.0105415 0.0330565 0.00144039
0 0.524468 0.500443 0.0718268 0.143596 0.00133091
0 0.345825 0.00409204 0.0206052 0.00793937 0.00124629
0 0.0152775 0.0124242 0.0229057 0.0227064 0.00124034
0 0.492227 0.530057 0.0245028 0.106179 0.00122523
0 0.614823 0.888946 0.0126441 0.0210726 0.00119971
0 0.0109509 0.0233821 0.0219018 0.0467643 0.00118488
0 0.0122989 0.028769 0.0245978 0.0535313 0.00112127
0 0.346957 0.00515035 0.0283048 0.0103007 0.0010769
0 0.981487 0.475246 0.0235529 0.0618578 0.00105482
0 0.502574 0.565028 0.0121991 0.0335095 0.00105282
0 0.66961 0.0380655 0.0133804 0.0132467 0.00103878
0 0.00343696 0.0179782 0.00687392 0.0320212 0.00101931
0 0.491091 0.502842 0.0327535 0.0620659 0.00101818
