0 0.452384 0.45619 0.0348537 0.0391184 0.770682
0 0.514481 0.534827 0.109932 0.0592362 0.758038
0 0.511559 0.527643 0.125219 0.0893713 0.227826
0 0.473745 0.518708 0.0245815 0.0301793 0.118316
0 0.489643 0.522723 0.0689969 0.0448219 0.0442044
0 0.450985 0.466146 0.0254655 0.0374696 0.0431076
0 0.243049 0.226119 0.0223275 0.0123559 0.0413411
0 0.503474 0.509225 0.175985 0.153047 0.0380763
0 0.455461 0.463227 0.0505622 0.0507558 0.035756
0 0.467755 0.515031 0.0292452 0.0233211 0.0296761
0 0.510359 0.500238 0.115835 0.126064 0.0225603
0 0.462454 0.51414 0.0250949 0.0291422 0.0203111
0 0.522296 0.543889 0.194897 0.176431 0.0198992
0 0.523175 0.542284 0.0866612 0.0421434 0.0177976
0 0.464209 0.465845 0.0684069 0.0706914 0.0166139
0 0.496961 0.522611 0.0905361 0.0646279 0.0141677
0 0.515557 0.534858 0.0602062 0.0587534 0.0140048
0 0.480522 0.522029 0.0207461 0.0397084 0.0112329
0 0.452045 0.469828 0.0308131 0.0543137 0.00985212
0 0.240131 0.224242 0.0215169 0.0144418 0.00932502
0 0.454661 0.470152 0.021739 0.0332569 0.00885091
0 0.442125 0.455862 0.0367714 0.0382427 0.00822502
0 0.470498 0.519205 0.0389522 0.0502851 0.00686258
0 0.258184 0.0140826 0.0136925 0.0114507 0.0068451
0 0.458706 0.462078 0.0305866 0.0370614 0.00629059
0 0.3569 0.948551 0.0136628 0.014867 0.00577111
0 0.476768 0.523093 0.022785 0.0308519 0.00569523
0 0.457776 0.512725 0.0245356 0.0250379 0.00550285
0 0.477245 0.474479 0.0990604 0.119148 0.00513822
0 0.513712 0.553969 0.100351 0.0734227 0.00420673
0 0.955647 0.957691 0.0667421 0.0747185 0.0039131
0 0.356518 0.949471 0.0193055 0.0198307 0.00322084
0 0.514491 0.509584 0.0896817 0.0823359 0.00286793
0 0.440547 0.461408 0.052621 0.0444291 0.00281527
0 0.258594 0.0128413 0.0174454 0.0152157 0.00279916
0 0.248 0.225371 0.0213574 0.0088058 0.00278827
0 0.542107 0.548916 0.0728486 0.0259151 0.00264491
0 0.456483 0.464835 0.0842566 0.11666 0.00260991
0 0.248473 0.225162 0.0268976 0.0117869 0.00225255
0 0.357743 0.952055 0.0147595 0.0133259 0.00218863
0 0.331524 0.55492 0.0473185 0.0651634 0.00218689
0 0.489289 0.462606 0.207123 0.243937 0.00217421
0 0.486318 0.536625 0.110672 0.0934962 0.00211362
0 0.474569 0.463304 0.0938363 0.0535794 0.00208705
0 0.509143 0.474248 0.134718 0.147227 0.00188616
0 0.664013 0.925254 0.00902319 0.0172037 0.00183086
0 0.432208 0.150456 0.0153134 0.0205751 0.00173562
0 0.386397 0.287674 0.0127383 0.018813 0.00171654
0 0.452985 0.508787 0.0227187 0.0301352 0.0016601
0 0.215039 0.791007 0.0115486 0.0076725 0.00159952
0 0.456223 0.498435 0.0247541 0.0365807 0.00158816
0 0.242143 0.225707 0.0264646 0.0207322 0.00156168
0 0.448337 0.0358225 0.0147309 0.0153895 0.0015586
0 0.49019 0.522078 0.0502997 0.0309389 0.00155765
0 0.661514 0.924547 0.0123251 0.0160578 0.00149905
0 0.26166 0.0145817 0.0180385 0.0108735 0.00148168
0 0.44004 0.0395006 0.0206913 0.0167796 0.00146147
0 0.452752 0.48684 0.198609 0.30535 0.00138892
0 0.966097 0.941683 0.0678064 0.116633 0.00129092
0 0.529439 0.547871 0.0549407 0.0307846 0.00126956
0 0.263513 0.0117878 0.0190475 0.0107773 0.00124237
0 0.509343 0.559988 0.124357 0.100358 0.00122799
0 0.964224 0.751673 0.0715511 0.1626 0.00122431
0 0.463412 0.523201 0.0374255 0.0357798 0.00116937
0 0.427758 0.146761 0.0217717 0.0172656 0.00115061
0 0.264389 0.0104124 0.0234826 0.0159363 0.0011255
0 0.212866 0.790449 0.0129732 0.0101604 0.00111613
0 0.441682 0.44816 0.0236661 0.0229366 0.00109809
0 0.452737 0.027555 0.0101219 0.0220157 0.00102609
0 0.547661 0.544295 0.0999308 0.0541259 0.0010255
0 0.262361 0.014021 0.0216629 0.0161604 0.0010097
