0 0.760673 0.683484 0.401897 0.175096 0.659678
0 0.1965 0.406189 0.255675 0.157279 0.59531
0 0.752024 0.737045 0.421761 0.308918 0.48112
0 0.184819 0.440165 0.297014 0.231522 0.142409
0 0.294626 0.56778 0.244882 0.161521 0.051394
0 0.299006 0.636167 0.23795 0.301678 0.0480367
0 0.752947 0.641875 0.415642 0.16599 0.0434974
0 0.202736 0.416629 0.168867 0.15395 0.0421999
0 0.576915 0.683372 0.0743502 0.173619 0.0189849
0 0.290706 0.519177 0.285652 0.263248 0.0177778
0 0.58219 0.656632 0.0480792 0.11564 0.0160448
0 0.244876 0.491241 0.36869 0.342215 0.0148107
0 0.527406 0.661703 0.0280251 0.0339848 0.0128408
0 0.0198697 0.823234 0.0182638 0.0229496 0.00863951
0 0.560183 0.737547 0.0397799 0.0434834 0.00773463
0 0.137486 0.460622 0.241089 0.301513 0.00737271
0 0.133637 0.735756 0.0208278 0.0235003 0.00733862
0 0.135777 0.608655 0.0262288 0.0251913 0.00728231
0 0.606395 0.535358 0.0812504 0.133694 0.00726323
0 0.322129 0.697617 0.291053 0.471603 0.00538934
0 0.52536 0.663725 0.0198977 0.0266043 0.00507723
0 0.812064 0.702651 0.29633 0.1614 0.00503278
0 0.260675 0.284394 0.135386 0.240549 0.00502702
0 0.390486 0.406334 0.0794088 0.165541 0.00485227
0 0.563792 0.717087 0.0603888 0.0951249 0.0046548
0 0.668147 0.747761 0.445084 0.354429 0.00463931
0 0.790181 0.726799 0.317147 0.236454 0.00453068
0 0.191239 0.539211 0.38164 0.457296 0.00449512
0 0.895251 0.70091 0.137763 0.104286 0.00425079
0 0.184932 0.455681 0.152883 0.232854 0.0041443
0 0.691082 0.762832 0.298245 0.417392 0.00410422
0 0.716833 0.101102 0.0997799 0.15867 0.0040876
0 0.300547 0.573021 0.167805 0.130097 0.00390418
0 0.809832 0.953926 0.0614199 0.069791 0.00388158
0 0.228314 0.451283 0.232481 0.294273 0.00387102
0 0.0793284 0.445554 0.100427 0.264221 0.003804
0 0.751119 0.564854 0.497761 0.311753 0.00359495
0 0.589913 0.674499 0.138584 0.180624 0.00348762
0 0.755675 0.662694 0.165454 0.0958341 0.00341525
0 0.296138 0.0773962 0.0619377 0.080982 0.00330872
0 0.249715 0.298237 0.215102 0.272385 0.00328092
0 0.0241847 0.822731 0.019114 0.0288639 0.00325791
0 0.573205 0.680516 0.0452896 0.147931 0.00312792
0 0.0472081 0.830218 0.0301819 0.044869 0.00308924
0 0.705409 0.646584 0.320353 0.119876 0.00304092
0 0.381527 0.407957 0.126128 0.17538 0.00301348
0 0.176166 0.378503 0.320747 0.211806 0.00300019
0 0.864663 0.704691 0.182913 0.124189 0.00291414
0 0.280724 0.444957 0.412943 0.232522 0.00284931
0 0.663375 0.692422 0.406475 0.216774 0.00279553
0 0.0329366 0.827057 0.0428373 0.0409086 0.00270836
0 0.172013 0.387927 0.158804 0.145479 0.00266262
0 0.561271 0.736181 0.049436 0.0626747 0.00248933
0 0.282623 0.486836 0.209918 0.230414 0.00243738
0 0.805053 0.756454 0.290035 0.395652 0.00238263
0 0.386046 0.177899 0.0199232 0.0257427 0.00236763
0 0.599778 0.664868 0.0933747 0.153418 0.0023189
0 0.597193 0.682974 0.242361 0.211175 0.00231884
0 0.250787 0.4149 0.198255 0.13965 0.00224856
0 0.0571189 0.505206 0.0562912 0.113155 0.00217931
0 0.715864 0.625523 0.523514 0.269291 0.00213273
0 0.53702 0.670683 0.0391806 0.052577 0.00195991
0 0.265732 0.548486 0.167937 0.161133 0.00189141
0 0.798366 0.950911 0.0426035 0.0588554 0.0017509
0 0.573995 0.657263 0.0379746 0.066304 0.00171983
0 0.912395 0.704463 0.0937626 0.0916984 0.00171694
0 0.321286 0.583597 0.254055 0.231292 0.00163492
0 0.292385 0.231454 0.0752396 0.148001 0.00162358
0 0.131341 0.720393 0.035761 0.0621239 0.00159694
0 0.571344 0.733373 0.065696 0.125765 0.001532
0 0.257571 0.559217 0.132081 0.105684 0.00152209
0 0.53055 0.661972 0.0371068 0.0541247 0.00150716
0 0.0272734 0.827659 0.0274371 0.0317549 0.0015038
0 0.0654804 0.460806 0.0763842 0.209634 0.00148702
0 0.102424 0.420133 0.196108 0.21357 0.00147219
0 0.668435 0.662231 0.315223 0.178302 0.00144832
0 0.797983 0.663046 0.404033 0.199134 0.00144248
0 0.207907 0.252988 0.27258 0.286309 0.00142682
0 0.883419 0.69836 0.233162 0.182852 0.00141127
0 0.0817831 0.737228 0.132892 0.198158 0.00140391
0 0.301956 0.612595 0.17132 0.216524 0.00136105
0 0.358559 0.401597 0.334887 0.223518 0.00134418
0 0.303747 0.287733 0.148946 0.261426 0.00132164
0 0.817369 0.952161 0.0911117 0.0796432 0.0013007
0 0.150816 0.379836 0.181001 0.103999 0.00129421
0 0.759454 0.754898 0.142739 0.299782 0.00127216
0 0.338016 0.0192724 0.0165489 0.0190489 0.00126689
0 0.605985 0.7047 0.138945 0.208278 0.0012234
0 0.789919 0.68363 0.15909 0.154033 0.00118756
0 0.132535 0.732901 0.0250884 0.0345895 0.00116312
0 0.787172 0.954992 0.121314 0.0666492 0.00110069
0 0.655794 0.688846 0.220862 0.206181 0.00108118
0 0.104513 0.606701 0.0246719 0.0302786 0.00105092
0 0.438888 0.110643 0.57993 0.220212 0.00103275
0 0.134345 0.46164 0.149166 0.251326 0.0010198
0 0.540824 0.676302 0.0538715 0.0965267 0.00100216
