0 0.715191 0.34586 0.174666 0.142462 0.689271
0 0.491779 0.538384 0.0692257 0.280248 0.568047
0 0.773217 0.579529 0.081846 0.0471299 0.14858
0 0.741962 0.364379 0.116421 0.0988064 0.127102
0 0.504687 0.506191 0.083222 0.375813 0.121784
0 0.675365 0.397686 0.0272244 0.0583962 0.0794173
0 0.500054 0.519127 0.160457 0.429542 0.0787862
0 0.753355 0.377746 0.0900094 0.0715535 0.0612299
0 0.703648 0.300899 0.145326 0.0383918 0.0382571
0 0.489849 0.582677 0.0550787 0.242222 0.0373508
0 0.700631 0.311609 0.157248 0.0597679 0.0365153
0 0.681801 0.389878 0.0428003 0.0785156 0.0302322
0 0.532981 0.383032 0.0258846 0.067385 0.0287159
0 0.47802 0.656479 0.0294295 0.0667482 0.0249138
0 0.476344 0.667026 0.0233651 0.0631509 0.0239378
0 0.729036 0.451655 0.190708 0.347495 0.0236461
0 0.713492 0.35418 0.0935896 0.152862 0.0231505
0 0.481508 0.61254 0.0352644 0.19282 0.0197645
0 0.697065 0.444935 0.0161537 0.0142013 0.0171649
0 0.756065 0.388552 0.0765275 0.0482885 0.0160993
0 0.501713 0.484821 0.0560529 0.261734 0.0157005
0 0.76292 0.567136 0.123312 0.106583 0.0140043
0 0.737705 0.374832 0.199536 0.170639 0.0138836
0 0.599571 0.502421 0.356635 0.414949 0.0134289
0 0.480578 0.64656 0.0306412 0.100228 0.0125128
0 0.770279 0.587619 0.0984187 0.0990508 0.0125117
0 0.0553691 0.350961 0.0233452 0.0136807 0.0124441
0 0.169785 0.797997 0.0126293 0.01695 0.0109359
0 0.731859 0.489937 0.150635 0.244269 0.0103571
0 0.115965 0.0936722 0.0111768 0.00951588 0.00959174
0 0.750275 0.351227 0.145388 0.134445 0.00906602
0 0.923484 0.793632 0.00784492 0.0126818 0.0089967
0 0.541066 0.638648 0.0106176 0.0159202 0.00818844
0 0.538895 0.359181 0.0138227 0.0268348 0.00730633
0 0.500691 0.528893 0.0449176 0.163852 0.00700798
0 0.481604 0.51906 0.0929981 0.374057 0.00663255
0 0.537524 0.366936 0.0153969 0.0473781 0.00650449
0 0.523897 0.511432 0.102138 0.320392 0.00619519
0 0.475848 0.672605 0.01621 0.0559656 0.00587426
0 0.195965 0.122505 0.0107321 0.00985956 0.00575388
0 0.921152 0.79416 0.00546646 0.015703 0.00561557
0 0.193061 0.121811 0.00779734 0.00696442 0.00555653
0 0.528136 0.388853 0.0237066 0.0780962 0.00530315
0 0.116858 0.0942269 0.0164082 0.0119775 0.00508426
0 0.725928 0.32225 0.173986 0.0862012 0.00499966
0 0.887079 0.303647 0.0131147 0.020121 0.00467876
0 0.53533 0.374958 0.0174739 0.0564031 0.0045345
0 0.677386 0.365006 0.0865295 0.121094 0.00426006
0 0.510522 0.441292 0.0643124 0.227164 0.00423158
0 0.704947 0.297431 0.0914864 0.0277859 0.00421183
0 0.769619 0.351469 0.265883 0.187861 0.00414931
0 0.656137 0.457492 0.360132 0.370715 0.00414255
0 0.923164 0.794108 0.0118097 0.020064 0.00400556
0 0.197276 0.121627 0.0190169 0.0124202 0.003982
0 0.681908 0.294375 0.122299 0.0275918 0.00383387
0 0.924318 0.798163 0.0088995 0.0199844 0.0037839
0 0.505679 0.502188 0.0387934 0.160891 0.00376045
0 0.473971 0.680676 0.0125763 0.0448886 0.00359868
0 0.547291 0.512352 0.181712 0.383975 0.00346463
0 0.73539 0.429632 0.123704 0.224034 0.00341891
0 0.745368 0.554093 0.208648 0.213328 0.00340586
0 0.756666 0.575502 0.101223 0.0543416 0.00338085
0 0.735464 0.538673 0.145118 0.135648 0.00329201
0 0.495561 0.556621 0.0367545 0.161845 0.00316204
0 0.66678 0.393841 0.0230763 0.0605598 0.00299513
0 0.542059 0.638201 0.0140504 0.0200582 0.00298967
0 0.166909 0.794921 0.012933 0.0159424 0.00297455
0 0.789925 0.593083 0.255404 0.242383 0.00288722
0 0.754885 0.378334 0.0605188 0.0614894 0.00264856
0 0.946586 0.561132 0.106829 0.062805 0.00258227
0 0.117521 0.097188 0.0117067 0.0142235 0.00249558
0 0.521236 0.485135 0.0722095 0.262166 0.00245099
0 0.983829 0.547548 0.0267494 0.0232786 0.00241247
0 0.118227 0.0981434 0.0166925 0.0180201 0.00236567
0 0.0536509 0.350944 0.0163858 0.0174146 0.00227441
0 0.776863 0.59317 0.0794223 0.0667107 0.00226696
0 0.491132 0.6073 0.0443683 0.176898 0.00223241
0 0.8517 0.56802 0.27409 0.0959558 0.00222748
0 0.167106 0.795891 0.0193122 0.0191343 0.00218966
0 0.925416 0.798062 0.0115629 0.0270756 0.00217567
0 0.464685 0.58849 0.163495 0.360171 0.00215362
0 0.362257 0.455286 0.0116702 0.0125516 0.0021401
0 0.443365 0.532657 0.192123 0.373685 0.00210684
0 0.771661 0.747764 0.0117121 0.0107231 0.00208459
0 0.171599 0.797248 0.0180315 0.0203768 0.00203981
0 0.498129 0.495742 0.0422504 0.129581 0.00202978
0 0.51964 0.412682 0.0494304 0.157085 0.00202403
0 0.655483 0.297642 0.0800251 0.0210542 0.00200125
0 0.487435 0.559966 0.0518291 0.132303 0.00199406
0 0.530742 0.399255 0.0308437 0.106816 0.00193591
0 0.134522 0.313007 0.0113282 0.011347 0.0018977
0 0.488164 0.628188 0.0840055 0.380717 0.00182268
0 0.541194 0.384676 0.0322515 0.062316 0.00180125
0 0.926661 0.561356 0.146679 0.0788445 0.00167416
0 0.670743 0.300937 0.113253 0.0300117 0.00164971
0 0.978741 0.551119 0.0352964 0.0333307 0.00162303
0 0.685875 0.348728 0.122686 0.126041 0.00158252
0 0.132416 0.311714 0.00815165 0.0194403 0.00155666
0 0.743022 0.396202 0.126869 0.120363 0.00154409
0 0.695094 0.441843 0.0149865 0.0232188 0.00150021
0 0.676298 0.38822 0.138574 0.186308 0.00148155
0 0.647789 0.596318 0.473733 0.531519 0.00147958
0 0.645164 0.300745 0.0681868 0.0168017 0.00140042
0 0.0123664 0.593754 0.010246 0.0348212 0.00138635
0 0.478197 0.644589 0.0218925 0.0585831 0.00136818
0 0.769203 0.564396 0.0987175 0.0767332 0.00135905
0 0.19802 0.123253 0.00986805 0.0112474 0.00132321
0 0.694426 0.442276 0.0248242 0.045989 0.00129852
0 0.771968 0.749521 0.0124586 0.0177212 0.00125549
0 0.473559 0.470718 0.162132 0.385042 0.00124789
0 0.0155594 0.591712 0.0176082 0.0237214 0.00122073
0 0.846626 0.555394 0.306748 0.18481 0.00119296
0 0.710841 0.440351 0.080621 0.116393 0.00118923
0 0.485073 0.624748 0.0279337 0.126641 0.00113003
0 0.253175 0.219317 0.0164627 0.0164516 0.0011215
0 0.616336 0.362894 0.35313 0.267899 0.00111771
0 0.743843 0.824832 0.00947437 0.0107555 0.00110791
0 0.518456 0.441346 0.0244861 0.114954 0.00110086
0 0.796133 0.583125 0.1209 0.0601375 0.00108042
0 0.746311 0.826528 0.0117638 0.0119549 0.00107996
0 0.706051 0.290705 0.137387 0.0274674 0.00107345
0 0.672465 0.374135 0.0339421 0.118302 0.00107334
0 0.545975 0.509697 0.14159 0.252003 0.00102505
0 0.768515 0.367192 0.110172 0.100425 0.00102022
0 0.724367 0.301636 0.161629 0.0576052 0.00100985
0 0.747773 0.368061 0.0600637 0.063898 0.00100983
0 0.542995 0.387248 0.0414679 0.0907992 0.00100461
