0 0.50037 0.499691 0.0457298 0.0205318 0.565916
0 0.487959 0.498631 0.049742 0.0224413 0.105182
0 0.495532 0.500261 0.0627151 0.0318604 0.0617905
0 0.493823 0.505552 0.063783 0.0615079 0.0389307
0 0.50244 0.498299 0.0615981 0.0485237 0.0353851
0 0.495415 0.50906 0.0592256 0.0342545 0.0311942
0 0.495411 0.489689 0.0311606 0.0259977 0.0260425
0 0.508961 0.501435 0.0466803 0.0225613 0.0228748
0 0.475524 0.503607 0.0195585 0.0156123 0.0216339
0 0.747142 0.228858 0.013913 0.0180324 0.0185355
0 0.726793 0.238467 0.010095 0.0153408 0.0107354
0 0.549968 0.00316987 0.0175336 0.00633974 0.00882694
0 0.489546 0.488067 0.0269385 0.0231441 0.00839308
0 0.439826 0.00502132 0.01173 0.00834911 0.00768944
0 0.731016 0.237711 0.0105287 0.0173164 0.006937
0 0.48012 0.503691 0.041117 0.0235325 0.00625218
0 0.727129 0.237542 0.0153375 0.0185608 0.00467632
0 0.497218 0.506106 0.0968881 0.0876393 0.00436683
0 0.493103 0.518636 0.0672684 0.0465255 0.00428399
0 0.337298 0.274178 0.0118614 0.0139863 0.00409508
0 0.450822 0.759432 0.0235178 0.0268912 0.00379007
0 0.551557 0.0046086 0.0189192 0.00921721 0.00376115
0 0.730623 0.23602 0.0166213 0.0219905 0.0037174
0 0.992141 0.575214 0.0098856 0.0167963 0.00341227
0 0.43959 0.00549089 0.0139442 0.0109818 0.00327273
0 0.055945 0.527603 0.012915 0.0167417 0.00315496
0 0.463253 0.755813 0.0353392 0.0337114 0.00311768
0 0.339994 0.275514 0.00873256 0.0154503 0.00306359
0 0.747595 0.228345 0.0107013 0.0138977 0.00295818
0 0.518853 0.496445 0.0726542 0.0322789 0.00281964
0 0.336817 0.271845 0.0152733 0.0204594 0.00263816
0 0.741831 0.237569 0.0255247 0.027937 0.00262349
0 0.338959 0.275515 0.0134331 0.0188921 0.00258808
0 0.520277 0.504309 0.0852997 0.0320258 0.0025229
0 0.512785 0.509705 0.0896378 0.0459446 0.00251424
0 0.747622 0.234021 0.0171068 0.0251792 0.00248416
0 0.793013 0.0113317 0.00995178 0.0131198 0.00242885
0 0.442664 0.00499279 0.0132689 0.00998558 0.00227035
0 0.553669 0.00395711 0.0174203 0.00791423 0.00211636
0 0.455003 0.754032 0.0260427 0.0248881 0.00195839
0 0.873884 0.383246 0.0517572 0.0331061 0.00193563
0 0.756135 0.022093 0.475383 0.044186 0.00193393
0 0.454952 0.756265 0.0156723 0.0299972 0.00191504
0 0.336878 0.277735 0.0128044 0.0167904 0.00184277
0 0.993016 0.57289 0.0129612 0.0213052 0.00181331
0 0.502324 0.478894 0.11835 0.123115 0.00172606
0 0.504138 0.520988 0.0757857 0.0594835 0.00169858
0 0.493317 0.497794 0.23171 0.291869 0.00164697
0 0.982489 0.00607952 0.0350214 0.0106634 0.00151484
0 0.0689754 0.00488912 0.0193011 0.00886339 0.00148411
0 0.98093 0.906107 0.019726 0.0363506 0.00147571
0 0.538121 0.406376 0.118074 0.208339 0.00138873
0 0.0558515 0.526169 0.0196043 0.0170237 0.00136281
0 0.794783 0.0102206 0.0163101 0.0164831 0.00133445
0 0.880447 0.383689 0.0741823 0.0412212 0.00132448
0 0.983803 0.906299 0.0178883 0.022497 0.0013193
0 0.286661 0.622531 0.0444833 0.149139 0.00125154
0 0.491573 0.481076 0.0484962 0.0440022 0.0012203
0 0.745815 0.227237 0.0206059 0.0286797 0.00120192
0 0.442128 0.00331773 0.0169675 0.00663547 0.00118427
0 0.0703684 0.00586657 0.0256978 0.0117331 0.00115938
0 0.475692 0.5102 0.0375864 0.0304793 0.00114149
0 0.455201 0.755988 0.0221434 0.0494524 0.00111858
0 0.757693 0.0390539 0.447249 0.0781079 0.00110702
0 0.0546076 0.353572 0.0929247 0.072583 0.00109416
0 0.832928 0.265408 0.0237123 0.0453576 0.00106202
0 0.753369 0.237196 0.0181275 0.0280315 0.00105964
0 0.44796 0.757743 0.0329257 0.034944 0.00104239
0 0.968212 0.0540961 0.0635756 0.108192 0.00103989
0 0.97282 0.00703175 0.0431374 0.0140635 0.00102827
0 0.636705 0.0304805 0.049794 0.0456412 0.00102534
0 0.746181 0.060967 0.507637 0.121934 0.0010212
0 0.282105 0.629061 0.0579535 0.0888437 0.00100974
0 0.514859 0.489168 0.0555665 0.035962 0.00100143
