0 0.49524 0.503731 0.0791595 0.152257 0.655374
0 0.488058 0.491384 0.0581855 0.111749 0.414316
0 0.517452 0.527381 0.0343373 0.133885 0.252458
0 0.524823 0.532754 0.0322462 0.118042 0.197175
0 0.500461 0.506851 0.16542 0.202738 0.0953673
0 0.524047 0.532039 0.0308527 0.0717711 0.0361621
0 0.508949 0.527578 0.0600213 0.139884 0.0237199
0 0.484234 0.486776 0.0518608 0.0659107 0.0195284
0 0.488892 0.517594 0.0497883 0.118514 0.0130763
0 0.476993 0.50552 0.045234 0.107626 0.0119922
0 0.517893 0.510317 0.0530393 0.127744 0.00602937
0 0.496656 0.538179 0.0585419 0.107321 0.00560212
0 0.520676 0.518178 0.0387836 0.0684669 0.00528621
0 0.523478 0.552648 0.0271429 0.0918695 0.00424166
0 0.495932 0.474073 0.0702682 0.0864623 0.00295572
0 0.491107 0.49705 0.0567013 0.0651659 0.00274913
0 0.474827 0.502327 0.0381436 0.061451 0.00270101
0 0.325287 0.0937338 0.0166562 0.0309404 0.00262318
0 0.497013 0.547697 0.0749547 0.158279 0.00248217
0 0.965901 0.80445 0.00965652 0.0110508 0.00244924
0 0.476571 0.148523 0.0139108 0.0172194 0.00239604
0 0.474585 0.482589 0.0376222 0.0622281 0.00237326
0 0.965632 0.806872 0.013797 0.0134829 0.00220386
0 0.47842 0.471202 0.0413105 0.0690828 0.00218223
0 0.466405 0.493684 0.029493 0.0793642 0.00217399
0 0.280211 0.608348 0.119059 0.132126 0.00210611
0 0.324724 0.0882278 0.0138578 0.0277266 0.00209043
0 0.491506 0.460063 0.0460028 0.0514275 0.0018634
0 0.801233 0.956614 0.117869 0.061433 0.00180512
0 0.9469 0.964402 0.0754684 0.0468904 0.0017795
0 0.92187 0.0132195 0.0192944 0.0104038 0.00172631
0 0.475048 0.147842 0.0189749 0.0273714 0.00171312
0 0.485885 0.514172 0.0504069 0.0584085 0.00166463
0 0.922262 0.0146113 0.0139984 0.0114436 0.00159009
0 0.480809 0.445189 0.0306607 0.0249735 0.00157971
0 0.487377 0.539061 0.0447795 0.0857583 0.00141898
0 0.923152 0.0133819 0.0270838 0.0145238 0.00131879
0 0.481631 0.453015 0.0366274 0.0392109 0.00131768
0 0.319915 0.0889027 0.00742826 0.0316092 0.00129879
0 0.322066 0.0914684 0.0070436 0.0315715 0.00114048
0 0.477883 0.528983 0.0440542 0.0895184 0.00114024
0 0.473023 0.443456 0.0159637 0.0226696 0.00112657
0 0.520882 0.564271 0.0267543 0.0647122 0.00110327
0 0.475627 0.515047 0.0339462 0.0557343 0.00107858
0 0.524152 0.505653 0.0352776 0.0641431 0.00107004
0 0.522868 0.500264 0.0796246 0.144706 0.0010311
