0 0.492372 0.45047 0.211428 0.382176 0.735981
0 0.498708 0.461896 0.172064 0.257584 0.191887
0 0.494605 0.543294 0.240984 0.591677 0.0465912
0 0.516446 0.386178 0.16209 0.26414 0.0377356
0 0.46579 0.577905 0.1678 0.3448 0.0184317
0 0.584578 0.552866 0.416098 0.571043 0.0168456
0 0.48357 0.648049 0.204149 0.453561 0.0148837
0 0.542753 0.812438 0.036281 0.0794712 0.013739
0 0.0958754 0.113786 0.011297 0.0132814 0.0127744
0 0.461317 0.561438 0.140272 0.208381 0.0113191
0 0.264599 0.983685 0.0113909 0.0162909 0.00941632
0 0.503347 0.373431 0.214635 0.340168 0.00825112
0 0.373774 0.0514867 0.0139531 0.00939403 0.00796957
0 0.544086 0.819798 0.0254828 0.056506 0.00741347
0 0.442753 0.565326 0.0929007 0.177669 0.00707293
0 0.533924 0.795635 0.0558248 0.122586 0.00656144
0 0.482319 0.50822 0.169309 0.235564 0.00625545
0 0.537314 0.647766 0.334037 0.605109 0.00563628
0 0.501536 0.760366 0.138616 0.222425 0.00538391
0 0.567773 0.456091 0.355088 0.402453 0.00485255
0 0.423549 0.449842 0.340555 0.400406 0.00475825
0 0.096961 0.111786 0.0154887 0.0163898 0.00466647
0 0.405726 0.406179 0.526029 0.505345 0.00464432
0 0.534563 0.350413 0.130925 0.216491 0.0043971
0 0.354879 0.554287 0.58823 0.594696 0.00426254
0 0.528838 0.460415 0.152696 0.31117 0.0042433
0 0.64241 0.508144 0.61399 0.503076 0.00402648
0 0.425686 0.578426 0.0827032 0.155493 0.00399913
0 0.52041 0.783915 0.0768312 0.147136 0.00390742
0 0.480142 0.693643 0.165784 0.326814 0.00386468
0 0.266279 0.983036 0.0166531 0.019536 0.00334165
0 0.265781 0.986469 0.012641 0.0154402 0.00324996
0 0.430429 0.55905 0.134558 0.330264 0.00308598
0 0.43039 0.486468 0.211096 0.346894 0.00305344
0 0.152306 0.188903 0.0127061 0.0123318 0.00267552
0 0.468136 0.756808 0.215905 0.286413 0.00245844
0 0.153711 0.191848 0.015321 0.0117256 0.00232949
0 0.372555 0.0533704 0.0152452 0.011012 0.00232903
0 0.536379 0.808728 0.0359732 0.0662945 0.00219427
0 0.648679 0.636808 0.584455 0.5085 0.00205011
0 0.775933 0.731271 0.0112947 0.00775652 0.00195417
0 0.425462 0.57921 0.0989646 0.223323 0.00175405
0 0.794745 0.968681 0.0229263 0.0191742 0.00167433
0 0.53396 0.79897 0.0383323 0.10328 0.00161578
0 0.446734 0.463667 0.133589 0.291973 0.00159427
0 0.413248 0.703859 0.377921 0.328241 0.00145582
0 0.512879 0.858697 0.016029 0.0149467 0.00139421
0 0.472581 0.365207 0.301314 0.409552 0.00139334
0 0.775191 0.732025 0.0155259 0.00550947 0.00137681
0 0.41448 0.553786 0.305463 0.439864 0.00132031
0 0.437644 0.662104 0.0146457 0.0209567 0.00128549
0 0.46601 0.565917 0.135506 0.132724 0.00126185
0 0.0992616 0.114586 0.0113328 0.0141969 0.00124129
0 0.350311 0.924559 0.0118049 0.00823841 0.00123347
0 0.497639 0.316592 0.4019 0.54029 0.00119452
0 0.511077 0.857731 0.0113566 0.0219809 0.00115345
0 0.499859 0.79079 0.189824 0.226392 0.00115037
0 0.546416 0.435237 0.211462 0.382285 0.00107681
0 0.477475 0.604793 0.13502 0.247897 0.00104279
0 0.132247 0.156547 0.0909235 0.0820511 0.00102527
