0 0.0453467 0.0857935 0.0854613 0.159298 0.318946
0 0.120955 0.192224 0.101083 0.111679 0.257537
0 0.642973 0.541748 0.186808 0.683816 0.184715
0 0.607242 0.498942 0.123481 0.648945 0.10335
0 0.595664 0.386094 0.0961998 0.361632 0.0499531
0 0.528799 0.184153 0.0807278 0.0691799 0.0415496
0 0.135229 0.188604 0.140717 0.136924 0.0399496
0 0.07048 0.0966344 0.14096 0.193269 0.0398939
0 0.660468 0.65539 0.243685 0.640396 0.0309568
0 0.168318 0.203217 0.209916 0.143695 0.0308357
0 0.659387 0.697058 0.22408 0.416332 0.0266352
0 0.514286 0.17916 0.109007 0.089207 0.0236865
0 0.105523 0.195481 0.179948 0.170076 0.0233411
0 0.0518614 0.11708 0.103723 0.20703 0.0173255
0 0.588795 0.489646 0.112432 0.491578 0.0168842
0 0.682581 0.548369 0.231327 0.492106 0.01596
0 0.687572 0.789657 0.273847 0.420685 0.0151751
0 0.678259 0.763751 0.220622 0.300304 0.0151387
0 0.569023 0.551501 0.237067 0.688548 0.0145056
0 0.140073 0.1744 0.24486 0.200764 0.0115567
0 0.25376 0.213505 0.0226934 0.048664 0.0114376
0 0.956413 0.960027 0.0593269 0.0653427 0.010875
0 0.59129 0.314223 0.102163 0.239588 0.0105917
0 0.0758144 0.0905167 0.151629 0.157812 0.00939536
0 0.402849 0.661477 0.0218747 0.0156859 0.00888943
0 0.140992 0.19938 0.0849562 0.112039 0.00766571
0 0.103854 0.113578 0.207078 0.225888 0.00712298
0 0.252444 0.198639 0.0166296 0.0205758 0.00696092
0 0.115074 0.210288 0.134822 0.135318 0.0068804
0 0.567835 0.451085 0.17941 0.586201 0.00682737
0 0.62414 0.639422 0.152823 0.598614 0.00591086
0 0.595373 0.350267 0.183954 0.35141 0.00494711
0 0.546404 0.184601 0.0797861 0.0619771 0.00447169
0 0.504924 0.504618 0.384139 0.67071 0.00437745
0 0.251777 0.225564 0.0276415 0.0649561 0.00429027
0 0.250188 0.2046 0.019877 0.038108 0.00413091
0 0.662111 0.75779 0.17143 0.227282 0.00400197
0 0.0348221 0.961249 0.0519767 0.0625099 0.0038943
0 0.587346 0.380866 0.0862444 0.250137 0.00338339
0 0.58191 0.585435 0.158779 0.464846 0.00335612
0 0.731433 0.705891 0.340842 0.445711 0.00293907
0 0.652079 0.684092 0.158584 0.244833 0.00286938
0 0.133783 0.279662 0.208286 0.31109 0.0027904
0 0.750998 0.829537 0.440475 0.340927 0.00268937
0 0.498665 0.163505 0.202524 0.177511 0.00267844
0 0.128606 0.176723 0.0741242 0.0822577 0.00262859
0 0.626681 0.687957 0.137502 0.379613 0.00261129
0 0.911074 0.960005 0.0671864 0.055932 0.00250696
0 0.33976 0.0806024 0.0173352 0.0164372 0.00235623
0 0.728356 0.0251591 0.0106781 0.0153803 0.00229661
0 0.606999 0.462334 0.0867471 0.318943 0.00229626
0 0.118077 0.187152 0.0584871 0.0706816 0.00228988
0 0.0283503 0.0212894 0.0481484 0.0373492 0.00214967
0 0.163053 0.584594 0.0867092 0.0696716 0.00210445
0 0.251639 0.203214 0.0197192 0.0255872 0.00203642
0 0.521446 0.177368 0.0569724 0.064925 0.00202417
0 0.0320931 0.0420932 0.0641862 0.0841865 0.002012
0 0.595151 0.220628 0.0259197 0.0337825 0.00198083
0 0.545249 0.307825 0.169607 0.279636 0.00185472
0 0.0577515 0.0806378 0.115503 0.161276 0.00184796
0 0.622295 0.399511 0.189328 0.537388 0.00183043
0 0.10591 0.139061 0.1336 0.229453 0.00181853
0 0.728821 0.0243223 0.0094698 0.00973181 0.00179455
0 0.181557 0.571148 0.13077 0.113502 0.0017479
0 0.489004 0.186348 0.146163 0.106305 0.00173277
0 0.101323 0.192569 0.0752618 0.0910385 0.00172703
0 0.172536 0.602856 0.0943871 0.0755875 0.00167094
0 0.0286762 0.0142508 0.0452002 0.0239844 0.00165642
0 0.536442 0.193362 0.238125 0.210597 0.00165211
0 0.123538 0.211391 0.0809013 0.0962381 0.00160162
0 0.605951 0.530062 0.041593 0.256966 0.00159973
0 0.0869011 0.28219 0.160193 0.318889 0.00150063
0 0.0818503 0.195432 0.163701 0.212701 0.00148767
0 0.251073 0.226218 0.0370399 0.0851663 0.0014484
0 0.936153 0.638758 0.0962383 0.0837689 0.00144341
0 0.132159 0.14866 0.165233 0.158081 0.00144055
0 0.62008 0.554502 0.0538887 0.260658 0.00139433
0 0.158386 0.591462 0.0741888 0.0417359 0.00138188
0 0.165752 0.205772 0.152897 0.115586 0.00137594
0 0.512759 0.252777 0.15858 0.241083 0.00136665
0 0.539177 0.176866 0.0567493 0.0612727 0.00128785
0 0.598234 0.479234 0.0503448 0.258399 0.00125276
0 0.257945 0.565828 0.312709 0.229081 0.00122227
0 0.0737413 0.190031 0.137992 0.115252 0.00118551
0 0.0287397 0.0298995 0.0513525 0.0597991 0.00114763
0 0.534216 0.231237 0.127857 0.184909 0.00114506
0 0.51359 0.495528 0.312002 0.478286 0.00112147
0 0.726863 0.0234184 0.0155925 0.0179279 0.00111754
0 0.733257 0.555299 0.373463 0.686505 0.00110724
0 0.500356 0.35478 0.361853 0.489018 0.00109997
0 0.493208 0.276847 0.208329 0.337035 0.00108398
0 0.144123 0.34937 0.270721 0.420381 0.0010741
0 0.627163 0.558293 0.104642 0.299814 0.00106352
0 0.524654 0.199906 0.0934855 0.103337 0.00105744
0 0.598574 0.367303 0.0785628 0.145267 0.00102416
0 0.0670304 0.354606 0.0852902 0.114682 0.00101949
0 0.55984 0.648068 0.355202 0.665534 0.0010172
0 0.48751 0.144577 0.0218819 0.0252387 0.00101665
0 0.0398642 0.959266 0.0722935 0.0814672 0.00100382
