0 0.183594 0.157812 0.023438 0.025000
0 0.032031 0.193750 0.026562 0.025000
0 0.127344 0.171094 0.035937 0.020313
0 0.108594 0.110937 0.017188 0.012500
0 0.342969 0.437500 0.042188 0.015625
0 0.214062 0.345313 0.034375 0.018750
0 0.675781 0.020313 0.017188 0.018750
0 0.036719 0.128906 0.026562 0.032813
0 0.541406 0.259375 0.029687 0.021875
0 0.764062 0.227344 0.028125 0.026562
0 0.862500 0.077344 0.015625 0.014063
0 0.931250 0.148438 0.025000 0.018750
0 0.478125 0.193750 0.025000 0.040625
0 0.331250 0.007031 0.021875 0.010937
0 0.294531 0.351562 0.039062 0.018750
0 0.306250 0.384375 0.037500 0.021875
