0 0.085938 0.897656 0.050000 0.076563
0 0.013281 0.539062 0.023438 0.034375
0 0.036719 0.629687 0.048438 0.043750
0 0.098437 0.532031 0.025000 0.029687
0 0.328125 0.716406 0.084375 0.095312
0 0.367969 0.945312 0.051562 0.043750
0 0.085938 0.897656 0.050000 0.076563
0 0.708594 0.686719 0.076563 0.064062
0 0.407813 0.552344 0.043750 0.035937
0 0.171094 0.646094 0.045312 0.039062
0 0.490625 0.785156 0.037500 0.032813
0 0.457031 0.860938 0.079687 0.059375
0 0.621875 0.828125 0.053125 0.090625
0 0.318750 0.626563 0.046875 0.040625
0 0.413281 0.847656 0.082812 0.051562
0 0.827344 0.975781 0.048438 0.048438
