0 0.607031 0.007812 0.017188 0.012500
0 0.278906 0.500781 0.217188 0.179688
0 0.816406 0.470313 0.020313 0.021875
0 0.685156 0.181250 0.020313 0.028125
0 0.794531 0.394531 0.017188 0.029687
0 0.592969 0.146094 0.042188 0.082812
0 0.705469 0.426563 0.117188 0.250000
0 0.646875 0.238281 0.078125 0.101562
0 0.082812 0.450781 0.162500 0.095312
0 0.607031 0.007812 0.017188 0.012500
0 0.520312 0.574219 0.231250 0.135937
0 0.888281 0.332031 0.010937 0.014063
0 0.983594 0.418750 0.020313 0.018750
0 0.667969 0.040625 0.026562 0.028125
