0 0.485156 0.839063 0.020313 0.046875
0 0.545312 0.180469 0.034375 0.032813
0 0.257031 0.543750 0.020313 0.040625
0 0.429688 0.175000 0.043750 0.034375
0 0.489063 0.197656 0.056250 0.064062
0 0.336719 0.221094 0.026562 0.045312
0 0.229687 0.248438 0.021875 0.056250
0 0.353906 0.594531 0.023438 0.032813
0 0.167187 0.392969 0.056250 0.042188
0 0.448437 0.740625 0.025000 0.046875
0 0.321875 0.578906 0.028125 0.042188
0 0.460938 0.792188 0.031250 0.046875
0 0.202344 0.358594 0.014063 0.029687
0 0.156250 0.453125 0.046875 0.075000
