0 0.444531 0.687500 0.057813 0.031250
0 0.861719 0.446094 0.045312 0.029687
0 0.905469 0.434375 0.014063 0.009375
0 0.722656 0.544531 0.076563 0.042188
0 0.492188 0.594531 0.018750 0.026562
0 0.431250 0.651563 0.028125 0.034375
0 0.481250 0.581250 0.012500 0.006250
0 0.653125 0.596094 0.081250 0.035937
0 0.264062 0.767969 0.025000 0.020313
0 0.310156 0.172656 0.092188 0.117188
0 0.267969 0.860938 0.064062 0.037500
0 0.437500 0.230469 0.084375 0.054688
0 0.735156 0.925000 0.054688 0.065625
0 0.982031 0.976562 0.035937 0.046875
0 0.735938 0.920312 0.056250 0.075000
