0 0.294531 0.875781 0.007812 0.014063
0 0.527344 0.942969 0.014063 0.051562
0 0.476562 0.989062 0.018750 0.021875
0 0.443750 0.989062 0.012500 0.021875
0 0.151562 0.739062 0.003125 0.009375
0 0.168750 0.817969 0.018750 0.014063
0 0.164062 0.706250 0.006250 0.009375
0 0.317969 0.793750 0.007812 0.015625
0 0.381250 0.718750 0.012500 0.012500
0 0.052344 0.857031 0.017188 0.014063
0 0.086719 0.642188 0.010937 0.018750
0 0.193750 0.642188 0.015625 0.015625
0 0.215625 0.932031 0.012500 0.010937
0 0.257031 0.610938 0.017188 0.096875
0 0.343750 0.916406 0.028125 0.085938
0 0.331250 0.858594 0.025000 0.070312
0 0.151562 0.739062 0.003125 0.009375
0 0.164062 0.706250 0.006250 0.009375
0 0.016406 0.353906 0.023438 0.032813
0 0.357812 0.762500 0.018750 0.021875
0 0.010937 0.773438 0.018750 0.056250
0 0.167187 0.206250 0.025000 0.028125
0 0.138281 0.076563 0.014063 0.021875
0 0.065625 0.012500 0.018750 0.018750
