0 0.779152 0.386484 0.015901 0.020318
0 0.687942 0.487853 0.044611 0.079064
0 0.412102 0.470848 0.037102 0.057420
0 0.667403 0.863295 0.017668 0.016343
0 0.035777 0.816917 0.030035 0.039311
0 0.044390 0.799249 0.016343 0.023410
0 0.011042 0.761042 0.009717 0.019435
0 0.021422 0.610424 0.021643 0.038869
0 0.070671 0.465106 0.056537 0.138693
0 0.297482 0.214002 0.103799 0.211572
0 0.263693 0.342094 0.023852 0.041961
0 0.294390 0.375663 0.054329 0.027827
0 0.298145 0.407023 0.016784 0.016343
0 0.266122 0.428224 0.028710 0.021643
0 0.248675 0.452518 0.018551 0.014576
0 0.220186 0.453622 0.026943 0.012367
0 0.177562 0.498675 0.011484 0.018551
0 0.184187 0.488737 0.016784 0.023410
0 0.199205 0.417403 0.013251 0.020318
0 0.169611 0.304549 0.012367 0.022527
0 0.120141 0.383171 0.011484 0.019876
0 0.010159 0.650618 0.019435 0.041519
0 0.021864 0.689708 0.012809 0.012809
0 0.005963 0.698322 0.011042 0.017668
