0 0.347656 0.109375 0.017188 0.012500
0 0.585938 0.026562 0.025000 0.050000
0 0.453906 0.321094 0.045312 0.045312
0 0.585938 0.329688 0.043750 0.053125
0 0.264062 0.249219 0.062500 0.067187
0 0.007812 0.205469 0.012500 0.057813
0 0.888281 0.516406 0.060937 0.085938
0 0.314844 0.189062 0.032813 0.034375
0 0.037500 0.325781 0.071875 0.082812
0 0.182812 0.068750 0.043750 0.046875
0 0.813281 0.156250 0.035937 0.043750
0 0.011719 0.009375 0.010937 0.015625
0 0.842187 0.250000 0.056250 0.046875
0 0.900000 0.150000 0.034375 0.037500
0 0.751563 0.378125 0.034375 0.043750
0 0.971094 0.261719 0.048438 0.045312
